0 0.36796875 0.5260416666666666 0.3140625 0.9479166666666666
0 0.57890625 0.46458333333333335 0.1015625 0.37916666666666665
0 0.2296875 0.465625 0.090625 0.3229166666666667
0 0.6859375 0.4864583333333333 0.059375 0.26458333333333334
0 0.125 0.46770833333333334 0.071875 0.18541666666666667
0 0.75625 0.48854166666666665 0.09375 0.3854166666666667
0 0.1375 0.48020833333333335 0.084375 0.21041666666666667
0 0.81640625 0.4625 0.0609375 0.32916666666666666
0 0.603125 0.43854166666666666 0.084375 0.19375
0 0.90546875 0.565625 0.1890625 0.7729166666666667
0 0.90625 0.5 0.1875 1