0 0.94609375 0.5 0.1078125 1
0 0.4921875 0.503125 0.078125 0.33541666666666664
0 0.41328125 0.503125 0.0796875 0.3145833333333333
0 0.1625 0.49166666666666664 0.1875 0.6791666666666667
0 0.28359375 0.5114583333333333 0.0390625 0.11875
0 0.73828125 0.509375 0.0515625 0.18958333333333333
0 0.71953125 0.5052083333333334 0.0484375 0.16458333333333333
0 0.84140625 0.51875 0.1109375 0.35
0 0.03828125 0.5072916666666667 0.0765625 0.6145833333333334
0 0.6421875 0.5041666666666667 0.01875 0.075
0 0.6625 0.5052083333333334 0.01875 0.07291666666666667