0 0.90859375 0.5 0.1828125 1
0 0.48515625 0.49895833333333334 0.0859375 0.33125
0 0.40234375 0.48854166666666665 0.0796875 0.33125
0 0.1609375 0.49166666666666664 0.19375 0.6583333333333333
0 0.29765625 0.49895833333333334 0.0421875 0.11458333333333333
0 0.74453125 0.49375 0.0484375 0.1875
0 0.71953125 0.49583333333333335 0.0453125 0.17083333333333334
0 0.8484375 0.51875 0.096875 0.3541666666666667
0 0.03671875 0.4947916666666667 0.0734375 0.6145833333333334
0 0.65 0.5041666666666667 0.01875 0.075
0 0.66875 0.5052083333333334 0.01875 0.07291666666666667