0 0.2921875 0.5520833333333334 0.3 0.8958333333333334
0 0.25078125 0.5 0.3390625 1
0 0.92890625 0.5 0.1421875 1
0 0.6640625 0.490625 0.053125 0.23958333333333334
0 0.7765625 0.51875 0.109375 0.3541666666666667
0 0.421875 0.5145833333333333 0.078125 0.2708333333333333
0 0.6328125 0.49166666666666664 0.071875 0.31666666666666665
0 0.50703125 0.4979166666666667 0.0953125 0.35
0 0.45546875 0.484375 0.0921875 0.3229166666666667
0 0.56875 0.5291666666666667 0.08125 0.2625
0 0.06484375 0.47708333333333336 0.1171875 0.3625
0 0.8875 0.5177083333333333 0.171875 0.5270833333333333