0 0.296875 0.5416666666666666 0.30625 0.9166666666666666
0 0.31015625 0.5 0.3078125 1
0 0.9203125 0.5 0.159375 1
0 0.6609375 0.48854166666666665 0.05625 0.24375
0 0.103125 0.496875 0.18125 0.6354166666666666
0 0.7640625 0.51875 0.103125 0.3541666666666667
0 0.6265625 0.49166666666666664 0.078125 0.3125
0 0.50703125 0.4979166666666667 0.0984375 0.3541666666666667
0 0.5609375 0.5239583333333333 0.084375 0.26458333333333334
0 0.06328125 0.47708333333333336 0.1109375 0.37083333333333335
0 0.88984375 0.5166666666666667 0.1640625 0.5208333333333334