0 0.3265625 0.5479166666666667 0.275 0.9041666666666667
0 0.7640625 0.48333333333333334 0.0625 0.25
0 0.82890625 0.5114583333333333 0.1140625 0.36041666666666666
0 0.44140625 0.5083333333333333 0.0796875 0.2833333333333333
0 0.6625 0.49375 0.121875 0.30833333333333335
0 0.54375 0.490625 0.11875 0.35208333333333336
0 0.41953125 0.46979166666666666 0.0953125 0.34375
0 0.59765625 0.5208333333333334 0.0734375 0.275
0 0.23203125 0.5385416666666667 0.1484375 0.6479166666666667
0 0.09375 0.47708333333333336 0.096875 0.3625
0 0.878125 0.5302083333333333 0.203125 0.5770833333333333