0 0.9265625 0.5 0.146875 1
0 0.48828125 0.5020833333333333 0.0828125 0.3333333333333333
0 0.40703125 0.4947916666666667 0.0796875 0.3229166666666667
0 0.1609375 0.49270833333333336 0.190625 0.66875
0 0.290625 0.509375 0.0375 0.11458333333333333
0 0.740625 0.5 0.05 0.1875
0 0.71875 0.5010416666666667 0.046875 0.16875
0 0.8453125 0.51875 0.103125 0.3541666666666667
0 0.03125 0.49375 0.0625 0.6125
0 0.6453125 0.5041666666666667 0.01875 0.075
0 0.665625 0.5052083333333334 0.01875 0.07291666666666667