0 0.62109375 0.5041666666666667 0.1453125 0.5708333333333333
0 0.56875 0.46875 0.05625 0.24166666666666667
0 0.07109375 0.4510416666666667 0.0390625 0.19791666666666666
0 0.1359375 0.44895833333333335 0.06875 0.24375
0 0.09453125 0.46979166666666666 0.0765625 0.28541666666666665
0 0.2515625 0.4635416666666667 0.09375 0.3854166666666667
0 0.515625 0.453125 0.034375 0.13541666666666666
0 0.76171875 0.49895833333333334 0.3078125 0.9020833333333333
0 0.37734375 0.46875 0.0890625 0.3958333333333333
0 0.18828125 0.45208333333333334 0.0609375 0.20833333333333334
0 0.88125 0.5 0.2375 1
0 0.4265625 0.5052083333333334 0.18125 0.5729166666666666
0 0.31015625 0.4510416666666667 0.0328125 0.09791666666666667