0 0.61328125 0.509375 0.1484375 0.58125
0 0.07265625 0.45 0.0359375 0.19583333333333333
0 0.13046875 0.44583333333333336 0.0703125 0.24166666666666667
0 0.1 0.4666666666666667 0.071875 0.2833333333333333
0 0.25546875 0.46458333333333335 0.0921875 0.37083333333333335
0 0.5125 0.4510416666666667 0.0375 0.13541666666666666
0 0.78125 0.4947916666666667 0.325 0.8854166666666666
0 0.1765625 0.45208333333333334 0.05625 0.20416666666666666
0 0.8796875 0.5 0.240625 1
0 0.4046875 0.49583333333333335 0.1875 0.575
0 0.30390625 0.446875 0.0328125 0.09791666666666667