0 0.60546875 0.5125 0.1515625 0.5916666666666667
0 0.07421875 0.4479166666666667 0.0328125 0.19583333333333333
0 0.12578125 0.44375 0.0703125 0.24166666666666667
0 0.1078125 0.46145833333333336 0.06875 0.28125
0 0.25703125 0.46458333333333335 0.0890625 0.35833333333333334
0 0.50859375 0.45 0.0390625 0.13333333333333333
0 0.803125 0.4875 0.340625 0.8708333333333333
0 0.16796875 0.4510416666666667 0.0515625 0.20208333333333334
0 0.87890625 0.5 0.2421875 1
0 0.40546875 0.49375 0.1828125 0.5833333333333334
0 0.29765625 0.44479166666666664 0.0328125 0.09791666666666667