0 0.6359375 0.49583333333333335 0.1375 0.55
0 0.5671875 0.46979166666666666 0.05625 0.23958333333333334
0 0.08046875 0.4791666666666667 0.0828125 0.2875
0 0.24765625 0.4635416666666667 0.0984375 0.41041666666666665
0 0.52421875 0.45625 0.0296875 0.1375
0 0.7203125 0.5114583333333333 0.275 0.93125
0 0.37421875 0.48125 0.0859375 0.4125
0 0.12734375 0.45729166666666665 0.0546875 0.21041666666666667
0 0.2078125 0.45208333333333334 0.06875 0.2125
0 0.88203125 0.5 0.2359375 1
0 0.43125 0.5041666666666667 0.16875 0.5625