0 0.628125 0.49895833333333334 0.140625 0.5604166666666667
0 0.5671875 0.46979166666666666 0.05625 0.23958333333333334
0 0.14140625 0.453125 0.0671875 0.24375
0 0.08671875 0.47604166666666664 0.0796875 0.28541666666666665
0 0.25 0.4635416666666667 0.096875 0.39791666666666664
0 0.52109375 0.45416666666666666 0.0328125 0.1375
0 0.74140625 0.50625 0.2921875 0.9166666666666666
0 0.375 0.475 0.0875 0.4041666666666667
0 0.19765625 0.4510416666666667 0.0640625 0.21041666666666667
0 0.88125 0.5 0.2375 1
0 0.428125 0.5041666666666667 0.175 0.5666666666666667
0 0.31640625 0.4552083333333333 0.0328125 0.09791666666666667