0 0.64453125 0.50625 0.1703125 0.6166666666666667
0 0.5796875 0.4635416666666667 0.059375 0.2520833333333333
0 0.48984375 0.446875 0.0890625 0.29791666666666666
0 0.1140625 0.4375 0.0625 0.22083333333333333
0 0.25078125 0.4625 0.0828125 0.2625
0 0.33125 0.453125 0.071875 0.2604166666666667
0 0.19921875 0.4427083333333333 0.0453125 0.17291666666666666
0 0.16796875 0.44583333333333336 0.0515625 0.2
0 0.8609375 0.5 0.278125 1
0 0.421875 0.48125 0.159375 0.6291666666666667
0 0.30546875 0.440625 0.0328125 0.09791666666666667