0 0.76875 0.5177083333333333 0.3375 0.9479166666666666
0 0.9125 0.496875 0.175 0.9479166666666666
0 0.31640625 0.49375 0.0828125 0.325
0 0.17890625 0.46458333333333335 0.0734375 0.31666666666666665
0 0.07578125 0.4635416666666667 0.0703125 0.32708333333333334
0 0.39296875 0.4791666666666667 0.0546875 0.22916666666666666
0 0.1234375 0.4666666666666667 0.0875 0.37083333333333335
0 0.43671875 0.4895833333333333 0.0515625 0.20416666666666666
0 0.471875 0.471875 0.040625 0.17708333333333334
0 0.35546875 0.4552083333333333 0.0515625 0.21041666666666667
0 0.54140625 0.49270833333333336 0.1171875 0.4479166666666667