0 0.67109375 0.49583333333333335 0.1421875 0.5583333333333333
0 0.7828125 0.5010416666666667 0.315625 0.96875
0 0.921875 0.49583333333333335 0.15625 0.9666666666666667
0 0.29609375 0.49895833333333334 0.0859375 0.35625
0 0.16640625 0.46875 0.0734375 0.32916666666666666
0 0.0421875 0.4625 0.084375 0.3416666666666667
0 0.38125 0.48125 0.05625 0.24583333333333332
0 0.10703125 0.46458333333333335 0.0890625 0.37916666666666665
0 0.428125 0.4947916666666667 0.05625 0.21875
0 0.46484375 0.4739583333333333 0.0484375 0.18541666666666667
0 0.353125 0.4583333333333333 0.053125 0.2125
0 0.5484375 0.49166666666666664 0.115625 0.44583333333333336