0 0.76875 0.53125 0.3875 0.8958333333333334
0 0.89765625 0.5260416666666666 0.2046875 0.9020833333333333
0 0.3296875 0.49583333333333335 0.084375 0.2916666666666667
0 0.1890625 0.47291666666666665 0.071875 0.31666666666666665
0 0.10390625 0.465625 0.0703125 0.3020833333333333
0 0.4 0.47708333333333336 0.059375 0.20416666666666666
0 0.1484375 0.4708333333333333 0.08125 0.3375
0 0.43984375 0.49270833333333336 0.0390625 0.18125
0 0.59453125 0.49166666666666664 0.0578125 0.2125
0 0.4640625 0.48020833333333335 0.03125 0.16875
0 0.51015625 0.503125 0.1171875 0.4479166666666667