0 0.6703125 0.509375 0.153125 0.5770833333333333
0 0.87265625 0.5 0.2546875 1
0 0.18203125 0.5083333333333333 0.1328125 0.5041666666666667
0 0.09765625 0.4739583333333333 0.0859375 0.38125
0 0.3078125 0.484375 0.071875 0.33125
0 0.03359375 0.465625 0.0671875 0.45625
0 0.38359375 0.509375 0.0640625 0.27708333333333335
0 0.4203125 0.478125 0.053125 0.23125
0 0.4828125 0.465625 0.06875 0.21875
0 0.28203125 0.46041666666666664 0.0703125 0.275
0 0.53828125 0.4895833333333333 0.1140625 0.44166666666666665