0 0.66953125 0.50625 0.1515625 0.575
0 0.86015625 0.5 0.2703125 1
0 0.19609375 0.5083333333333333 0.1296875 0.4791666666666667
0 0.10546875 0.47604166666666664 0.0828125 0.36875
0 0.321875 0.484375 0.06875 0.31875
0 0.03984375 0.46458333333333335 0.0796875 0.44583333333333336
0 0.39140625 0.5083333333333333 0.0640625 0.26666666666666666
0 0.4234375 0.47604166666666664 0.05625 0.22708333333333333
0 0.48984375 0.4552083333333333 0.0671875 0.22291666666666668
0 0.30078125 0.45208333333333334 0.0671875 0.26666666666666666
0 0.53984375 0.49375 0.1140625 0.44166666666666665