0 0.6703125 0.5052083333333334 0.15 0.5729166666666666
0 0.8375 0.5 0.275 1
0 0.2109375 0.5072916666666667 0.125 0.45208333333333334
0 0.11484375 0.475 0.0796875 0.35833333333333334
0 0.3359375 0.48541666666666666 0.065625 0.30416666666666664
0 0.04609375 0.465625 0.0921875 0.4395833333333333
0 0.39921875 0.5072916666666667 0.0640625 0.25625
0 0.42734375 0.475 0.0578125 0.22083333333333333
0 0.49765625 0.46979166666666666 0.0671875 0.22708333333333333
0 0.303125 0.4625 0.065625 0.25833333333333336
0 0.540625 0.4979166666666667 0.115625 0.44166666666666665