0 0.6703125 0.5041666666666667 0.15 0.5708333333333333
0 0.8171875 0.5 0.278125 1
0 0.95625 0.503125 0.0875 0.99375
0 0.2265625 0.5072916666666667 0.115625 0.4354166666666667
0 0.1234375 0.475 0.078125 0.3541666666666667
0 0.34453125 0.484375 0.0640625 0.29375
0 0.05859375 0.46458333333333335 0.0890625 0.42916666666666664
0 0.40390625 0.50625 0.0640625 0.25
0 0.43515625 0.4739583333333333 0.0578125 0.21458333333333332
0 0.3109375 0.465625 0.0625 0.24791666666666667
0 0.5421875 0.503125 0.115625 0.44375