0 0.7625 0.521875 0.334375 0.95625
0 0.90859375 0.5177083333333333 0.1828125 0.9604166666666667
0 0.31953125 0.49375 0.0828125 0.31666666666666665
0 0.18203125 0.4666666666666667 0.0734375 0.31666666666666665
0 0.08203125 0.46458333333333335 0.0703125 0.32083333333333336
0 0.39375 0.478125 0.05625 0.22291666666666668
0 0.13046875 0.46875 0.0859375 0.3625
0 0.43828125 0.490625 0.0484375 0.19791666666666666
0 0.603125 0.47708333333333336 0.053125 0.2125
0 0.46953125 0.475 0.0390625 0.175
0 0.359375 0.46458333333333335 0.05 0.20833333333333334
0 0.53359375 0.4947916666666667 0.1171875 0.4479166666666667