0 0.6703125 0.496875 0.14375 0.5604166666666667
0 0.7875 0.5104166666666666 0.303125 0.9791666666666666
0 0.92734375 0.5135416666666667 0.1453125 0.9729166666666667
0 0.284375 0.5010416666666667 0.0875 0.3729166666666667
0 0.159375 0.46979166666666666 0.071875 0.33541666666666664
0 0.0359375 0.459375 0.071875 0.34791666666666665
0 0.37578125 0.48125 0.0578125 0.25416666666666665
0 0.0984375 0.46458333333333335 0.090625 0.38333333333333336
0 0.4234375 0.4947916666666667 0.059375 0.22708333333333333
0 0.46015625 0.475 0.0515625 0.1875
0 0.33984375 0.45625 0.0546875 0.2125
0 0.546875 0.49375 0.115625 0.44583333333333336