0 0.66953125 0.5104166666666666 0.1546875 0.5791666666666667
0 0.88203125 0.5 0.2359375 1
0 0.1671875 0.509375 0.1375 0.53125
0 0.0875 0.475 0.0875 0.39166666666666666
0 0.2953125 0.48333333333333334 0.075 0.3458333333333333
0 0.02734375 0.4625 0.0546875 0.4625
0 0.37578125 0.5114583333333333 0.0640625 0.28541666666666665
0 0.41640625 0.47708333333333336 0.0515625 0.2375
0 0.48046875 0.46875 0.0671875 0.21666666666666667
0 0.28125 0.45416666666666666 0.071875 0.3125
0 0.53828125 0.4864583333333333 0.1140625 0.4395833333333333