0 0.76640625 0.53125 0.3453125 0.9375
0 0.9046875 0.5239583333333333 0.190625 0.9520833333333333
0 0.321875 0.49583333333333335 0.084375 0.30833333333333335
0 0.18359375 0.46875 0.0734375 0.31666666666666665
0 0.08984375 0.465625 0.0703125 0.3145833333333333
0 0.39609375 0.4791666666666667 0.0578125 0.21666666666666667
0 0.1359375 0.46875 0.084375 0.3541666666666667
0 0.43828125 0.490625 0.0453125 0.19375
0 0.60078125 0.48333333333333334 0.0546875 0.2125
0 0.46796875 0.47604166666666664 0.0359375 0.17291666666666666
0 0.359375 0.4666666666666667 0.046875 0.20833333333333334
0 0.52578125 0.496875 0.1171875 0.4479166666666667