0 0.7625 0.5333333333333333 0.36875 0.9333333333333333
0 0.9015625 0.53125 0.196875 0.9375
0 0.325 0.49583333333333335 0.084375 0.3
0 0.1859375 0.4708333333333333 0.071875 0.31666666666666665
0 0.09609375 0.46458333333333335 0.0703125 0.30833333333333335
0 0.39765625 0.478125 0.0578125 0.21041666666666667
0 0.14296875 0.4708333333333333 0.0828125 0.3458333333333333
0 0.43984375 0.49166666666666664 0.0421875 0.1875
0 0.465625 0.47708333333333336 0.034375 0.17083333333333334
0 0.36171875 0.471875 0.0453125 0.20625
0 0.51796875 0.49895833333333334 0.1171875 0.4479166666666667