0 0.053125 0.49375 0.10625 0.4041666666666667
0 0.50703125 0.4979166666666667 0.0328125 0.10416666666666667
0 0.4609375 0.4979166666666667 0.03125 0.10416666666666667
0 0.19453125 0.49166666666666664 0.0421875 0.13333333333333333
0 0.421875 0.496875 0.028125 0.10208333333333333
0 0.56171875 0.5 0.0890625 0.31666666666666665
0 0.08046875 0.5135416666666667 0.1609375 0.6479166666666667
0 0.78125 0.5427083333333333 0.18125 0.79375
0 0.26796875 0.5020833333333333 0.1796875 0.6625
0 0.36640625 0.49583333333333335 0.0296875 0.1
0 0.053125 0.49375 0.10625 0.4041666666666667
0 0.50703125 0.4979166666666667 0.0328125 0.10416666666666667
0 0.4609375 0.4979166666666667 0.03125 0.10416666666666667
0 0.19453125 0.49166666666666664 0.0421875 0.13333333333333333
0 0.421875 0.496875 0.028125 0.10208333333333333
0 0.56171875 0.5 0.0890625 0.31666666666666665
0 0.08046875 0.5135416666666667 0.1609375 0.6479166666666667
0 0.78125 0.5427083333333333 0.18125 0.79375
0 0.26796875 0.5020833333333333 0.1796875 0.6625
0 0.36640625 0.49583333333333335 0.0296875 0.1