0 0.36484375 0.49270833333333336 0.0296875 0.09791666666666667
0 0.4578125 0.49375 0.03125 0.10833333333333334
0 0.41953125 0.49375 0.0296875 0.10416666666666667
0 0.0671875 0.5114583333333333 0.134375 0.70625
0 0.546875 0.496875 0.09375 0.3229166666666667
0 0.77734375 0.5552083333333333 0.1796875 0.8104166666666667
0 0.23828125 0.503125 0.2140625 0.7270833333333333
0 0.50625 0.49583333333333335 0.03125 0.10416666666666667
0 0.05390625 0.4947916666666667 0.1078125 0.40208333333333335
0 0.36484375 0.49270833333333336 0.0296875 0.09791666666666667
0 0.4578125 0.49375 0.03125 0.10833333333333334
0 0.41953125 0.49375 0.0296875 0.10416666666666667
0 0.0671875 0.5114583333333333 0.134375 0.70625
0 0.546875 0.496875 0.09375 0.3229166666666667
0 0.77734375 0.5552083333333333 0.1796875 0.8104166666666667
0 0.23828125 0.503125 0.2140625 0.7270833333333333
0 0.50625 0.49583333333333335 0.03125 0.10416666666666667
0 0.05390625 0.4947916666666667 0.1078125 0.40208333333333335