0 0.49921875 0.49583333333333335 0.0296875 0.10416666666666667
0 0.3609375 0.49270833333333336 0.03125 0.10208333333333333
0 0.4515625 0.49270833333333336 0.034375 0.11041666666666666
0 0.41328125 0.49375 0.0296875 0.10416666666666667
0 0.053125 0.48541666666666666 0.10625 0.7083333333333334
0 0.771875 0.5614583333333333 0.178125 0.79375
0 0.534375 0.4979166666666667 0.10625 0.325
0 0.2015625 0.49895833333333334 0.2625 0.78125
0 0.0546875 0.496875 0.109375 0.40208333333333335
0 0.49921875 0.49583333333333335 0.0296875 0.10416666666666667
0 0.3609375 0.49270833333333336 0.03125 0.10208333333333333
0 0.4515625 0.49270833333333336 0.034375 0.11041666666666666
0 0.41328125 0.49375 0.0296875 0.10416666666666667
0 0.053125 0.48541666666666666 0.10625 0.7083333333333334
0 0.771875 0.5614583333333333 0.178125 0.79375
0 0.534375 0.4979166666666667 0.10625 0.325
0 0.2015625 0.49895833333333334 0.2625 0.78125
0 0.0546875 0.496875 0.109375 0.40208333333333335