0 0.353125 0.48854166666666665 0.03125 0.10208333333333333
0 0.43984375 0.48854166666666665 0.0328125 0.11458333333333333
0 0.403125 0.49166666666666664 0.03125 0.10416666666666667
0 0.76328125 0.5625 0.1796875 0.7916666666666666
0 0.153125 0.4822916666666667 0.30625 0.88125
0 0.51640625 0.49895833333333334 0.1171875 0.33541666666666664
0 0.05546875 0.49895833333333334 0.1109375 0.40208333333333335
0 0.353125 0.48854166666666665 0.03125 0.10208333333333333
0 0.43984375 0.48854166666666665 0.0328125 0.11458333333333333
0 0.403125 0.49166666666666664 0.03125 0.10416666666666667
0 0.76328125 0.5625 0.1796875 0.7916666666666666
0 0.153125 0.4822916666666667 0.30625 0.88125
0 0.51640625 0.49895833333333334 0.1171875 0.33541666666666664
0 0.05546875 0.49895833333333334 0.1109375 0.40208333333333335