0 0.040625 0.4739583333333333 0.08125 0.45625
0 0.3546875 0.49166666666666664 0.03125 0.10416666666666667
0 0.4375 0.49166666666666664 0.034375 0.11666666666666667
0 0.40234375 0.4947916666666667 0.0296875 0.10625
0 0.51171875 0.5 0.1203125 0.3416666666666667
0 0.76015625 0.5645833333333333 0.1765625 0.7958333333333333
0 0.15 0.478125 0.3 0.93125
0 0.040625 0.4739583333333333 0.08125 0.45625
0 0.3546875 0.49166666666666664 0.03125 0.10416666666666667
0 0.4375 0.49166666666666664 0.034375 0.11666666666666667
0 0.40234375 0.4947916666666667 0.0296875 0.10625
0 0.51171875 0.5 0.1203125 0.3416666666666667
0 0.76015625 0.5645833333333333 0.1765625 0.7958333333333333
0 0.15 0.478125 0.3 0.93125