0 0.35625 0.4947916666666667 0.03125 0.10625
0 0.046875 0.484375 0.09375 0.4895833333333333
0 0.4359375 0.4947916666666667 0.034375 0.11458333333333333
0 0.40234375 0.496875 0.0296875 0.10625
0 0.50234375 0.5020833333333333 0.1109375 0.3541666666666667
0 0.7625 0.5416666666666666 0.184375 0.7583333333333333
0 0 0.0010416666666666667 0 0.0020833333333333333
0 0.55390625 0.490625 0.0359375 0.13125
0 0.35625 0.4947916666666667 0.03125 0.10625
0 0.046875 0.484375 0.09375 0.4895833333333333
0 0.4359375 0.4947916666666667 0.034375 0.11458333333333333
0 0.40234375 0.496875 0.0296875 0.10625
0 0.50234375 0.5020833333333333 0.1109375 0.3541666666666667
0 0.7625 0.5416666666666666 0.184375 0.7583333333333333
0 0 0.0010416666666666667 0 0.0020833333333333333
0 0.55390625 0.490625 0.0359375 0.13125