0 0.35625 0.490625 0.03125 0.10625
0 0.43359375 0.4895833333333333 0.0359375 0.11666666666666667
0 0.40078125 0.49166666666666664 0.0296875 0.10833333333333334
0 0.553125 0.484375 0.0375 0.13541666666666666
0 0.49296875 0.4947916666666667 0.0921875 0.36041666666666666
0 0 0.0010416666666666667 0 0.0020833333333333333
0 0.75625 0.5302083333333333 0.175 0.7479166666666667
0 0.046875 0.484375 0.09375 0.4895833333333333
0 0.35625 0.490625 0.03125 0.10625
0 0.43359375 0.4895833333333333 0.0359375 0.11666666666666667
0 0.40078125 0.49166666666666664 0.0296875 0.10833333333333334
0 0.553125 0.484375 0.0375 0.13541666666666666
0 0.49296875 0.4947916666666667 0.0921875 0.36041666666666666
0 0 0.0010416666666666667 0 0.0020833333333333333
0 0.75625 0.5302083333333333 0.175 0.7479166666666667
0 0.046875 0.484375 0.09375 0.4895833333333333