0 0.35234375 0.496875 0.0296875 0.10625
0 0.42421875 0.496875 0.0359375 0.11875
0 0.5453125 0.4947916666666667 0.040625 0.13541666666666666
0 0.39375 0.49895833333333334 0.03125 0.11041666666666666
0 0 0.0010416666666666667 0 0.0020833333333333333
0 0.46796875 0.5041666666666667 0.0921875 0.37083333333333335
0 0.74609375 0.5458333333333333 0.1828125 0.7458333333333333
0 0.046875 0.4864583333333333 0.09375 0.4895833333333333
0 0.35234375 0.496875 0.0296875 0.10625
0 0.42421875 0.496875 0.0359375 0.11875
0 0.5453125 0.4947916666666667 0.040625 0.13541666666666666
0 0.39375 0.49895833333333334 0.03125 0.11041666666666666
0 0 0.0010416666666666667 0 0.0020833333333333333
0 0.46796875 0.5041666666666667 0.0921875 0.37083333333333335
0 0.74609375 0.5458333333333333 0.1828125 0.7458333333333333
0 0.046875 0.4864583333333333 0.09375 0.4895833333333333