0 0.05546875 0.484375 0.1109375 0.5729166666666666
0 0 0.0010416666666666667 0 0.0020833333333333333
0 0.3625 0.49583333333333335 0.03125 0.10833333333333334
0 0.553125 0.49270833333333336 0.040625 0.13541666666666666
0 0.40078125 0.49583333333333335 0.0328125 0.1125
0 0.446875 0.503125 0.134375 0.3854166666666667
0 0.7484375 0.5552083333333333 0.19375 0.7395833333333334
0 0.1984375 0.48854166666666665 0.053125 0.16458333333333333
0 0.05546875 0.484375 0.1109375 0.5729166666666666
0 0 0.0010416666666666667 0 0.0020833333333333333
0 0.3625 0.49583333333333335 0.03125 0.10833333333333334
0 0.553125 0.49270833333333336 0.040625 0.13541666666666666
0 0.40078125 0.49583333333333335 0.0328125 0.1125
0 0.446875 0.503125 0.134375 0.3854166666666667
0 0.7484375 0.5552083333333333 0.19375 0.7395833333333334
0 0.1984375 0.48854166666666665 0.053125 0.16458333333333333