0 0.92578125 0.49375 0.0390625 0.14583333333333334
0 0.00078125 0.0010416666666666667 0.0015625 0.0020833333333333333
0 0.66953125 0.5197916666666667 0.0609375 0.22708333333333333
0 0.39453125 0.49895833333333334 0.0484375 0.15625
0 0.51796875 0.49583333333333335 0.0609375 0.225
0 0.76171875 0.4895833333333333 0.0484375 0.15833333333333333
0 0.9 0.4895833333333333 0.046875 0.15833333333333333
0 0.82578125 0.48541666666666666 0.0609375 0.2
0 0.628125 0.5020833333333333 0.09375 0.3375
0 0.001512451171875 0.0010590277777777777 0.00022705078125 0.0010850694444444445
0 0 0.0010416666666666667 0 0.0020833333333333333
0 0.21484375 0.50625 0.0546875 0.20833333333333334
0 0.26953125 0.49895833333333334 0.0578125 0.21875
0 0.35078125 0.496875 0.0578125 0.19791666666666666
0 0.92578125 0.49375 0.0390625 0.14583333333333334
0 0.00078125 0.0010416666666666667 0.0015625 0.0020833333333333333
0 0.66953125 0.5197916666666667 0.0609375 0.22708333333333333
0 0.39453125 0.49895833333333334 0.0484375 0.15625
0 0.51796875 0.49583333333333335 0.0609375 0.225
0 0.76171875 0.4895833333333333 0.0484375 0.15833333333333333
0 0.9 0.4895833333333333 0.046875 0.15833333333333333
0 0.82578125 0.48541666666666666 0.0609375 0.2
0 0.628125 0.5020833333333333 0.09375 0.3375
0 0.001512451171875 0.0010590277777777777 0.00022705078125 0.0010850694444444445
0 0 0.0010416666666666667 0 0.0020833333333333333
0 0.21484375 0.50625 0.0546875 0.20833333333333334
0 0.26953125 0.49895833333333334 0.0578125 0.21875
0 0.35078125 0.496875 0.0578125 0.19791666666666666