0 0.19921875 0.4895833333333333 0.0515625 0.17083333333333334
0 0.3734375 0.49895833333333334 0.034375 0.11041666666666666
0 0.559375 0.49583333333333335 0.040625 0.1375
0 0.40703125 0.49895833333333334 0.0328125 0.11458333333333333
0 0.06171875 0.48020833333333335 0.1234375 0.5645833333333333
0 0.74609375 0.5541666666666667 0.1921875 0.7375
0 0.44609375 0.50625 0.1453125 0.39166666666666666
0 0.19921875 0.4895833333333333 0.0515625 0.17083333333333334
0 0.3734375 0.49895833333333334 0.034375 0.11041666666666666
0 0.559375 0.49583333333333335 0.040625 0.1375
0 0.40703125 0.49895833333333334 0.0328125 0.11458333333333333
0 0.06171875 0.48020833333333335 0.1234375 0.5645833333333333
0 0.74609375 0.5541666666666667 0.1921875 0.7375
0 0.44609375 0.50625 0.1453125 0.39166666666666666