0 0.384375 0.5020833333333333 0.034375 0.10833333333333334
0 0.56796875 0.49375 0.0421875 0.14583333333333334
0 0.0734375 0.5041666666666667 0.146875 0.5916666666666667
0 0.509375 0.5 0.0375 0.12083333333333333
0 0.43359375 0.50625 0.1265625 0.4166666666666667
0 0.73984375 0.5239583333333333 0.1765625 0.6979166666666666
0 0.196875 0.49166666666666664 0.053125 0.17083333333333334
0 0.4078125 0.5 0.03125 0.1125
0 0.384375 0.5020833333333333 0.034375 0.10833333333333334
0 0.56796875 0.49375 0.0421875 0.14583333333333334
0 0.0734375 0.5041666666666667 0.146875 0.5916666666666667
0 0.509375 0.5 0.0375 0.12083333333333333
0 0.43359375 0.50625 0.1265625 0.4166666666666667
0 0.73984375 0.5239583333333333 0.1765625 0.6979166666666666
0 0.196875 0.49166666666666664 0.053125 0.17083333333333334
0 0.4078125 0.5 0.03125 0.1125