0 0.19609375 0.49583333333333335 0.0578125 0.175
0 0.571875 0.4947916666666667 0.040625 0.14791666666666667
0 0.5125 0.5020833333333333 0.0375 0.12083333333333333
0 0.07890625 0.5104166666666666 0.1578125 0.6041666666666666
0 0.42734375 0.50625 0.1078125 0.42083333333333334
0 0.74375 0.528125 0.178125 0.7020833333333333
0 0.40625 0.5010416666666667 0.03125 0.11458333333333333
0 0.19609375 0.49583333333333335 0.0578125 0.175
0 0.571875 0.4947916666666667 0.040625 0.14791666666666667
0 0.5125 0.5020833333333333 0.0375 0.12083333333333333
0 0.07890625 0.5104166666666666 0.1578125 0.6041666666666666
0 0.42734375 0.50625 0.1078125 0.42083333333333334
0 0.74375 0.528125 0.178125 0.7020833333333333
0 0.40625 0.5010416666666667 0.03125 0.11458333333333333