0 0.2015625 0.5 0.053125 0.175
0 0.58515625 0.496875 0.0421875 0.15208333333333332
0 0.5265625 0.5072916666666667 0.0375 0.12291666666666666
0 0.40859375 0.509375 0.1171875 0.43125
0 0.08984375 0.515625 0.1796875 0.61875
0 0.75390625 0.5427083333333333 0.1765625 0.70625
0 0.4046875 0.5010416666666667 0.03125 0.11458333333333333
0 0.2015625 0.5 0.053125 0.175
0 0.58515625 0.496875 0.0421875 0.15208333333333332
0 0.5265625 0.5072916666666667 0.0375 0.12291666666666666
0 0.40859375 0.509375 0.1171875 0.43125
0 0.08984375 0.515625 0.1796875 0.61875
0 0.75390625 0.5427083333333333 0.1765625 0.70625
0 0.4046875 0.5010416666666667 0.03125 0.11458333333333333