0 0.20859375 0.5041666666666667 0.0546875 0.17916666666666667
0 0.53984375 0.5114583333333333 0.0359375 0.12291666666666666
0 0.5984375 0.503125 0.04375 0.15208333333333332
0 0.403125 0.5166666666666667 0.1375 0.44166666666666665
0 0.7640625 0.5541666666666667 0.16875 0.7
0 0.103125 0.5239583333333333 0.2 0.6354166666666666
0 0.24453125 0.50625 0.0359375 0.12916666666666668
0 0.40390625 0.5020833333333333 0.0328125 0.1125
0 0.20859375 0.5041666666666667 0.0546875 0.17916666666666667
0 0.53984375 0.5114583333333333 0.0359375 0.12291666666666666
0 0.5984375 0.503125 0.04375 0.15208333333333332
0 0.403125 0.5166666666666667 0.1375 0.44166666666666665
0 0.7640625 0.5541666666666667 0.16875 0.7
0 0.103125 0.5239583333333333 0.2 0.6354166666666666
0 0.24453125 0.50625 0.0359375 0.12916666666666668
0 0.40390625 0.5020833333333333 0.0328125 0.1125