0 0.22265625 0.5020833333333333 0.0515625 0.18333333333333332
0 0.56796875 0.5114583333333333 0.0390625 0.12708333333333333
0 0.625 0.5083333333333333 0.04375 0.15416666666666667
0 0.27578125 0.5072916666666667 0.0359375 0.12708333333333333
0 0.79296875 0.5447916666666667 0.1671875 0.6770833333333334
0 0.1546875 0.5166666666666667 0.2125 0.6833333333333333
0 0.4 0.5197916666666667 0.175 0.46458333333333335
0 0.48515625 0.50625 0.0390625 0.1375
0 0.40078125 0.503125 0.0328125 0.11458333333333333
0 0.22265625 0.5020833333333333 0.0515625 0.18333333333333332
0 0.56796875 0.5114583333333333 0.0390625 0.12708333333333333
0 0.625 0.5083333333333333 0.04375 0.15416666666666667
0 0.27578125 0.5072916666666667 0.0359375 0.12708333333333333
0 0.79296875 0.5447916666666667 0.1671875 0.6770833333333334
0 0.1546875 0.5166666666666667 0.2125 0.6833333333333333
0 0.4 0.5197916666666667 0.175 0.46458333333333335
0 0.48515625 0.50625 0.0390625 0.1375
0 0.40078125 0.503125 0.0328125 0.11458333333333333