0 0.22890625 0.50625 0.0515625 0.1875
0 0.49453125 0.5114583333333333 0.0390625 0.13958333333333334
0 0.28671875 0.5145833333333333 0.0359375 0.125
0 0.63515625 0.5135416666666667 0.0453125 0.15625
0 0.5796875 0.5177083333333333 0.040625 0.13125
0 0.80546875 0.540625 0.1671875 0.6645833333333333
0 0.40546875 0.5260416666666666 0.1796875 0.47291666666666665
0 0.17265625 0.5208333333333334 0.2171875 0.7
0 0.39921875 0.503125 0.0328125 0.11458333333333333
0 0.22890625 0.50625 0.0515625 0.1875
0 0.49453125 0.5114583333333333 0.0390625 0.13958333333333334
0 0.28671875 0.5145833333333333 0.0359375 0.125
0 0.63515625 0.5135416666666667 0.0453125 0.15625
0 0.5796875 0.5177083333333333 0.040625 0.13125
0 0.80546875 0.540625 0.1671875 0.6645833333333333
0 0.40546875 0.5260416666666666 0.1796875 0.47291666666666665
0 0.17265625 0.5208333333333334 0.2171875 0.7
0 0.39921875 0.503125 0.0328125 0.11458333333333333