0 0.2453125 0.5125 0.053125 0.1875
0 0.5109375 0.5166666666666667 0.040625 0.1375
0 0.31015625 0.5197916666666667 0.0359375 0.12291666666666666
0 0.60078125 0.5197916666666667 0.0453125 0.13541666666666666
0 0.65625 0.515625 0.046875 0.16041666666666668
0 0.82734375 0.5458333333333333 0.1703125 0.6708333333333333
0 0.41484375 0.5302083333333333 0.1734375 0.4895833333333333
0 0.19765625 0.5260416666666666 0.2140625 0.71875
0 0.39765625 0.5041666666666667 0.0328125 0.1125
0 0.2453125 0.5125 0.053125 0.1875
0 0.5109375 0.5166666666666667 0.040625 0.1375
0 0.31015625 0.5197916666666667 0.0359375 0.12291666666666666
0 0.60078125 0.5197916666666667 0.0453125 0.13541666666666666
0 0.65625 0.515625 0.046875 0.16041666666666668
0 0.82734375 0.5458333333333333 0.1703125 0.6708333333333333
0 0.41484375 0.5302083333333333 0.1734375 0.4895833333333333
0 0.19765625 0.5260416666666666 0.2140625 0.71875
0 0.39765625 0.5041666666666667 0.0328125 0.1125