0 0.66328125 0.5197916666666667 0.0609375 0.23125
0 0.00078125 0.0010416666666666667 0.0015625 0.0020833333333333333
0 0.51875 0.48854166666666665 0.05 0.21041666666666667
0 0 0.0010416666666666667 0 0.0020833333333333333
0 0.001513671875 0.0010590277777777777 0.00022949218750000001 0.0010850694444444445
0 0.759375 0.490625 0.046875 0.16041666666666668
0 0.62578125 0.49895833333333334 0.0890625 0.33541666666666664
0 0.8234375 0.484375 0.059375 0.20208333333333334
0 0.896875 0.49270833333333336 0.046875 0.16041666666666668
0 0.04140625 0.49375 0.0828125 0.325
0 0.21328125 0.50625 0.0546875 0.20833333333333334
0 0.26953125 0.4979166666666667 0.0578125 0.22083333333333333
0 0.35234375 0.496875 0.0578125 0.19791666666666666
0 0.66328125 0.5197916666666667 0.0609375 0.23125
0 0.00078125 0.0010416666666666667 0.0015625 0.0020833333333333333
0 0.51875 0.48854166666666665 0.05 0.21041666666666667
0 0 0.0010416666666666667 0 0.0020833333333333333
0 0.001513671875 0.0010590277777777777 0.00022949218750000001 0.0010850694444444445
0 0.759375 0.490625 0.046875 0.16041666666666668
0 0.62578125 0.49895833333333334 0.0890625 0.33541666666666664
0 0.8234375 0.484375 0.059375 0.20208333333333334
0 0.896875 0.49270833333333336 0.046875 0.16041666666666668
0 0.04140625 0.49375 0.0828125 0.325
0 0.21328125 0.50625 0.0546875 0.20833333333333334
0 0.26953125 0.4979166666666667 0.0578125 0.22083333333333333
0 0.35234375 0.496875 0.0578125 0.19791666666666666