0 0.2484375 0.5020833333333333 0.059375 0.19583333333333333
0 0.51640625 0.5104166666666666 0.0421875 0.1375
0 0.321875 0.5104166666666666 0.0375 0.125
0 0.6109375 0.5145833333333333 0.04375 0.13333333333333333
0 0.66640625 0.5072916666666667 0.0484375 0.16458333333333333
0 0.8375 0.5479166666666667 0.184375 0.6791666666666667
0 0.40859375 0.5229166666666667 0.1421875 0.5083333333333333
0 0.20078125 0.5177083333333333 0.2015625 0.7395833333333334
0 0.39609375 0.5041666666666667 0.0328125 0.1125
0 0.2484375 0.5020833333333333 0.059375 0.19583333333333333
0 0.51640625 0.5104166666666666 0.0421875 0.1375
0 0.321875 0.5104166666666666 0.0375 0.125
0 0.6109375 0.5145833333333333 0.04375 0.13333333333333333
0 0.66640625 0.5072916666666667 0.0484375 0.16458333333333333
0 0.8375 0.5479166666666667 0.184375 0.6791666666666667
0 0.40859375 0.5229166666666667 0.1421875 0.5083333333333333
0 0.20078125 0.5177083333333333 0.2015625 0.7395833333333334
0 0.39609375 0.5041666666666667 0.0328125 0.1125