0 0.3203125 0.5125 0.034375 0.125
0 0.5109375 0.5135416666666667 0.040625 0.13958333333333334
0 0.6078125 0.5177083333333333 0.04375 0.13541666666666666
0 0.66328125 0.509375 0.0484375 0.16875
0 0.3921875 0.5229166666666667 0.125 0.5208333333333334
0 0.825 0.5583333333333333 0.1875 0.675
0 0.1890625 0.51875 0.19375 0.7666666666666667
0 0.39453125 0.5041666666666667 0.0328125 0.1125
0 0.253125 0.5041666666666667 0.059375 0.19583333333333333
0 0.3203125 0.5125 0.034375 0.125
0 0.5109375 0.5135416666666667 0.040625 0.13958333333333334
0 0.6078125 0.5177083333333333 0.04375 0.13541666666666666
0 0.66328125 0.509375 0.0484375 0.16875
0 0.3921875 0.5229166666666667 0.125 0.5208333333333334
0 0.825 0.5583333333333333 0.1875 0.675
0 0.1890625 0.51875 0.19375 0.7666666666666667
0 0.39453125 0.5041666666666667 0.0328125 0.1125
0 0.253125 0.5041666666666667 0.059375 0.19583333333333333