0 0.6 0.51875 0.04375 0.1375
0 0.50234375 0.5135416666666667 0.0421875 0.14375
0 0.65625 0.5114583333333333 0.05 0.17291666666666666
0 0.815625 0.5625 0.18125 0.6666666666666666
0 0.33984375 0.5260416666666666 0.1390625 0.5395833333333333
0 0.16640625 0.5239583333333333 0.1953125 0.8104166666666667
0 0.39296875 0.5052083333333334 0.0328125 0.11458333333333333
0 0.33203125 0.5125 0.0359375 0.125
0 0.2578125 0.5052083333333334 0.059375 0.19791666666666666
0 0.6 0.51875 0.04375 0.1375
0 0.50234375 0.5135416666666667 0.0421875 0.14375
0 0.65625 0.5114583333333333 0.05 0.17291666666666666
0 0.815625 0.5625 0.18125 0.6666666666666666
0 0.33984375 0.5260416666666666 0.1390625 0.5395833333333333
0 0.16640625 0.5239583333333333 0.1953125 0.8104166666666667
0 0.39296875 0.5052083333333334 0.0328125 0.11458333333333333
0 0.33203125 0.5125 0.0359375 0.125
0 0.2578125 0.5052083333333334 0.059375 0.19791666666666666