0 0.4953125 0.5125 0.04375 0.14583333333333334
0 0.59375 0.5177083333333333 0.04375 0.13958333333333334
0 0.65 0.5114583333333333 0.05 0.17291666666666666
0 0.15078125 0.525 0.2078125 0.8416666666666667
0 0.31484375 0.5260416666666666 0.1703125 0.5479166666666667
0 0.81015625 0.5604166666666667 0.1828125 0.6666666666666666
0 0.39140625 0.5052083333333334 0.0328125 0.11458333333333333
0 0.34296875 0.5145833333333333 0.0359375 0.125
0 0.2625 0.50625 0.059375 0.19583333333333333
0 0.4953125 0.5125 0.04375 0.14583333333333334
0 0.59375 0.5177083333333333 0.04375 0.13958333333333334
0 0.65 0.5114583333333333 0.05 0.17291666666666666
0 0.15078125 0.525 0.2078125 0.8416666666666667
0 0.31484375 0.5260416666666666 0.1703125 0.5479166666666667
0 0.81015625 0.5604166666666667 0.1828125 0.6666666666666666
0 0.39140625 0.5052083333333334 0.0328125 0.11458333333333333
0 0.34296875 0.5145833333333333 0.0359375 0.125
0 0.2625 0.50625 0.059375 0.19583333333333333