0 0.475 0.5125 0.040625 0.15
0 0.57734375 0.51875 0.0453125 0.14166666666666666
0 0.6328125 0.515625 0.05 0.17291666666666666
0 0.275 0.5302083333333333 0.190625 0.5645833333333333
0 0.11328125 0.5291666666666667 0.2265625 0.8916666666666667
0 0.78046875 0.5520833333333334 0.1671875 0.6458333333333334
0 0.38984375 0.50625 0.0328125 0.1125
0 0.35390625 0.5145833333333333 0.0359375 0.125
0 0.2671875 0.5072916666666667 0.059375 0.19791666666666666
0 0.475 0.5125 0.040625 0.15
0 0.57734375 0.51875 0.0453125 0.14166666666666666
0 0.6328125 0.515625 0.05 0.17291666666666666
0 0.275 0.5302083333333333 0.190625 0.5645833333333333
0 0.11328125 0.5291666666666667 0.2265625 0.8916666666666667
0 0.78046875 0.5520833333333334 0.1671875 0.6458333333333334
0 0.38984375 0.50625 0.0328125 0.1125
0 0.35390625 0.5145833333333333 0.0359375 0.125
0 0.2671875 0.5072916666666667 0.059375 0.19791666666666666