0 0.39375 0.5072916666666667 0.028125 0.09375
0 0.4578125 0.509375 0.040625 0.15208333333333332
0 0.5625 0.5166666666666667 0.046875 0.14583333333333334
0 0.61875 0.5125 0.05 0.175
0 0.2453125 0.528125 0.19375 0.5854166666666667
0 0.103125 0.5291666666666667 0.20625 0.9416666666666667
0 0.76171875 0.540625 0.1640625 0.6354166666666666
0 0.36484375 0.5166666666666667 0.0359375 0.125
0 0.271875 0.5083333333333333 0.059375 0.19583333333333333
0 0.39375 0.5072916666666667 0.028125 0.09375
0 0.4578125 0.509375 0.040625 0.15208333333333332
0 0.5625 0.5166666666666667 0.046875 0.14583333333333334
0 0.61875 0.5125 0.05 0.175
0 0.2453125 0.528125 0.19375 0.5854166666666667
0 0.103125 0.5291666666666667 0.20625 0.9416666666666667
0 0.76171875 0.540625 0.1640625 0.6354166666666666
0 0.36484375 0.5166666666666667 0.0359375 0.125
0 0.271875 0.5083333333333333 0.059375 0.19583333333333333