0 0.45625 0.5125 0.0375 0.1375
0 0 0.0010416666666666667 0 0.0020833333333333333
0 0.1765625 0.5177083333333333 0.196875 0.6354166666666666
0 0.53828125 0.5135416666666667 0.0484375 0.14375
0 0.59453125 0.50625 0.0515625 0.175
0 0.728125 0.5395833333333333 0.159375 0.6375
0 0.42890625 0.5052083333333334 0.0453125 0.15208333333333332
0 0.2609375 0.5072916666666667 0.040625 0.12708333333333333
0 0.3765625 0.5166666666666667 0.034375 0.125
0 0.2765625 0.509375 0.059375 0.19791666666666666
0 0.45625 0.5125 0.0375 0.1375
0 0 0.0010416666666666667 0 0.0020833333333333333
0 0.1765625 0.5177083333333333 0.196875 0.6354166666666666
0 0.53828125 0.5135416666666667 0.0484375 0.14375
0 0.59453125 0.50625 0.0515625 0.175
0 0.728125 0.5395833333333333 0.159375 0.6375
0 0.42890625 0.5052083333333334 0.0453125 0.15208333333333332
0 0.2609375 0.5072916666666667 0.040625 0.12708333333333333
0 0.3765625 0.5166666666666667 0.034375 0.125
0 0.2765625 0.509375 0.059375 0.19791666666666666