0 0.446875 0.5114583333333333 0.04375 0.13125
0 0 0.0010416666666666667 0 0.0020833333333333333
0 0.41875 0.5041666666666667 0.046875 0.15416666666666667
0 0.13359375 0.515625 0.1890625 0.6520833333333333
0 0.5828125 0.5052083333333334 0.05 0.18125
0 0.528125 0.5114583333333333 0.046875 0.14791666666666667
0 0.2515625 0.50625 0.04375 0.12916666666666668
0 0.715625 0.540625 0.15625 0.6354166666666666
0 0.38828125 0.51875 0.0359375 0.125
0 0.28125 0.5104166666666666 0.059375 0.19583333333333333
0 0.446875 0.5114583333333333 0.04375 0.13125
0 0 0.0010416666666666667 0 0.0020833333333333333
0 0.41875 0.5041666666666667 0.046875 0.15416666666666667
0 0.13359375 0.515625 0.1890625 0.6520833333333333
0 0.5828125 0.5052083333333334 0.05 0.18125
0 0.528125 0.5114583333333333 0.046875 0.14791666666666667
0 0.2515625 0.50625 0.04375 0.12916666666666668
0 0.715625 0.540625 0.15625 0.6354166666666666
0 0.38828125 0.51875 0.0359375 0.125
0 0.28125 0.5104166666666666 0.059375 0.19583333333333333