0 0 0.0010416666666666667 0 0.0020833333333333333
0 0.43671875 0.5041666666666667 0.0390625 0.1375
0 0.06953125 0.5125 0.1390625 0.6833333333333333
0 0.4 0.49895833333333334 0.046875 0.15625
0 0.23828125 0.503125 0.0390625 0.13125
0 0.5125 0.503125 0.046875 0.14791666666666667
0 0.56640625 0.4947916666666667 0.0515625 0.18541666666666667
0 0.6921875 0.5458333333333333 0.15 0.6375
0 0.4515625 0.5052083333333334 0.034375 0.12708333333333333
0 0.39921875 0.51875 0.0359375 0.125
0 0.28515625 0.5114583333333333 0.0578125 0.19791666666666666
0 0 0.0010416666666666667 0 0.0020833333333333333
0 0.43671875 0.5041666666666667 0.0390625 0.1375
0 0.06953125 0.5125 0.1390625 0.6833333333333333
0 0.4 0.49895833333333334 0.046875 0.15625
0 0.23828125 0.503125 0.0390625 0.13125
0 0.5125 0.503125 0.046875 0.14791666666666667
0 0.56640625 0.4947916666666667 0.0515625 0.18541666666666667
0 0.6921875 0.5458333333333333 0.15 0.6375
0 0.4515625 0.5052083333333334 0.034375 0.12708333333333333
0 0.39921875 0.51875 0.0359375 0.125
0 0.28515625 0.5114583333333333 0.0578125 0.19791666666666666