0 0.44296875 0.50625 0.0359375 0.12916666666666668
0 0.3828125 0.4979166666666667 0.05 0.1625
0 0.225 0.503125 0.0375 0.13125
0 0.42265625 0.5020833333333333 0.0390625 0.14166666666666666
0 0.49765625 0.5020833333333333 0.0484375 0.15
0 0.55078125 0.49375 0.0546875 0.1875
0 0.671875 0.5458333333333333 0.146875 0.6333333333333333
0 0.30703125 0.496875 0.0234375 0.08125
0 0.3296875 0.49375 0.028125 0.09166666666666666
0 0.41015625 0.5208333333333334 0.0359375 0.125
0 0.28984375 0.5125 0.0578125 0.19583333333333333
0 0.44296875 0.50625 0.0359375 0.12916666666666668
0 0.3828125 0.4979166666666667 0.05 0.1625
0 0.225 0.503125 0.0375 0.13125
0 0.42265625 0.5020833333333333 0.0390625 0.14166666666666666
0 0.49765625 0.5020833333333333 0.0484375 0.15
0 0.55078125 0.49375 0.0546875 0.1875
0 0.671875 0.5458333333333333 0.146875 0.6333333333333333
0 0.30703125 0.496875 0.0234375 0.08125
0 0.3296875 0.49375 0.028125 0.09166666666666666
0 0.41015625 0.5208333333333334 0.0359375 0.125
0 0.28984375 0.5125 0.0578125 0.19583333333333333