0 0.8890625 0.490625 0.046875 0.16458333333333333
0 0 0.0010416666666666667 0 0.0020833333333333333
0 0.00078125 0.0010416666666666667 0.0015625 0.0020833333333333333
0 0.75078125 0.49375 0.0484375 0.1625
0 0.0015026855468749998 0.00107421875 0.00022216796874999998 0.0011067708333333333
0 0.61484375 0.496875 0.0921875 0.33541666666666664
0 0.81484375 0.4875 0.0609375 0.20416666666666666
0 0.0375 0.5020833333333333 0.075 0.3458333333333333
0 0.21171875 0.50625 0.0546875 0.20833333333333334
0 0.26796875 0.4979166666666667 0.0578125 0.22083333333333333
0 0.35234375 0.496875 0.0578125 0.19791666666666666
0 0.8890625 0.490625 0.046875 0.16458333333333333
0 0 0.0010416666666666667 0 0.0020833333333333333
0 0.00078125 0.0010416666666666667 0.0015625 0.0020833333333333333
0 0.75078125 0.49375 0.0484375 0.1625
0 0.0015026855468749998 0.00107421875 0.00022216796874999998 0.0011067708333333333
0 0.61484375 0.496875 0.0921875 0.33541666666666664
0 0.81484375 0.4875 0.0609375 0.20416666666666666
0 0.0375 0.5020833333333333 0.075 0.3458333333333333
0 0.21171875 0.50625 0.0546875 0.20833333333333334
0 0.26796875 0.4979166666666667 0.0578125 0.22083333333333333
0 0.35234375 0.496875 0.0578125 0.19791666666666666