0 0.31640625 0.503125 0.0265625 0.08958333333333333
0 0.29296875 0.5041666666666667 0.0234375 0.08333333333333333
0 0.4328125 0.5125 0.0375 0.13333333333333333
0 0.2125 0.509375 0.0375 0.13125
0 0.36484375 0.5052083333333334 0.0515625 0.16458333333333333
0 0.41171875 0.509375 0.0421875 0.14375
0 0.5359375 0.5 0.053125 0.19166666666666668
0 0.48359375 0.5083333333333333 0.0515625 0.15833333333333333
0 0.65234375 0.553125 0.1421875 0.63125
0 0.42109375 0.521875 0.0359375 0.12291666666666666
0 0.29453125 0.5145833333333333 0.0578125 0.19583333333333333
0 0.31640625 0.503125 0.0265625 0.08958333333333333
0 0.29296875 0.5041666666666667 0.0234375 0.08333333333333333
0 0.4328125 0.5125 0.0375 0.13333333333333333
0 0.2125 0.509375 0.0375 0.13125
0 0.36484375 0.5052083333333334 0.0515625 0.16458333333333333
0 0.41171875 0.509375 0.0421875 0.14375
0 0.5359375 0.5 0.053125 0.19166666666666668
0 0.48359375 0.5083333333333333 0.0515625 0.15833333333333333
0 0.65234375 0.553125 0.1421875 0.63125
0 0.42109375 0.521875 0.0359375 0.12291666666666666
0 0.29453125 0.5145833333333333 0.0578125 0.19583333333333333