0 0.4234375 0.51875 0.0375 0.12916666666666668
0 0.20078125 0.5125 0.0390625 0.12916666666666668
0 0.34765625 0.5072916666666667 0.0515625 0.16875
0 0.5171875 0.50625 0.059375 0.19166666666666668
0 0.40234375 0.5135416666666667 0.0453125 0.14375
0 0.4671875 0.5114583333333333 0.053125 0.16041666666666668
0 0.6421875 0.5427083333333333 0.153125 0.6145833333333334
0 0.29921875 0.515625 0.0578125 0.19791666666666666
0 0.4234375 0.51875 0.0375 0.12916666666666668
0 0.20078125 0.5125 0.0390625 0.12916666666666668
0 0.34765625 0.5072916666666667 0.0515625 0.16875
0 0.5171875 0.50625 0.059375 0.19166666666666668
0 0.40234375 0.5135416666666667 0.0453125 0.14375
0 0.4671875 0.5114583333333333 0.053125 0.16041666666666668
0 0.6421875 0.5427083333333333 0.153125 0.6145833333333334
0 0.29921875 0.515625 0.0578125 0.19791666666666666