0 0.42109375 0.51875 0.0359375 0.1375
0 0.19453125 0.5177083333333333 0.0390625 0.13125
0 0.334375 0.509375 0.053125 0.17291666666666666
0 0.396875 0.515625 0.04375 0.14791666666666667
0 0.509375 0.5104166666666666 0.059375 0.19583333333333333
0 0.4578125 0.5166666666666667 0.053125 0.1625
0 0.634375 0.5427083333333333 0.159375 0.61875
0 0.30390625 0.5166666666666667 0.0578125 0.19583333333333333
0 0.42109375 0.51875 0.0359375 0.1375
0 0.19453125 0.5177083333333333 0.0390625 0.13125
0 0.334375 0.509375 0.053125 0.17291666666666666
0 0.396875 0.515625 0.04375 0.14791666666666667
0 0.509375 0.5104166666666666 0.059375 0.19583333333333333
0 0.4578125 0.5166666666666667 0.053125 0.1625
0 0.634375 0.5427083333333333 0.159375 0.61875
0 0.30390625 0.5166666666666667 0.0578125 0.19583333333333333