0 0.4203125 0.5166666666666667 0.034375 0.14166666666666666
0 0.190625 0.51875 0.040625 0.12916666666666668
0 0.3234375 0.5104166666666666 0.059375 0.175
0 0.50390625 0.509375 0.0578125 0.19791666666666666
0 0.39375 0.5166666666666667 0.04375 0.15
0 0.62578125 0.5458333333333333 0.1546875 0.6208333333333333
0 0.45078125 0.515625 0.0546875 0.16458333333333333
0 0.30859375 0.5177083333333333 0.0578125 0.19791666666666666
0 0.4203125 0.5166666666666667 0.034375 0.14166666666666666
0 0.190625 0.51875 0.040625 0.12916666666666668
0 0.3234375 0.5104166666666666 0.059375 0.175
0 0.50390625 0.509375 0.0578125 0.19791666666666666
0 0.39375 0.5166666666666667 0.04375 0.15
0 0.62578125 0.5458333333333333 0.1546875 0.6208333333333333
0 0.45078125 0.515625 0.0546875 0.16458333333333333
0 0.30859375 0.5177083333333333 0.0578125 0.19791666666666666