0 0.41640625 0.5052083333333334 0.0359375 0.14375
0 0.1828125 0.5083333333333333 0.040625 0.12916666666666668
0 0.3859375 0.5083333333333333 0.04375 0.15
0 0.3046875 0.5020833333333333 0.0625 0.17916666666666667
0 0.490625 0.49895833333333334 0.05625 0.20208333333333334
0 0.43671875 0.50625 0.0546875 0.17083333333333334
0 0.6125 0.546875 0.159375 0.63125
0 0.41640625 0.5052083333333334 0.0359375 0.14375
0 0.1828125 0.5083333333333333 0.040625 0.12916666666666668
0 0.3859375 0.5083333333333333 0.04375 0.15
0 0.3046875 0.5020833333333333 0.0625 0.17916666666666667
0 0.490625 0.49895833333333334 0.05625 0.20208333333333334
0 0.43671875 0.50625 0.0546875 0.17083333333333334
0 0.6125 0.546875 0.159375 0.63125