0 0.178125 0.5020833333333333 0.040625 0.13333333333333333
0 0.43046875 0.5 0.0515625 0.175
0 0.3828125 0.5020833333333333 0.04375 0.15
0 0.29765625 0.496875 0.0671875 0.18541666666666667
0 0.484375 0.49166666666666664 0.059375 0.20833333333333334
0 0.60625 0.5458333333333333 0.159375 0.6291666666666667
0 0.42265625 0.5052083333333334 0.0359375 0.14375
0 0.178125 0.5020833333333333 0.040625 0.13333333333333333
0 0.43046875 0.5 0.0515625 0.175
0 0.3828125 0.5020833333333333 0.04375 0.15
0 0.29765625 0.496875 0.0671875 0.18541666666666667
0 0.484375 0.49166666666666664 0.059375 0.20833333333333334
0 0.60625 0.5458333333333333 0.159375 0.6291666666666667
0 0.42265625 0.5052083333333334 0.0359375 0.14375