0 0.17578125 0.5041666666666667 0.0421875 0.1375
0 0.378125 0.5020833333333333 0.04375 0.15833333333333333
0 0.4203125 0.5010416666666667 0.053125 0.18125
0 0.2859375 0.5010416666666667 0.0625 0.18541666666666667
0 0.475 0.49270833333333336 0.059375 0.21458333333333332
0 0.5890625 0.5510416666666667 0.15 0.63125
0 0.42890625 0.503125 0.0359375 0.14375
0 0.17578125 0.5041666666666667 0.0421875 0.1375
0 0.378125 0.5020833333333333 0.04375 0.15833333333333333
0 0.4203125 0.5010416666666667 0.053125 0.18125
0 0.2859375 0.5010416666666667 0.0625 0.18541666666666667
0 0.475 0.49270833333333336 0.059375 0.21458333333333332
0 0.5890625 0.5510416666666667 0.15 0.63125
0 0.42890625 0.503125 0.0359375 0.14375