0 0.17890625 0.5125 0.0421875 0.1375
0 0.38046875 0.5072916666666667 0.0453125 0.16041666666666668
0 0.41875 0.5072916666666667 0.053125 0.18125
0 0.47265625 0.4979166666666667 0.0609375 0.22083333333333333
0 0.278125 0.5052083333333334 0.059375 0.18958333333333333
0 0.584375 0.553125 0.146875 0.6229166666666667
0 0.43515625 0.503125 0.0359375 0.14375
0 0.17890625 0.5125 0.0421875 0.1375
0 0.38046875 0.5072916666666667 0.0453125 0.16041666666666668
0 0.41875 0.5072916666666667 0.053125 0.18125
0 0.47265625 0.4979166666666667 0.0609375 0.22083333333333333
0 0.278125 0.5052083333333334 0.059375 0.18958333333333333
0 0.584375 0.553125 0.146875 0.6229166666666667
0 0.43515625 0.503125 0.0359375 0.14375