0 0.38359375 0.5135416666666667 0.0453125 0.16458333333333333
0 0.2703125 0.509375 0.059375 0.19791666666666666
0 0.41328125 0.5125 0.0546875 0.18333333333333332
0 0.18515625 0.5197916666666667 0.0515625 0.13541666666666666
0 0.4703125 0.503125 0.0625 0.22291666666666668
0 0.5796875 0.5458333333333333 0.14375 0.6125
0 0.44140625 0.5020833333333333 0.0359375 0.14583333333333334
0 0.38359375 0.5135416666666667 0.0453125 0.16458333333333333
0 0.2703125 0.509375 0.059375 0.19791666666666666
0 0.41328125 0.5125 0.0546875 0.18333333333333332
0 0.18515625 0.5197916666666667 0.0515625 0.13541666666666666
0 0.4703125 0.503125 0.0625 0.22291666666666668
0 0.5796875 0.5458333333333333 0.14375 0.6125
0 0.44140625 0.5020833333333333 0.0359375 0.14583333333333334