0 0.1828125 0.5239583333333333 0.05 0.13541666666666666
0 0.38203125 0.5166666666666667 0.0453125 0.16666666666666666
0 0.2625 0.5135416666666667 0.0625 0.20208333333333334
0 0.40859375 0.51875 0.0515625 0.1875
0 0.465625 0.5072916666666667 0.059375 0.22291666666666668
0 0.57734375 0.5489583333333333 0.1453125 0.6145833333333334
0 0.44765625 0.5010416666666667 0.0359375 0.14375
0 0.1828125 0.5239583333333333 0.05 0.13541666666666666
0 0.38203125 0.5166666666666667 0.0453125 0.16666666666666666
0 0.2625 0.5135416666666667 0.0625 0.20208333333333334
0 0.40859375 0.51875 0.0515625 0.1875
0 0.465625 0.5072916666666667 0.059375 0.22291666666666668
0 0.57734375 0.5489583333333333 0.1453125 0.6145833333333334
0 0.44765625 0.5010416666666667 0.0359375 0.14375