0 0.000294189453125 0.00123046875 0.00052001953125 0.0019314236111111112
0 0.74765625 0.49375 0.0484375 0.1625
0 0.60625 0.5052083333333334 0.1 0.36875
0 0.00078125 0.0010416666666666667 0.0015625 0.0020833333333333333
0 0.809375 0.484375 0.059375 0.20625
0 0.03203125 0.5010416666666667 0.0640625 0.36041666666666666
0 0.0014794921875000001 0.00107421875 0.00021484375000000003 0.0011067708333333333
0 0.21015625 0.50625 0.0546875 0.20833333333333334
0 0.26796875 0.496875 0.0578125 0.21875
0 0.353125 0.49583333333333335 0.059375 0.19583333333333333
0 0.000294189453125 0.00123046875 0.00052001953125 0.0019314236111111112
0 0.74765625 0.49375 0.0484375 0.1625
0 0.60625 0.5052083333333334 0.1 0.36875
0 0.00078125 0.0010416666666666667 0.0015625 0.0020833333333333333
0 0.809375 0.484375 0.059375 0.20625
0 0.03203125 0.5010416666666667 0.0640625 0.36041666666666666
0 0.0014794921875000001 0.00107421875 0.00021484375000000003 0.0011067708333333333
0 0.21015625 0.50625 0.0546875 0.20833333333333334
0 0.26796875 0.496875 0.0578125 0.21875
0 0.353125 0.49583333333333335 0.059375 0.19583333333333333