0 0.38125 0.5291666666666667 0.04375 0.16666666666666666
0 0.18359375 0.5375 0.0484375 0.1375
0 0.40234375 0.5322916666666667 0.0546875 0.18958333333333333
0 0.46171875 0.525 0.0609375 0.22916666666666666
0 0.2515625 0.528125 0.0625 0.20625
0 0.575 0.571875 0.146875 0.6229166666666667
0 0.45390625 0.5 0.0359375 0.14583333333333334
0 0.38125 0.5291666666666667 0.04375 0.16666666666666666
0 0.18359375 0.5375 0.0484375 0.1375
0 0.40234375 0.5322916666666667 0.0546875 0.18958333333333333
0 0.46171875 0.525 0.0609375 0.22916666666666666
0 0.2515625 0.528125 0.0625 0.20625
0 0.575 0.571875 0.146875 0.6229166666666667
0 0.45390625 0.5 0.0359375 0.14583333333333334