0 0.43984375 0.5260416666666666 0.0421875 0.16458333333333333
0 0.39609375 0.5322916666666667 0.0578125 0.19791666666666666
0 0.1859375 0.5375 0.046875 0.1375
0 0.45625 0.525 0.0625 0.23333333333333334
0 0.24140625 0.53125 0.0671875 0.20833333333333334
0 0.57421875 0.5854166666666667 0.1484375 0.6333333333333333
0 0.43984375 0.5260416666666666 0.0421875 0.16458333333333333
0 0.39609375 0.5322916666666667 0.0578125 0.19791666666666666
0 0.1859375 0.5375 0.046875 0.1375
0 0.45625 0.525 0.0625 0.23333333333333334
0 0.24140625 0.53125 0.0671875 0.20833333333333334
0 0.57421875 0.5854166666666667 0.1484375 0.6333333333333333