0 0.18828125 0.5260416666666666 0.0421875 0.13541666666666666
0 0.38984375 0.5197916666666667 0.0578125 0.20208333333333334
0 0.45234375 0.5125 0.0640625 0.2375
0 0.23359375 0.5208333333333334 0.0640625 0.20833333333333334
0 0.5703125 0.5770833333333333 0.146875 0.625
0 0.44453125 0.528125 0.0421875 0.16458333333333333
0 0.18828125 0.5260416666666666 0.0421875 0.13541666666666666
0 0.38984375 0.5197916666666667 0.0578125 0.20208333333333334
0 0.45234375 0.5125 0.0640625 0.2375
0 0.23359375 0.5208333333333334 0.0640625 0.20833333333333334
0 0.5703125 0.5770833333333333 0.146875 0.625
0 0.44453125 0.528125 0.0421875 0.16458333333333333