0 0.21328125 0.5145833333333333 0.0640625 0.22083333333333333
0 0.4390625 0.509375 0.065625 0.24791666666666667
0 0.37265625 0.51875 0.0609375 0.20833333333333334
0 0.56171875 0.5760416666666667 0.1453125 0.6229166666666667
0 0.2484375 0.5114583333333333 0.034375 0.11458333333333333
0 0.4484375 0.5291666666666667 0.04375 0.1625
0 0.21328125 0.5145833333333333 0.0640625 0.22083333333333333
0 0.4390625 0.509375 0.065625 0.24791666666666667
0 0.37265625 0.51875 0.0609375 0.20833333333333334
0 0.56171875 0.5760416666666667 0.1453125 0.6229166666666667
0 0.2484375 0.5114583333333333 0.034375 0.11458333333333333
0 0.4484375 0.5291666666666667 0.04375 0.1625