0 0.246875 0.5041666666666667 0.034375 0.11666666666666667
0 0.2015625 0.5104166666666666 0.071875 0.225
0 0.36484375 0.5145833333333333 0.0640625 0.20833333333333334
0 0.43359375 0.5041666666666667 0.0671875 0.25416666666666665
0 0.55859375 0.5645833333333333 0.1453125 0.6083333333333333
0 0.453125 0.53125 0.04375 0.1625
0 0.246875 0.5041666666666667 0.034375 0.11666666666666667
0 0.2015625 0.5104166666666666 0.071875 0.225
0 0.36484375 0.5145833333333333 0.0640625 0.20833333333333334
0 0.43359375 0.5041666666666667 0.0671875 0.25416666666666665
0 0.55859375 0.5645833333333333 0.1453125 0.6083333333333333
0 0.453125 0.53125 0.04375 0.1625