0 0.2546875 0.5041666666666667 0.03125 0.1125
0 0.1953125 0.5083333333333333 0.06875 0.22916666666666666
0 0.3625 0.5177083333333333 0.06875 0.21458333333333332
0 0.43203125 0.503125 0.0671875 0.2604166666666667
0 0.5609375 0.5572916666666666 0.15 0.6104166666666667
0 0.45703125 0.5333333333333333 0.0421875 0.1625
0 0.2546875 0.5041666666666667 0.03125 0.1125
0 0.1953125 0.5083333333333333 0.06875 0.22916666666666666
0 0.3625 0.5177083333333333 0.06875 0.21458333333333332
0 0.43203125 0.503125 0.0671875 0.2604166666666667
0 0.5609375 0.5572916666666666 0.15 0.6104166666666667
0 0.45703125 0.5333333333333333 0.0421875 0.1625