0 0.2578125 0.5135416666666667 0.03125 0.11041666666666666
0 0.45703125 0.5208333333333334 0.0453125 0.175
0 0.18828125 0.5177083333333333 0.0734375 0.23125
0 0.428125 0.5114583333333333 0.071875 0.26458333333333334
0 0.3625 0.5260416666666666 0.071875 0.21875
0 0.559375 0.565625 0.146875 0.6145833333333334
0 0.39453125 0.5197916666666667 0.0484375 0.18958333333333333
0 0.2578125 0.5135416666666667 0.03125 0.11041666666666666
0 0.45703125 0.5208333333333334 0.0453125 0.175
0 0.18828125 0.5177083333333333 0.0734375 0.23125
0 0.428125 0.5114583333333333 0.071875 0.26458333333333334
0 0.3625 0.5260416666666666 0.071875 0.21875
0 0.559375 0.565625 0.146875 0.6145833333333334
0 0.39453125 0.5197916666666667 0.0484375 0.18958333333333333