0 0.3953125 0.528125 0.05 0.19375
0 0.2578125 0.515625 0.03125 0.11041666666666666
0 0.465625 0.5270833333333333 0.053125 0.17916666666666667
0 0.41640625 0.5197916666666667 0.0828125 0.27291666666666664
0 0.35234375 0.528125 0.0734375 0.22708333333333333
0 0.16953125 0.5239583333333333 0.0921875 0.23541666666666666
0 0.55625 0.5802083333333333 0.14375 0.61875
0 0.23671875 0.5197916666666667 0.0265625 0.10208333333333333
0 0.3953125 0.528125 0.05 0.19375
0 0.2578125 0.515625 0.03125 0.11041666666666666
0 0.465625 0.5270833333333333 0.053125 0.17916666666666667
0 0.41640625 0.5197916666666667 0.0828125 0.27291666666666664
0 0.35234375 0.528125 0.0734375 0.22708333333333333
0 0.16953125 0.5239583333333333 0.0921875 0.23541666666666666
0 0.55625 0.5802083333333333 0.14375 0.61875
0 0.23671875 0.5197916666666667 0.0265625 0.10208333333333333