0 0.23984375 0.5208333333333334 0.0265625 0.1
0 0.2609375 0.515625 0.03125 0.11041666666666666
0 0.47109375 0.5291666666666667 0.0515625 0.175
0 0.34921875 0.5270833333333333 0.0703125 0.23333333333333334
0 0.1671875 0.5260416666666666 0.09375 0.23958333333333334
0 0.4171875 0.521875 0.084375 0.27708333333333335
0 0.55546875 0.5875 0.1421875 0.6166666666666667
0 0.23984375 0.5208333333333334 0.0265625 0.1
0 0.2609375 0.515625 0.03125 0.11041666666666666
0 0.47109375 0.5291666666666667 0.0515625 0.175
0 0.34921875 0.5270833333333333 0.0703125 0.23333333333333334
0 0.1671875 0.5260416666666666 0.09375 0.23958333333333334
0 0.4171875 0.521875 0.084375 0.27708333333333335
0 0.55546875 0.5875 0.1421875 0.6166666666666667