0 0.25 0.5114583333333333 0.028125 0.10208333333333333
0 0.271875 0.5083333333333333 0.03125 0.1125
0 0.48671875 0.5197916666666667 0.0515625 0.17708333333333334
0 0.35078125 0.5177083333333333 0.0703125 0.23958333333333334
0 0.16953125 0.5145833333333333 0.0921875 0.24583333333333332
0 0.42421875 0.5125 0.0859375 0.2833333333333333
0 0.5609375 0.584375 0.14375 0.6145833333333334
0 0.22578125 0.5166666666666667 0.0390625 0.14583333333333334
0 0.25 0.5114583333333333 0.028125 0.10208333333333333
0 0.271875 0.5083333333333333 0.03125 0.1125
0 0.48671875 0.5197916666666667 0.0515625 0.17708333333333334
0 0.35078125 0.5177083333333333 0.0703125 0.23958333333333334
0 0.16953125 0.5145833333333333 0.0921875 0.24583333333333332
0 0.42421875 0.5125 0.0859375 0.2833333333333333
0 0.5609375 0.584375 0.14375 0.6145833333333334
0 0.22578125 0.5166666666666667 0.0390625 0.14583333333333334