0 0.0004638671875 0.0014409722222222222 0.00041015625000000004 0.0019270833333333334
0 0.79609375 0.484375 0.0578125 0.21458333333333332
0 0.00078125 0.0010416666666666667 0.0015625 0.0020833333333333333
0 0.9125 0.5177083333333333 0.153125 0.5354166666666667
0 0.15703125 0.5135416666666667 0.0671875 0.24791666666666667
0 0.2484375 0.55625 0.2 0.8791666666666667
0 0.21015625 0.50625 0.0546875 0.20833333333333334
0 0.60390625 0.50625 0.1015625 0.36666666666666664
0 0.26640625 0.496875 0.0578125 0.21875
0 0.35390625 0.4947916666666667 0.0578125 0.19791666666666666
0 0.0004638671875 0.0014409722222222222 0.00041015625000000004 0.0019270833333333334
0 0.79609375 0.484375 0.0578125 0.21458333333333332
0 0.00078125 0.0010416666666666667 0.0015625 0.0020833333333333333
0 0.9125 0.5177083333333333 0.153125 0.5354166666666667
0 0.15703125 0.5135416666666667 0.0671875 0.24791666666666667
0 0.2484375 0.55625 0.2 0.8791666666666667
0 0.21015625 0.50625 0.0546875 0.20833333333333334
0 0.60390625 0.50625 0.1015625 0.36666666666666664
0 0.26640625 0.496875 0.0578125 0.21875
0 0.35390625 0.4947916666666667 0.0578125 0.19791666666666666