0 0.284375 0.4947916666666667 0.03125 0.11458333333333333
0 0.5046875 0.5072916666666667 0.05 0.18541666666666667
0 0.2421875 0.5052083333333334 0.040625 0.13958333333333334
0 0.171875 0.5020833333333333 0.0875 0.25
0 0.35390625 0.5072916666666667 0.0734375 0.24375
0 0.4296875 0.49895833333333334 0.0875 0.29375
0 0.5671875 0.5677083333333334 0.146875 0.6104166666666667
0 0.25703125 0.503125 0.0265625 0.10208333333333333
0 0.284375 0.4947916666666667 0.03125 0.11458333333333333
0 0.5046875 0.5072916666666667 0.05 0.18541666666666667
0 0.2421875 0.5052083333333334 0.040625 0.13958333333333334
0 0.171875 0.5020833333333333 0.0875 0.25
0 0.35390625 0.5072916666666667 0.0734375 0.24375
0 0.4296875 0.49895833333333334 0.0875 0.29375
0 0.5671875 0.5677083333333334 0.146875 0.6104166666666667
0 0.25703125 0.503125 0.0265625 0.10208333333333333