0 0.2921875 0.49270833333333336 0.03125 0.11458333333333333
0 0.2546875 0.5041666666666667 0.046875 0.1375
0 0.16953125 0.4979166666666667 0.0796875 0.25833333333333336
0 0.35546875 0.5083333333333333 0.0765625 0.25
0 0.43125 0.49583333333333335 0.0875 0.30416666666666664
0 0.56875 0.5572916666666666 0.15 0.5979166666666667
0 0.2625 0.4979166666666667 0.028125 0.10416666666666667
0 0.2921875 0.49270833333333336 0.03125 0.11458333333333333
0 0.2546875 0.5041666666666667 0.046875 0.1375
0 0.16953125 0.4979166666666667 0.0796875 0.25833333333333336
0 0.35546875 0.5083333333333333 0.0765625 0.25
0 0.43125 0.49583333333333335 0.0875 0.30416666666666664
0 0.56875 0.5572916666666666 0.15 0.5979166666666667
0 0.2625 0.4979166666666667 0.028125 0.10416666666666667