0 0.30703125 0.48854166666666665 0.0328125 0.11875
0 0.27421875 0.5020833333333333 0.0484375 0.1375
0 0.16640625 0.4947916666666667 0.0828125 0.26875
0 0.3625 0.50625 0.078125 0.25416666666666665
0 0.434375 0.490625 0.08125 0.3104166666666667
0 0.58203125 0.5489583333333333 0.1421875 0.6020833333333333
0 0.4640625 0.5020833333333333 0.053125 0.20833333333333334
0 0.26875 0.49270833333333336 0.028125 0.10208333333333333
0 0.30703125 0.48854166666666665 0.0328125 0.11875
0 0.27421875 0.5020833333333333 0.0484375 0.1375
0 0.16640625 0.4947916666666667 0.0828125 0.26875
0 0.3625 0.50625 0.078125 0.25416666666666665
0 0.434375 0.490625 0.08125 0.3104166666666667
0 0.58203125 0.5489583333333333 0.1421875 0.6020833333333333
0 0.4640625 0.5020833333333333 0.053125 0.20833333333333334
0 0.26875 0.49270833333333336 0.028125 0.10208333333333333