0 0.31796875 0.48854166666666665 0.0328125 0.11875
0 0.1703125 0.49583333333333335 0.0875 0.2708333333333333
0 0.28671875 0.503125 0.0484375 0.13541666666666666
0 0.475 0.4979166666666667 0.05625 0.21666666666666667
0 0.36875 0.5041666666666667 0.075 0.25833333333333336
0 0.43984375 0.490625 0.0828125 0.3229166666666667
0 0.59296875 0.5510416666666667 0.1421875 0.6104166666666667
0 0.275 0.4864583333333333 0.028125 0.10208333333333333
0 0.2390625 0.49375 0.0375 0.11666666666666667
0 0.31796875 0.48854166666666665 0.0328125 0.11875
0 0.1703125 0.49583333333333335 0.0875 0.2708333333333333
0 0.28671875 0.503125 0.0484375 0.13541666666666666
0 0.475 0.4979166666666667 0.05625 0.21666666666666667
0 0.36875 0.5041666666666667 0.075 0.25833333333333336
0 0.43984375 0.490625 0.0828125 0.3229166666666667
0 0.59296875 0.5510416666666667 0.1421875 0.6104166666666667
0 0.275 0.4864583333333333 0.028125 0.10208333333333333
0 0.2390625 0.49375 0.0375 0.11666666666666667