0 0.2625 0.490625 0.03125 0.11458333333333333
0 0.2484375 0.49375 0.0375 0.1125
0 0.30625 0.5010416666666667 0.04375 0.13541666666666666
0 0.1703125 0.49895833333333334 0.1 0.27291666666666664
0 0.3703125 0.503125 0.08125 0.26458333333333334
0 0.44609375 0.49166666666666664 0.0859375 0.32916666666666666
0 0.49375 0.5 0.059375 0.22083333333333333
0 0.60625 0.5614583333333333 0.140625 0.61875
0 0.325 0.4864583333333333 0.03125 0.11875
0 0.2625 0.490625 0.03125 0.11458333333333333
0 0.2484375 0.49375 0.0375 0.1125
0 0.30625 0.5010416666666667 0.04375 0.13541666666666666
0 0.1703125 0.49895833333333334 0.1 0.27291666666666664
0 0.3703125 0.503125 0.08125 0.26458333333333334
0 0.44609375 0.49166666666666664 0.0859375 0.32916666666666666
0 0.49375 0.5 0.059375 0.22083333333333333
0 0.60625 0.5614583333333333 0.140625 0.61875
0 0.325 0.4864583333333333 0.03125 0.11875