0 0.25078125 0.490625 0.0453125 0.12291666666666666
0 0.32421875 0.49583333333333335 0.0359375 0.1375
0 0.16171875 0.5 0.1078125 0.2833333333333333
0 0.5078125 0.5020833333333333 0.0625 0.22916666666666666
0 0.365625 0.5 0.08125 0.2791666666666667
0 0.44140625 0.4947916666666667 0.0953125 0.34375
0 0.61640625 0.5729166666666666 0.1390625 0.6125
0 0.31875 0.5 0.04375 0.1375
0 0.25078125 0.490625 0.0453125 0.12291666666666666
0 0.32421875 0.49583333333333335 0.0359375 0.1375
0 0.16171875 0.5 0.1078125 0.2833333333333333
0 0.5078125 0.5020833333333333 0.0625 0.22916666666666666
0 0.365625 0.5 0.08125 0.2791666666666667
0 0.44140625 0.4947916666666667 0.0953125 0.34375
0 0.61640625 0.5729166666666666 0.1390625 0.6125
0 0.31875 0.5 0.04375 0.1375