0 0.15546875 0.49166666666666664 0.1078125 0.29583333333333334
0 0.35625 0.496875 0.09375 0.28541666666666665
0 0.51953125 0.496875 0.0640625 0.23958333333333334
0 0.44140625 0.490625 0.1015625 0.35625
0 0.621875 0.5666666666666667 0.134375 0.6125
0 0.03671875 0.484375 0.0453125 0.14791666666666667
0 0.25390625 0.48854166666666665 0.0453125 0.12291666666666666
0 0.3328125 0.49895833333333334 0.04375 0.13541666666666666
0 0.33046875 0.4947916666666667 0.0359375 0.13541666666666666
0 0.15546875 0.49166666666666664 0.1078125 0.29583333333333334
0 0.35625 0.496875 0.09375 0.28541666666666665
0 0.51953125 0.496875 0.0640625 0.23958333333333334
0 0.44140625 0.490625 0.1015625 0.35625
0 0.621875 0.5666666666666667 0.134375 0.6125
0 0.03671875 0.484375 0.0453125 0.14791666666666667
0 0.25390625 0.48854166666666665 0.0453125 0.12291666666666666
0 0.3328125 0.49895833333333334 0.04375 0.13541666666666666
0 0.33046875 0.4947916666666667 0.0359375 0.13541666666666666