0 0.040625 0.4739583333333333 0.04375 0.14791666666666667
0 0.240625 0.47604166666666664 0.04375 0.12708333333333333
0 0.15703125 0.48333333333333334 0.0921875 0.30416666666666664
0 0.35703125 0.4947916666666667 0.1046875 0.29375
0 0.43984375 0.4864583333333333 0.1015625 0.3729166666666667
0 0.534375 0.4895833333333333 0.06875 0.24583333333333332
0 0.63046875 0.546875 0.1359375 0.59375
0 0.346875 0.496875 0.04375 0.13541666666666666
0 0.33671875 0.49375 0.0359375 0.1375
0 0.040625 0.4739583333333333 0.04375 0.14791666666666667
0 0.240625 0.47604166666666664 0.04375 0.12708333333333333
0 0.15703125 0.48333333333333334 0.0921875 0.30416666666666664
0 0.35703125 0.4947916666666667 0.1046875 0.29375
0 0.43984375 0.4864583333333333 0.1015625 0.3729166666666667
0 0.534375 0.4895833333333333 0.06875 0.24583333333333332
0 0.63046875 0.546875 0.1359375 0.59375
0 0.346875 0.496875 0.04375 0.13541666666666666
0 0.33671875 0.49375 0.0359375 0.1375