0 0.0453125 0.4739583333333333 0.04375 0.15208333333333332
0 0.23984375 0.47291666666666665 0.0453125 0.12916666666666668
0 0.1546875 0.48020833333333335 0.096875 0.3104166666666667
0 0.6390625 0.5447916666666667 0.140625 0.5979166666666667
0 0.3578125 0.49375 0.10625 0.3
0 0.5453125 0.48854166666666665 0.071875 0.2520833333333333
0 0.4359375 0.484375 0.096875 0.38125
0 0.3609375 0.4947916666666667 0.04375 0.13541666666666666
0 0.34296875 0.49270833333333336 0.0359375 0.13541666666666666
0 0.0453125 0.4739583333333333 0.04375 0.15208333333333332
0 0.23984375 0.47291666666666665 0.0453125 0.12916666666666668
0 0.1546875 0.48020833333333335 0.096875 0.3104166666666667
0 0.6390625 0.5447916666666667 0.140625 0.5979166666666667
0 0.3578125 0.49375 0.10625 0.3
0 0.5453125 0.48854166666666665 0.071875 0.2520833333333333
0 0.4359375 0.484375 0.096875 0.38125
0 0.3609375 0.4947916666666667 0.04375 0.13541666666666666
0 0.34296875 0.49270833333333336 0.0359375 0.13541666666666666