0 0.05703125 0.46458333333333335 0.0453125 0.15
0 0.25390625 0.465625 0.0484375 0.12708333333333333
0 0.35859375 0.4822916666666667 0.1015625 0.3145833333333333
0 0.434375 0.46875 0.096875 0.4
0 0.13828125 0.471875 0.1078125 0.31875
0 0.65546875 0.534375 0.1453125 0.60625
0 0.5671875 0.48125 0.071875 0.2625
0 0.7109375 0.4822916666666667 0.078125 0.24375
0 0.375 0.49375 0.04375 0.1375
0 0.34921875 0.49270833333333336 0.0359375 0.13541666666666666
0 0.05703125 0.46458333333333335 0.0453125 0.15
0 0.25390625 0.465625 0.0484375 0.12708333333333333
0 0.35859375 0.4822916666666667 0.1015625 0.3145833333333333
0 0.434375 0.46875 0.096875 0.4
0 0.13828125 0.471875 0.1078125 0.31875
0 0.65546875 0.534375 0.1453125 0.60625
0 0.5671875 0.48125 0.071875 0.2625
0 0.7109375 0.4822916666666667 0.078125 0.24375
0 0.375 0.49375 0.04375 0.1375
0 0.34921875 0.49270833333333336 0.0359375 0.13541666666666666