0 0.0005126953125 0.0014756944444444446 0.00039550781249999997 0.0019270833333333334
0 0.00078125 0.0010416666666666667 0.0015625 0.0020833333333333333
0 0.90390625 0.5052083333333334 0.1515625 0.5104166666666666
0 0.153125 0.515625 0.075 0.2520833333333333
0 0.00039550781249999997 0.0011957465277777778 0.0003076171875 0.0019227430555555556
0 0.20859375 0.50625 0.0546875 0.20833333333333334
0 0.7953125 0.4864583333333333 0.059375 0.21458333333333332
0 0.6015625 0.50625 0.1 0.36666666666666664
0 0.26640625 0.496875 0.0578125 0.21875
0 0.3546875 0.4947916666666667 0.059375 0.19791666666666666
0 0.0005126953125 0.0014756944444444446 0.00039550781249999997 0.0019270833333333334
0 0.00078125 0.0010416666666666667 0.0015625 0.0020833333333333333
0 0.90390625 0.5052083333333334 0.1515625 0.5104166666666666
0 0.153125 0.515625 0.075 0.2520833333333333
0 0.00039550781249999997 0.0011957465277777778 0.0003076171875 0.0019227430555555556
0 0.20859375 0.50625 0.0546875 0.20833333333333334
0 0.7953125 0.4864583333333333 0.059375 0.21458333333333332
0 0.6015625 0.50625 0.1 0.36666666666666664
0 0.26640625 0.496875 0.0578125 0.21875
0 0.3546875 0.4947916666666667 0.059375 0.19791666666666666