0 0.26171875 0.46458333333333335 0.0484375 0.125
0 0.065625 0.465625 0.046875 0.15208333333333332
0 0.7265625 0.4791666666666667 0.075 0.24583333333333332
0 0.6625 0.5354166666666667 0.140625 0.6125
0 0.43515625 0.46458333333333335 0.1015625 0.4083333333333333
0 0.58125 0.47708333333333336 0.071875 0.26666666666666666
0 0.13515625 0.4708333333333333 0.1234375 0.325
0 0.35703125 0.478125 0.0984375 0.3229166666666667
0 0.3890625 0.49270833333333336 0.04375 0.13541666666666666
0 0.35546875 0.49166666666666664 0.0359375 0.1375
0 0.26171875 0.46458333333333335 0.0484375 0.125
0 0.065625 0.465625 0.046875 0.15208333333333332
0 0.7265625 0.4791666666666667 0.075 0.24583333333333332
0 0.6625 0.5354166666666667 0.140625 0.6125
0 0.43515625 0.46458333333333335 0.1015625 0.4083333333333333
0 0.58125 0.47708333333333336 0.071875 0.26666666666666666
0 0.13515625 0.4708333333333333 0.1234375 0.325
0 0.35703125 0.478125 0.0984375 0.3229166666666667
0 0.3890625 0.49270833333333336 0.04375 0.13541666666666666
0 0.35546875 0.49166666666666664 0.0359375 0.1375