0 0.26875 0.46458333333333335 0.046875 0.12083333333333333
0 0.0734375 0.46875 0.05 0.15
0 0.74921875 0.47708333333333336 0.0796875 0.25416666666666665
0 0.3515625 0.4791666666666667 0.1 0.3375
0 0.6734375 0.5427083333333333 0.14375 0.6145833333333334
0 0.5984375 0.4791666666666667 0.075 0.275
0 0.13203125 0.475 0.1359375 0.3375
0 0.42109375 0.4666666666666667 0.1328125 0.42083333333333334
0 0.403125 0.490625 0.04375 0.13541666666666666
0 0.36171875 0.490625 0.0359375 0.13541666666666666
0 0.26875 0.46458333333333335 0.046875 0.12083333333333333
0 0.0734375 0.46875 0.05 0.15
0 0.74921875 0.47708333333333336 0.0796875 0.25416666666666665
0 0.3515625 0.4791666666666667 0.1 0.3375
0 0.6734375 0.5427083333333333 0.14375 0.6145833333333334
0 0.5984375 0.4791666666666667 0.075 0.275
0 0.13203125 0.475 0.1359375 0.3375
0 0.42109375 0.4666666666666667 0.1328125 0.42083333333333334
0 0.403125 0.490625 0.04375 0.13541666666666666
0 0.36171875 0.490625 0.0359375 0.13541666666666666