0 0.07109375 0.459375 0.0484375 0.15625
0 0.2625 0.45208333333333334 0.04375 0.125
0 0.6109375 0.46979166666666666 0.078125 0.28541666666666665
0 0.7734375 0.4625 0.075 0.2625
0 0.3421875 0.4708333333333333 0.103125 0.35
0 0.67421875 0.5375 0.1421875 0.6166666666666667
0 0.41171875 0.46145833333333336 0.1578125 0.43125
0 0.12578125 0.46875 0.1359375 0.35
0 0.4171875 0.48854166666666665 0.04375 0.13541666666666666
0 0.36796875 0.4895833333333333 0.0359375 0.1375
0 0.07109375 0.459375 0.0484375 0.15625
0 0.2625 0.45208333333333334 0.04375 0.125
0 0.6109375 0.46979166666666666 0.078125 0.28541666666666665
0 0.7734375 0.4625 0.075 0.2625
0 0.3421875 0.4708333333333333 0.103125 0.35
0 0.67421875 0.5375 0.1421875 0.6166666666666667
0 0.41171875 0.46145833333333336 0.1578125 0.43125
0 0.12578125 0.46875 0.1359375 0.35
0 0.4171875 0.48854166666666665 0.04375 0.13541666666666666
0 0.36796875 0.4895833333333333 0.0359375 0.1375