0 0.62421875 0.4635416666666667 0.0859375 0.28958333333333336
0 0.78984375 0.459375 0.0765625 0.27291666666666664
0 0.33046875 0.46875 0.1078125 0.35833333333333334
0 0.67265625 0.528125 0.1421875 0.6104166666666667
0 0.4078125 0.4552083333333333 0.165625 0.44375
0 0.11171875 0.4583333333333333 0.1328125 0.35833333333333334
0 0.15625 0.4395833333333333 0.04375 0.15
0 0.43125 0.4875 0.04375 0.1375
0 0.37421875 0.48854166666666665 0.0359375 0.13541666666666666
0 0.06640625 0.45416666666666666 0.0484375 0.15416666666666667
0 0.62421875 0.4635416666666667 0.0859375 0.28958333333333336
0 0.78984375 0.459375 0.0765625 0.27291666666666664
0 0.33046875 0.46875 0.1078125 0.35833333333333334
0 0.67265625 0.528125 0.1421875 0.6104166666666667
0 0.4078125 0.4552083333333333 0.165625 0.44375
0 0.11171875 0.4583333333333333 0.1328125 0.35833333333333334
0 0.15625 0.4395833333333333 0.04375 0.15
0 0.43125 0.4875 0.04375 0.1375
0 0.37421875 0.48854166666666665 0.0359375 0.13541666666666666
0 0.06640625 0.45416666666666666 0.0484375 0.15416666666666667