0 0.15546875 0.43125 0.0421875 0.15
0 0.31015625 0.4625 0.1109375 0.375
0 0.8171875 0.45729166666666665 0.090625 0.27708333333333335
0 0.07890625 0.4427083333333333 0.1140625 0.3770833333333333
0 0.66796875 0.5 0.1484375 0.5916666666666667
0 0.3953125 0.45 0.165625 0.4708333333333333
0 0.4453125 0.4864583333333333 0.04375 0.13541666666666666
0 0.38046875 0.48854166666666665 0.0359375 0.13541666666666666
0 0.63828125 0.459375 0.0859375 0.28958333333333336
0 0.07109375 0.45208333333333334 0.0484375 0.15416666666666667
0 0.15546875 0.43125 0.0421875 0.15
0 0.31015625 0.4625 0.1109375 0.375
0 0.8171875 0.45729166666666665 0.090625 0.27708333333333335
0 0.07890625 0.4427083333333333 0.1140625 0.3770833333333333
0 0.66796875 0.5 0.1484375 0.5916666666666667
0 0.3953125 0.45 0.165625 0.4708333333333333
0 0.4453125 0.4864583333333333 0.04375 0.13541666666666666
0 0.38046875 0.48854166666666665 0.0359375 0.13541666666666666
0 0.63828125 0.459375 0.0859375 0.28958333333333336
0 0.07109375 0.45208333333333334 0.0484375 0.15416666666666667