0 0.43828125 0.44375 0.0484375 0.1375
0 0.06171875 0.43854166666666666 0.1171875 0.3854166666666667
0 0.83515625 0.4552083333333333 0.1015625 0.28541666666666665
0 0.303125 0.45729166666666665 0.1125 0.38125
0 0.3890625 0.44375 0.159375 0.4875
0 0.67265625 0.49375 0.1484375 0.5958333333333333
0 0.15859375 0.43125 0.0421875 0.15
0 0.38671875 0.4864583333333333 0.0359375 0.13541666666666666
0 0.65234375 0.45625 0.0859375 0.2916666666666667
0 0.07421875 0.4479166666666667 0.0484375 0.15416666666666667
0 0.43828125 0.44375 0.0484375 0.1375
0 0.06171875 0.43854166666666666 0.1171875 0.3854166666666667
0 0.83515625 0.4552083333333333 0.1015625 0.28541666666666665
0 0.303125 0.45729166666666665 0.1125 0.38125
0 0.3890625 0.44375 0.159375 0.4875
0 0.67265625 0.49375 0.1484375 0.5958333333333333
0 0.15859375 0.43125 0.0421875 0.15
0 0.38671875 0.4864583333333333 0.0359375 0.13541666666666666
0 0.65234375 0.45625 0.0859375 0.2916666666666667
0 0.07421875 0.4479166666666667 0.0484375 0.15416666666666667