0 0.68125 0.45729166666666665 0.10625 0.35208333333333336
0 0.14609375 0.446875 0.0390625 0.14375
0 0.04140625 0.44583333333333336 0.0828125 0.4041666666666667
0 0.40546875 0.44166666666666665 0.0359375 0.14166666666666666
0 0.44765625 0.4510416666666667 0.0484375 0.13541666666666666
0 0.34765625 0.44375 0.1265625 0.5416666666666666
0 0.8875 0.465625 0.096875 0.3145833333333333
0 0.26328125 0.45625 0.1140625 0.4166666666666667
0 0.678125 0.509375 0.146875 0.6104166666666667
0 0.08203125 0.44166666666666665 0.0484375 0.15416666666666667
0 0.68125 0.45729166666666665 0.10625 0.35208333333333336
0 0.14609375 0.446875 0.0390625 0.14375
0 0.04140625 0.44583333333333336 0.0828125 0.4041666666666667
0 0.40546875 0.44166666666666665 0.0359375 0.14166666666666666
0 0.44765625 0.4510416666666667 0.0484375 0.13541666666666666
0 0.34765625 0.44375 0.1265625 0.5416666666666666
0 0.8875 0.465625 0.096875 0.3145833333333333
0 0.26328125 0.45625 0.1140625 0.4166666666666667
0 0.678125 0.509375 0.146875 0.6104166666666667
0 0.08203125 0.44166666666666665 0.0484375 0.15416666666666667