0 0.690625 0.475 0.115625 0.37083333333333335
0 0.40625 0.4552083333333333 0.0375 0.14375
0 0.4546875 0.4635416666666667 0.04375 0.13541666666666666
0 0.91953125 0.48125 0.0921875 0.32916666666666666
0 0.675 0.5302083333333333 0.1375 0.60625
0 0.315625 0.4625 0.15 0.5791666666666667
0 0.23359375 0.46979166666666666 0.1390625 0.4395833333333333
0 0.14609375 0.45416666666666666 0.0390625 0.14583333333333334
0 0.08671875 0.43854166666666666 0.0484375 0.15625
0 0.690625 0.475 0.115625 0.37083333333333335
0 0.40625 0.4552083333333333 0.0375 0.14375
0 0.4546875 0.4635416666666667 0.04375 0.13541666666666666
0 0.91953125 0.48125 0.0921875 0.32916666666666666
0 0.675 0.5302083333333333 0.1375 0.60625
0 0.315625 0.4625 0.15 0.5791666666666667
0 0.23359375 0.46979166666666666 0.1390625 0.4395833333333333
0 0.14609375 0.45416666666666666 0.0390625 0.14583333333333334
0 0.08671875 0.43854166666666666 0.0484375 0.15625