0 0.14609375 0.465625 0.0390625 0.14791666666666667
0 0.1046875 0.46770833333333334 0.04375 0.13958333333333334
0 0.70703125 0.4895833333333333 0.1046875 0.375
0 0.46328125 0.46979166666666666 0.0390625 0.13541666666666666
0 0.41015625 0.459375 0.0390625 0.14375
0 0.94765625 0.490625 0.0921875 0.33958333333333335
0 0.67890625 0.5416666666666666 0.1359375 0.6125
0 0.290625 0.46770833333333334 0.1875 0.6020833333333333
0 0.21640625 0.478125 0.1765625 0.4479166666666667
0 0.37890625 0.465625 0.0359375 0.13125
0 0.04765625 0.4552083333333333 0.0515625 0.17708333333333334
0 0.14609375 0.465625 0.0390625 0.14791666666666667
0 0.1046875 0.46770833333333334 0.04375 0.13958333333333334
0 0.70703125 0.4895833333333333 0.1046875 0.375
0 0.46328125 0.46979166666666666 0.0390625 0.13541666666666666
0 0.41015625 0.459375 0.0390625 0.14375
0 0.94765625 0.490625 0.0921875 0.33958333333333335
0 0.67890625 0.5416666666666666 0.1359375 0.6125
0 0.290625 0.46770833333333334 0.1875 0.6020833333333333
0 0.21640625 0.478125 0.1765625 0.4479166666666667
0 0.37890625 0.465625 0.0359375 0.13125
0 0.04765625 0.4552083333333333 0.0515625 0.17708333333333334