0 0.78046875 0.48541666666666666 0.0578125 0.21666666666666667
0 0.21328125 0.5052083333333334 0.0640625 0.2604166666666667
0 0.140625 0.5177083333333333 0.078125 0.25625
0 0.88203125 0.5052083333333334 0.1453125 0.49375
0 0.00064697265625 0.00142578125 0.0003466796875 0.0018272569444444445
0 0.00078125 0.0010416666666666667 0.0015625 0.0020833333333333333
0 0.08359375 0.5145833333333333 0.0515625 0.1625
0 0.0004638671875 0.0012131076388888888 0.0005224609374999999 0.0018793402777777777
0 0.6 0.50625 0.1 0.36666666666666664
0 0.26484375 0.496875 0.0578125 0.21875
0 0.35546875 0.4947916666666667 0.0578125 0.19791666666666666
0 0.78046875 0.48541666666666666 0.0578125 0.21666666666666667
0 0.21328125 0.5052083333333334 0.0640625 0.2604166666666667
0 0.140625 0.5177083333333333 0.078125 0.25625
0 0.88203125 0.5052083333333334 0.1453125 0.49375
0 0.00064697265625 0.00142578125 0.0003466796875 0.0018272569444444445
0 0.00078125 0.0010416666666666667 0.0015625 0.0020833333333333333
0 0.08359375 0.5145833333333333 0.0515625 0.1625
0 0.0004638671875 0.0012131076388888888 0.0005224609374999999 0.0018793402777777777
0 0.6 0.50625 0.1 0.36666666666666664
0 0.26484375 0.496875 0.0578125 0.21875
0 0.35546875 0.4947916666666667 0.0578125 0.19791666666666666