0 0.1109375 0.46979166666666666 0.04375 0.13958333333333334
0 0.0015307617187500001 0.0010286458333333335 0.0001513671875 0.0007118055555555556
0 0.04921875 0.4552083333333333 0.0546875 0.18541666666666667
0 0.4796875 0.471875 0.0375 0.13541666666666666
0 0.38828125 0.465625 0.0359375 0.13541666666666666
0 0.41796875 0.4625 0.0390625 0.14583333333333334
0 0.73203125 0.496875 0.1078125 0.38125
0 0.68515625 0.5291666666666667 0.1328125 0.6
0 0.2046875 0.4864583333333333 0.19375 0.47291666666666665
0 0.27421875 0.478125 0.2203125 0.6395833333333333
0 0.1109375 0.46979166666666666 0.04375 0.13958333333333334
0 0.0015307617187500001 0.0010286458333333335 0.0001513671875 0.0007118055555555556
0 0.04921875 0.4552083333333333 0.0546875 0.18541666666666667
0 0.4796875 0.471875 0.0375 0.13541666666666666
0 0.38828125 0.465625 0.0359375 0.13541666666666666
0 0.41796875 0.4625 0.0390625 0.14583333333333334
0 0.73203125 0.496875 0.1078125 0.38125
0 0.68515625 0.5291666666666667 0.1328125 0.6
0 0.2046875 0.4864583333333333 0.19375 0.47291666666666665
0 0.27421875 0.478125 0.2203125 0.6395833333333333