0 0.1140625 0.475 0.04375 0.14583333333333334
0 0.48984375 0.47708333333333336 0.0390625 0.1375
0 0.39296875 0.46979166666666666 0.0359375 0.13541666666666666
0 0.05 0.4583333333333333 0.05625 0.1875
0 0.42421875 0.4666666666666667 0.0390625 0.14583333333333334
0 0.7546875 0.5 0.109375 0.4
0 0.6890625 0.5208333333333334 0.134375 0.5875
0 0.19765625 0.48854166666666665 0.1921875 0.4895833333333333
0 0.265625 0.4875 0.234375 0.6791666666666667
0 0.1140625 0.475 0.04375 0.14583333333333334
0 0.48984375 0.47708333333333336 0.0390625 0.1375
0 0.39296875 0.46979166666666666 0.0359375 0.13541666666666666
0 0.05 0.4583333333333333 0.05625 0.1875
0 0.42421875 0.4666666666666667 0.0390625 0.14583333333333334
0 0.7546875 0.5 0.109375 0.4
0 0.6890625 0.5208333333333334 0.134375 0.5875
0 0.19765625 0.48854166666666665 0.1921875 0.4895833333333333
0 0.265625 0.4875 0.234375 0.6791666666666667