0 0.5046875 0.47604166666666664 0.04375 0.13541666666666666
0 0.16640625 0.4822916666666667 0.1578125 0.5229166666666667
0 0.05078125 0.459375 0.0578125 0.18958333333333333
0 0.40078125 0.46770833333333334 0.0390625 0.13958333333333334
0 0.43046875 0.465625 0.0390625 0.14791666666666667
0 0.7953125 0.49166666666666664 0.11875 0.42916666666666664
0 0.6984375 0.5177083333333333 0.14375 0.5979166666666667
0 0.23671875 0.48020833333333335 0.2203125 0.73125
0 0.1203125 0.47708333333333336 0.04375 0.14583333333333334
0 0.5046875 0.47604166666666664 0.04375 0.13541666666666666
0 0.16640625 0.4822916666666667 0.1578125 0.5229166666666667
0 0.05078125 0.459375 0.0578125 0.18958333333333333
0 0.40078125 0.46770833333333334 0.0390625 0.13958333333333334
0 0.43046875 0.465625 0.0390625 0.14791666666666667
0 0.7953125 0.49166666666666664 0.11875 0.42916666666666664
0 0.6984375 0.5177083333333333 0.14375 0.5979166666666667
0 0.23671875 0.48020833333333335 0.2203125 0.73125
0 0.1203125 0.47708333333333336 0.04375 0.14583333333333334