0 0.046875 0.4583333333333333 0.05625 0.1875
0 0.509375 0.47604166666666664 0.04375 0.13541666666666666
0 0.14453125 0.48125 0.1421875 0.5416666666666666
0 0.40234375 0.46770833333333334 0.0390625 0.13958333333333334
0 0.4328125 0.4635416666666667 0.040625 0.15208333333333332
0 0.21484375 0.48020833333333335 0.1984375 0.7729166666666667
0 0.8140625 0.4947916666666667 0.125 0.4479166666666667
0 0.69609375 0.5197916666666667 0.1453125 0.5979166666666667
0 0.125 0.478125 0.04375 0.14791666666666667
0 0.046875 0.4583333333333333 0.05625 0.1875
0 0.509375 0.47604166666666664 0.04375 0.13541666666666666
0 0.14453125 0.48125 0.1421875 0.5416666666666666
0 0.40234375 0.46770833333333334 0.0390625 0.13958333333333334
0 0.4328125 0.4635416666666667 0.040625 0.15208333333333332
0 0.21484375 0.48020833333333335 0.1984375 0.7729166666666667
0 0.8140625 0.4947916666666667 0.125 0.4479166666666667
0 0.69609375 0.5197916666666667 0.1453125 0.5979166666666667
0 0.125 0.478125 0.04375 0.14791666666666667