0 0.51875 0.478125 0.04375 0.13541666666666666
0 0.4046875 0.471875 0.040625 0.14375
0 0.4359375 0.465625 0.040625 0.15625
0 0.10234375 0.4875 0.1515625 0.5833333333333334
0 0.15703125 0.46979166666666666 0.1953125 0.83125
0 0.7 0.5333333333333333 0.15 0.6083333333333333
0 0.84453125 0.5052083333333334 0.1390625 0.47291666666666665
0 0.13125 0.4791666666666667 0.04375 0.14583333333333334
0 0.046875 0.459375 0.05625 0.18958333333333333
0 0.51875 0.478125 0.04375 0.13541666666666666
0 0.4046875 0.471875 0.040625 0.14375
0 0.4359375 0.465625 0.040625 0.15625
0 0.10234375 0.4875 0.1515625 0.5833333333333334
0 0.15703125 0.46979166666666666 0.1953125 0.83125
0 0.7 0.5333333333333333 0.15 0.6083333333333333
0 0.84453125 0.5052083333333334 0.1390625 0.47291666666666665
0 0.13125 0.4791666666666667 0.04375 0.14583333333333334
0 0.046875 0.459375 0.05625 0.18958333333333333