0 0.078125 0.4895833333333333 0.15625 0.6333333333333333
0 0.53125 0.471875 0.040625 0.13541666666666666
0 0.409375 0.4666666666666667 0.040625 0.14583333333333334
0 0.44140625 0.459375 0.0421875 0.16041666666666668
0 0.11171875 0.4635416666666667 0.2234375 0.8854166666666666
0 0.70703125 0.525 0.1484375 0.6083333333333333
0 0.875 0.5083333333333333 0.153125 0.5083333333333333
0 0.21328125 0.4635416666666667 0.0484375 0.16875
0 0.1359375 0.48125 0.04375 0.14583333333333334
0 0.046875 0.459375 0.05625 0.18958333333333333
0 0.078125 0.4895833333333333 0.15625 0.6333333333333333
0 0.53125 0.471875 0.040625 0.13541666666666666
0 0.409375 0.4666666666666667 0.040625 0.14583333333333334
0 0.44140625 0.459375 0.0421875 0.16041666666666668
0 0.11171875 0.4635416666666667 0.2234375 0.8854166666666666
0 0.70703125 0.525 0.1484375 0.6083333333333333
0 0.875 0.5083333333333333 0.153125 0.5083333333333333
0 0.21328125 0.4635416666666667 0.0484375 0.16875
0 0.1359375 0.48125 0.04375 0.14583333333333334
0 0.046875 0.459375 0.05625 0.18958333333333333