0 0.103125 0.4635416666666667 0.20625 0.9270833333333334
0 0.20546875 0.453125 0.0546875 0.18541666666666667
0 0.5390625 0.46458333333333335 0.040625 0.14166666666666666
0 0.4109375 0.4625 0.040625 0.14583333333333334
0 0.44296875 0.45625 0.0421875 0.1625
0 0.70546875 0.5145833333333333 0.1453125 0.6125
0 0.9 0.50625 0.159375 0.5375
0 0.1421875 0.4822916666666667 0.04375 0.14791666666666667
0 0.04609375 0.46145833333333336 0.0578125 0.18958333333333333
0 0.103125 0.4635416666666667 0.20625 0.9270833333333334
0 0.20546875 0.453125 0.0546875 0.18541666666666667
0 0.5390625 0.46458333333333335 0.040625 0.14166666666666666
0 0.4109375 0.4625 0.040625 0.14583333333333334
0 0.44296875 0.45625 0.0421875 0.1625
0 0.70546875 0.5145833333333333 0.1453125 0.6125
0 0.9 0.50625 0.159375 0.5375
0 0.1421875 0.4822916666666667 0.04375 0.14791666666666667
0 0.04609375 0.46145833333333336 0.0578125 0.18958333333333333