0 0.096875 0.4739583333333333 0.19375 0.9479166666666666
0 0.153125 0.45 0.046875 0.17083333333333334
0 0.2015625 0.44479166666666664 0.05625 0.18958333333333333
0 0.41171875 0.45208333333333334 0.0421875 0.15
0 0.44609375 0.4479166666666667 0.0453125 0.16666666666666666
0 0.00146728515625 0.0010221354166666666 0.00022460937499999998 0.0012022569444444444
0 0.5515625 0.45416666666666666 0.04375 0.14166666666666666
0 0.7046875 0.48333333333333334 0.146875 0.6
0 0.11328125 0.453125 0.0453125 0.16875
0 0.61796875 0.440625 0.0234375 0.08541666666666667
0 0.0453125 0.46145833333333336 0.05625 0.18958333333333333
0 0.096875 0.4739583333333333 0.19375 0.9479166666666666
0 0.153125 0.45 0.046875 0.17083333333333334
0 0.2015625 0.44479166666666664 0.05625 0.18958333333333333
0 0.41171875 0.45208333333333334 0.0421875 0.15
0 0.44609375 0.4479166666666667 0.0453125 0.16666666666666666
0 0.00146728515625 0.0010221354166666666 0.00022460937499999998 0.0012022569444444444
0 0.5515625 0.45416666666666666 0.04375 0.14166666666666666
0 0.7046875 0.48333333333333334 0.146875 0.6
0 0.11328125 0.453125 0.0453125 0.16875
0 0.61796875 0.440625 0.0234375 0.08541666666666667
0 0.0453125 0.46145833333333336 0.05625 0.18958333333333333