0 0.6203125 0.4375 0.025 0.0875
0 0.001505126953125 0.0010047743055555556 0.00022705078125 0.0012630208333333332
0 0.15234375 0.44895833333333335 0.0484375 0.17708333333333334
0 0.109375 0.453125 0.05 0.17291666666666666
0 0.55859375 0.4510416666666667 0.0484375 0.13958333333333334
0 0.2015625 0.44479166666666664 0.05625 0.19375
0 0.4140625 0.45 0.04375 0.15416666666666667
0 0.4484375 0.4479166666666667 0.04375 0.16666666666666666
0 0.70390625 0.47291666666666665 0.1421875 0.5916666666666667
0 0.0453125 0.4625 0.05625 0.1875
0 0.6203125 0.4375 0.025 0.0875
0 0.001505126953125 0.0010047743055555556 0.00022705078125 0.0012630208333333332
0 0.15234375 0.44895833333333335 0.0484375 0.17708333333333334
0 0.109375 0.453125 0.05 0.17291666666666666
0 0.55859375 0.4510416666666667 0.0484375 0.13958333333333334
0 0.2015625 0.44479166666666664 0.05625 0.19375
0 0.4140625 0.45 0.04375 0.15416666666666667
0 0.4484375 0.4479166666666667 0.04375 0.16666666666666666
0 0.70390625 0.47291666666666665 0.1421875 0.5916666666666667
0 0.0453125 0.4625 0.05625 0.1875