0 0.62265625 0.428125 0.0265625 0.08541666666666667
0 0.10390625 0.4510416666666667 0.0546875 0.17291666666666666
0 0.14609375 0.44479166666666664 0.0515625 0.18125
0 0.565625 0.4427083333333333 0.05 0.13958333333333334
0 0.4140625 0.4427083333333333 0.04375 0.15625
0 0.45 0.4375 0.046875 0.17083333333333334
0 0.19609375 0.4395833333333333 0.0546875 0.19583333333333333
0 0.70546875 0.46145833333333336 0.1453125 0.59375
0 0.359375 0.4322916666666667 0.03125 0.10625
0 0.01953125 0.434375 0.0390625 0.21458333333333332
0 0.0453125 0.4635416666666667 0.05625 0.18958333333333333
0 0.62265625 0.428125 0.0265625 0.08541666666666667
0 0.10390625 0.4510416666666667 0.0546875 0.17291666666666666
0 0.14609375 0.44479166666666664 0.0515625 0.18125
0 0.565625 0.4427083333333333 0.05 0.13958333333333334
0 0.4140625 0.4427083333333333 0.04375 0.15625
0 0.45 0.4375 0.046875 0.17083333333333334
0 0.19609375 0.4395833333333333 0.0546875 0.19583333333333333
0 0.70546875 0.46145833333333336 0.1453125 0.59375
0 0.359375 0.4322916666666667 0.03125 0.10625
0 0.01953125 0.434375 0.0390625 0.21458333333333332
0 0.0453125 0.4635416666666667 0.05625 0.18958333333333333