0 0.85703125 0.5020833333333333 0.1265625 0.4708333333333333
0 0.07421875 0.5125 0.0546875 0.1625
0 0.0015625 0.0010416666666666667 0 0.0020833333333333333
0 0.000477294921875 0.0012413194444444444 0.00059326171875 0.0019010416666666665
0 0.128125 0.5145833333333333 0.084375 0.2625
0 0.00071044921875 0.0014019097222222224 0.0003271484375 0.0018923611111111112
0 0.2078125 0.503125 0.075 0.26875
0 0.59765625 0.50625 0.1015625 0.36666666666666664
0 0.26484375 0.496875 0.0578125 0.21875
0 0.35546875 0.4947916666666667 0.0578125 0.19791666666666666
0 0.85703125 0.5020833333333333 0.1265625 0.4708333333333333
0 0.07421875 0.5125 0.0546875 0.1625
0 0.0015625 0.0010416666666666667 0 0.0020833333333333333
0 0.000477294921875 0.0012413194444444444 0.00059326171875 0.0019010416666666665
0 0.128125 0.5145833333333333 0.084375 0.2625
0 0.00071044921875 0.0014019097222222224 0.0003271484375 0.0018923611111111112
0 0.2078125 0.503125 0.075 0.26875
0 0.59765625 0.50625 0.1015625 0.36666666666666664
0 0.26484375 0.496875 0.0578125 0.21875
0 0.35546875 0.4947916666666667 0.0578125 0.19791666666666666