0 0.61796875 0.43125 0.0265625 0.09166666666666666
0 0.3546875 0.4354166666666667 0.028125 0.10833333333333334
0 0.0140625 0.43854166666666666 0.028125 0.21875
0 0.134375 0.44479166666666664 0.05 0.18541666666666667
0 0.0921875 0.453125 0.05625 0.17291666666666666
0 0.40859375 0.4479166666666667 0.0421875 0.15833333333333333
0 0.56328125 0.44479166666666664 0.0515625 0.13958333333333334
0 0.44609375 0.4395833333333333 0.0484375 0.175
0 0.18515625 0.440625 0.0578125 0.19791666666666666
0 0.7015625 0.46770833333333334 0.14375 0.5979166666666667
0 0.04453125 0.4635416666666667 0.0578125 0.18958333333333333
0 0.61796875 0.43125 0.0265625 0.09166666666666666
0 0.3546875 0.4354166666666667 0.028125 0.10833333333333334
0 0.0140625 0.43854166666666666 0.028125 0.21875
0 0.134375 0.44479166666666664 0.05 0.18541666666666667
0 0.0921875 0.453125 0.05625 0.17291666666666666
0 0.40859375 0.4479166666666667 0.0421875 0.15833333333333333
0 0.56328125 0.44479166666666664 0.0515625 0.13958333333333334
0 0.44609375 0.4395833333333333 0.0484375 0.175
0 0.18515625 0.440625 0.0578125 0.19791666666666666
0 0.7015625 0.46770833333333334 0.14375 0.5979166666666667
0 0.04453125 0.4635416666666667 0.0578125 0.18958333333333333