0 0.340625 0.44895833333333335 0.028125 0.11041666666666666
0 0.60703125 0.4479166666666667 0.0265625 0.0875
0 0.0671875 0.465625 0.059375 0.18125
0 0.1109375 0.45625 0.05625 0.19166666666666668
0 0.396875 0.465625 0.04375 0.16041666666666668
0 0.559375 0.46041666666666664 0.05 0.14166666666666666
0 0.43515625 0.453125 0.0484375 0.18125
0 0.16328125 0.45 0.0640625 0.21666666666666667
0 0.69140625 0.4979166666666667 0.1453125 0.6
0 0.04375 0.46458333333333335 0.05625 0.1875
0 0.340625 0.44895833333333335 0.028125 0.11041666666666666
0 0.60703125 0.4479166666666667 0.0265625 0.0875
0 0.0671875 0.465625 0.059375 0.18125
0 0.1109375 0.45625 0.05625 0.19166666666666668
0 0.396875 0.465625 0.04375 0.16041666666666668
0 0.559375 0.46041666666666664 0.05 0.14166666666666666
0 0.43515625 0.453125 0.0484375 0.18125
0 0.16328125 0.45 0.0640625 0.21666666666666667
0 0.69140625 0.4979166666666667 0.1453125 0.6
0 0.04375 0.46458333333333335 0.05625 0.1875