0 0.60390625 0.44375 0.0265625 0.0875
0 0.0546875 0.459375 0.05625 0.18958333333333333
0 0.39375 0.46145833333333336 0.04375 0.16041666666666668
0 0.4328125 0.4510416666666667 0.05 0.18541666666666667
0 0.5609375 0.45729166666666665 0.04375 0.14375
0 0.10390625 0.45416666666666666 0.0578125 0.19583333333333333
0 0.15625 0.44479166666666664 0.06875 0.22291666666666668
0 0.68671875 0.490625 0.1390625 0.59375
0 0.0640625 0.46041666666666664 0.059375 0.17916666666666667
0 0.34140625 0.44375 0.0296875 0.10833333333333334
0 0.60390625 0.44375 0.0265625 0.0875
0 0.0546875 0.459375 0.05625 0.18958333333333333
0 0.39375 0.46145833333333336 0.04375 0.16041666666666668
0 0.4328125 0.4510416666666667 0.05 0.18541666666666667
0 0.5609375 0.45729166666666665 0.04375 0.14375
0 0.10390625 0.45416666666666666 0.0578125 0.19583333333333333
0 0.15625 0.44479166666666664 0.06875 0.22291666666666668
0 0.68671875 0.490625 0.1390625 0.59375
0 0.0640625 0.46041666666666664 0.059375 0.17916666666666667
0 0.34140625 0.44375 0.0296875 0.10833333333333334