0 0.33203125 0.44479166666666664 0.0296875 0.11041666666666666
0 0.5984375 0.44166666666666665 0.025 0.0875
0 0.5640625 0.453125 0.040625 0.14375
0 0.03671875 0.4552083333333333 0.0609375 0.19791666666666666
0 0.08671875 0.453125 0.0578125 0.19791666666666666
0 0.38671875 0.459375 0.0484375 0.16875
0 0.4265625 0.45 0.05 0.18333333333333332
0 0.140625 0.446875 0.06875 0.23125
0 0.68203125 0.48333333333333334 0.1390625 0.5958333333333333
0 0.33203125 0.44479166666666664 0.0296875 0.11041666666666666
0 0.5984375 0.44166666666666665 0.025 0.0875
0 0.5640625 0.453125 0.040625 0.14375
0 0.03671875 0.4552083333333333 0.0609375 0.19791666666666666
0 0.08671875 0.453125 0.0578125 0.19791666666666666
0 0.38671875 0.459375 0.0484375 0.16875
0 0.4265625 0.45 0.05 0.18333333333333332
0 0.140625 0.446875 0.06875 0.23125
0 0.68203125 0.48333333333333334 0.1390625 0.5958333333333333