0 0.02578125 0.4635416666666667 0.0515625 0.20208333333333334
0 0.56484375 0.459375 0.0390625 0.14375
0 0.071875 0.46145833333333336 0.059375 0.20625
0 0.378125 0.46458333333333335 0.05 0.175
0 0.421875 0.4583333333333333 0.053125 0.1875
0 0.12421875 0.4510416666666667 0.0703125 0.23958333333333334
0 0.6796875 0.475 0.14375 0.5791666666666667
0 0.596875 0.44583333333333336 0.025 0.0875
0 0.33046875 0.446875 0.0296875 0.11041666666666666
0 0.02578125 0.4635416666666667 0.0515625 0.20208333333333334
0 0.56484375 0.459375 0.0390625 0.14375
0 0.071875 0.46145833333333336 0.059375 0.20625
0 0.378125 0.46458333333333335 0.05 0.175
0 0.421875 0.4583333333333333 0.053125 0.1875
0 0.12421875 0.4510416666666667 0.0703125 0.23958333333333334
0 0.6796875 0.475 0.14375 0.5791666666666667
0 0.596875 0.44583333333333336 0.025 0.0875
0 0.33046875 0.446875 0.0296875 0.11041666666666666