0 0.58984375 0.4479166666666667 0.0234375 0.0875
0 0.02109375 0.46458333333333335 0.0421875 0.2
0 0.5671875 0.459375 0.040625 0.14375
0 0.059375 0.459375 0.059375 0.21041666666666667
0 0.41640625 0.4583333333333333 0.0546875 0.19166666666666668
0 0.11015625 0.446875 0.0703125 0.24791666666666667
0 0.37109375 0.4625 0.0515625 0.175
0 0.67578125 0.4635416666666667 0.1453125 0.56875
0 0.32578125 0.4510416666666667 0.0296875 0.11041666666666666
0 0.58984375 0.4479166666666667 0.0234375 0.0875
0 0.02109375 0.46458333333333335 0.0421875 0.2
0 0.5671875 0.459375 0.040625 0.14375
0 0.059375 0.459375 0.059375 0.21041666666666667
0 0.41640625 0.4583333333333333 0.0546875 0.19166666666666668
0 0.11015625 0.446875 0.0703125 0.24791666666666667
0 0.37109375 0.4625 0.0515625 0.175
0 0.67578125 0.4635416666666667 0.1453125 0.56875
0 0.32578125 0.4510416666666667 0.0296875 0.11041666666666666