0 0.03828125 0.453125 0.0609375 0.22291666666666668
0 0.56640625 0.45729166666666665 0.0453125 0.14375
0 0.4078125 0.4552083333333333 0.053125 0.19791666666666666
0 0.36015625 0.4635416666666667 0.0515625 0.18125
0 0.08828125 0.43854166666666666 0.0734375 0.25625
0 0.6671875 0.46041666666666664 0.140625 0.5708333333333333
0 0.31953125 0.44895833333333335 0.0296875 0.11041666666666666
0 0.03828125 0.453125 0.0609375 0.22291666666666668
0 0.56640625 0.45729166666666665 0.0453125 0.14375
0 0.4078125 0.4552083333333333 0.053125 0.19791666666666666
0 0.36015625 0.4635416666666667 0.0515625 0.18125
0 0.08828125 0.43854166666666666 0.0734375 0.25625
0 0.6671875 0.46041666666666664 0.140625 0.5708333333333333
0 0.31953125 0.44895833333333335 0.0296875 0.11041666666666666