0 0.56796875 0.45625 0.0453125 0.14166666666666666
0 0.03125 0.45208333333333334 0.0625 0.22916666666666666
0 0.4078125 0.45208333333333334 0.05625 0.20416666666666666
0 0.35703125 0.46458333333333335 0.0546875 0.18333333333333332
0 0.07890625 0.4395833333333333 0.0765625 0.2625
0 0.66640625 0.4635416666666667 0.1390625 0.5645833333333333
0 0.31484375 0.446875 0.0296875 0.11041666666666666
0 0.56796875 0.45625 0.0453125 0.14166666666666666
0 0.03125 0.45208333333333334 0.0625 0.22916666666666666
0 0.4078125 0.45208333333333334 0.05625 0.20416666666666666
0 0.35703125 0.46458333333333335 0.0546875 0.18333333333333332
0 0.07890625 0.4395833333333333 0.0765625 0.2625
0 0.66640625 0.4635416666666667 0.1390625 0.5645833333333333
0 0.31484375 0.446875 0.0296875 0.11041666666666666