0 0.3109375 0.43645833333333334 0.03125 0.11458333333333333
0 0.025 0.44479166666666664 0.05 0.23125
0 0.57578125 0.44375 0.0421875 0.14583333333333334
0 0.40859375 0.440625 0.0578125 0.21041666666666667
0 0.06953125 0.4322916666666667 0.0796875 0.26875
0 0.35390625 0.45208333333333334 0.0546875 0.1875
0 0.67109375 0.4583333333333333 0.1421875 0.5666666666666667
0 0.3109375 0.43645833333333334 0.03125 0.11458333333333333
0 0.025 0.44479166666666664 0.05 0.23125
0 0.57578125 0.44375 0.0421875 0.14583333333333334
0 0.40859375 0.440625 0.0578125 0.21041666666666667
0 0.06953125 0.4322916666666667 0.0796875 0.26875
0 0.35390625 0.45208333333333334 0.0546875 0.1875
0 0.67109375 0.4583333333333333 0.1421875 0.5666666666666667