0 0.06328125 0.5104166666666666 0.0546875 0.1625
0 0.55234375 0.5072916666666667 0.1046875 0.41041666666666665
0 0.0015625 0.0010416666666666667 0 0.0020833333333333333
0 0.1953125 0.503125 0.078125 0.27708333333333335
0 0.0005212402343750001 0.0012044270833333334 0.0006372070312500001 0.001853298611111111
0 0.1140625 0.5135416666666667 0.0875 0.26875
0 0.000753173828125 0.0014149305555555556 0.00035888671875 0.001996527777777778
0 0.26328125 0.496875 0.0578125 0.21875
0 0.35703125 0.4947916666666667 0.0578125 0.19791666666666666
0 0.84140625 0.5010416666666667 0.1265625 0.46875
0 0.06328125 0.5104166666666666 0.0546875 0.1625
0 0.55234375 0.5072916666666667 0.1046875 0.41041666666666665
0 0.0015625 0.0010416666666666667 0 0.0020833333333333333
0 0.1953125 0.503125 0.078125 0.27708333333333335
0 0.0005212402343750001 0.0012044270833333334 0.0006372070312500001 0.001853298611111111
0 0.1140625 0.5135416666666667 0.0875 0.26875
0 0.000753173828125 0.0014149305555555556 0.00035888671875 0.001996527777777778
0 0.26328125 0.496875 0.0578125 0.21875
0 0.35703125 0.4947916666666667 0.0578125 0.19791666666666666
0 0.84140625 0.5010416666666667 0.1265625 0.46875