0 0.5296875 0.5104166666666666 0.025 0.0875
0 0.35546875 0.5114583333333333 0.0703125 0.25625
0 0.609375 0.5302083333333333 0.128125 0.5145833333333333
0 0.2828125 0.5197916666666667 0.06875 0.23125
0 0.2328125 0.50625 0.034375 0.11666666666666667
0 0.57578125 0.49166666666666664 0.0453125 0.14583333333333334
0 0.5296875 0.5104166666666666 0.025 0.0875
0 0.35546875 0.5114583333333333 0.0703125 0.25625
0 0.609375 0.5302083333333333 0.128125 0.5145833333333333
0 0.2828125 0.5197916666666667 0.06875 0.23125
0 0.2328125 0.50625 0.034375 0.11666666666666667
0 0.57578125 0.49166666666666664 0.0453125 0.14583333333333334