0 0.53984375 0.51875 0.0265625 0.09166666666666666
0 0.35859375 0.525 0.0765625 0.2708333333333333
0 0.28359375 0.5395833333333333 0.0703125 0.24166666666666667
0 0.615625 0.5208333333333334 0.128125 0.49166666666666664
0 0.31484375 0.5166666666666667 0.0390625 0.14583333333333334
0 0.584375 0.49270833333333336 0.04375 0.14375
0 0.53984375 0.51875 0.0265625 0.09166666666666666
0 0.35859375 0.525 0.0765625 0.2708333333333333
0 0.28359375 0.5395833333333333 0.0703125 0.24166666666666667
0 0.615625 0.5208333333333334 0.128125 0.49166666666666664
0 0.31484375 0.5166666666666667 0.0390625 0.14583333333333334
0 0.584375 0.49270833333333336 0.04375 0.14375