0 0.000599365234375 0.0011870659722222224 0.00050537109375 0.001853298611111111
0 0.18046875 0.5052083333333334 0.0859375 0.28125
0 0.0015625 0.0010416666666666667 0 0.0020833333333333333
0 0.2921875 0.4979166666666667 0.075 0.25416666666666665
0 0.0008435058593749999 0.0014344618055555556 0.00044189453125 0.0019227430555555556
0 0.096875 0.5135416666666667 0.09375 0.27708333333333335
0 0.35703125 0.4947916666666667 0.0578125 0.19791666666666666
0 0.15625 0.503125 0.065625 0.23958333333333334
0 0.825 0.5 0.128125 0.4708333333333333
0 0.000599365234375 0.0011870659722222224 0.00050537109375 0.001853298611111111
0 0.18046875 0.5052083333333334 0.0859375 0.28125
0 0.0015625 0.0010416666666666667 0 0.0020833333333333333
0 0.2921875 0.4979166666666667 0.075 0.25416666666666665
0 0.0008435058593749999 0.0014344618055555556 0.00044189453125 0.0019227430555555556
0 0.096875 0.5135416666666667 0.09375 0.27708333333333335
0 0.35703125 0.4947916666666667 0.0578125 0.19791666666666666
0 0.15625 0.503125 0.065625 0.23958333333333334
0 0.825 0.5 0.128125 0.4708333333333333