0 0.3140625 0.5072916666666667 0.040625 0.14791666666666667
0 0.53984375 0.5052083333333334 0.0265625 0.08958333333333333
0 0.35546875 0.5135416666666667 0.0765625 0.27708333333333335
0 0.61328125 0.5104166666666666 0.1265625 0.49166666666666664
0 0.2796875 0.528125 0.06875 0.24791666666666667
0 0.58828125 0.49375 0.0453125 0.14583333333333334
0 0.3140625 0.5072916666666667 0.040625 0.14791666666666667
0 0.53984375 0.5052083333333334 0.0265625 0.08958333333333333
0 0.35546875 0.5135416666666667 0.0765625 0.27708333333333335
0 0.61328125 0.5104166666666666 0.1265625 0.49166666666666664
0 0.2796875 0.528125 0.06875 0.24791666666666667
0 0.58828125 0.49375 0.0453125 0.14583333333333334