0 0.1515625 0.5041666666666667 0.065625 0.24583333333333332
0 0.33125 0.5 0.05 0.18333333333333332
0 0.0015625 0.0010416666666666667 0 0.0020833333333333333
0 0.17421875 0.5072916666666667 0.0859375 0.28541666666666665
0 0.0006677246093750001 0.00119140625 0.00040771484375 0.001853298611111111
0 0.0859375 0.515625 0.09375 0.28541666666666665
0 0.28984375 0.5 0.0796875 0.2625
0 0.0009045410156249999 0.0014453125 0.00052490234375 0.0019010416666666665
0 0.809375 0.49895833333333334 0.128125 0.46875
0 0.1515625 0.5041666666666667 0.065625 0.24583333333333332
0 0.33125 0.5 0.05 0.18333333333333332
0 0.0015625 0.0010416666666666667 0 0.0020833333333333333
0 0.17421875 0.5072916666666667 0.0859375 0.28541666666666665
0 0.0006677246093750001 0.00119140625 0.00040771484375 0.001853298611111111
0 0.0859375 0.515625 0.09375 0.28541666666666665
0 0.28984375 0.5 0.0796875 0.2625
0 0.0009045410156249999 0.0014453125 0.00052490234375 0.0019010416666666665
0 0.809375 0.49895833333333334 0.128125 0.46875