0 0.13828125 0.49895833333333334 0.0640625 0.23958333333333334
0 0.0015625 0.0010416666666666667 0 0.0020833333333333333
0 0.3234375 0.49583333333333335 0.05 0.18333333333333332
0 0.0009484863281250001 0.0014561631944444444 0.00048095703125 0.0018793402777777777
0 0.16328125 0.50625 0.0859375 0.29583333333333334
0 0.07109375 0.5145833333333333 0.1015625 0.2916666666666667
0 0.28203125 0.4979166666666667 0.0828125 0.2708333333333333
0 0.0007299804687499999 0.0012065972222222224 0.0003466796875 0.0018923611111111112
0 0.79296875 0.49895833333333334 0.1265625 0.46875
0 0.13828125 0.49895833333333334 0.0640625 0.23958333333333334
0 0.0015625 0.0010416666666666667 0 0.0020833333333333333
0 0.3234375 0.49583333333333335 0.05 0.18333333333333332
0 0.0009484863281250001 0.0014561631944444444 0.00048095703125 0.0018793402777777777
0 0.16328125 0.50625 0.0859375 0.29583333333333334
0 0.07109375 0.5145833333333333 0.1015625 0.2916666666666667
0 0.28203125 0.4979166666666667 0.0828125 0.2708333333333333
0 0.0007299804687499999 0.0012065972222222224 0.0003466796875 0.0018923611111111112
0 0.79296875 0.49895833333333334 0.1265625 0.46875