0 0.134375 0.5072916666666667 0.04375 0.17291666666666666
0 0.690625 0.5260416666666666 0.04375 0.16041666666666668
0 0.159375 0.5125 0.059375 0.19583333333333333
0 0.48515625 0.54375 0.1203125 0.4708333333333333
0 0.71875 0.5052083333333334 0.046875 0.14791666666666667
0 0 0.584375 0 0.58125
0 0.134375 0.5072916666666667 0.04375 0.17291666666666666
0 0.690625 0.5260416666666666 0.04375 0.16041666666666668
0 0.159375 0.5125 0.059375 0.19583333333333333
0 0.48515625 0.54375 0.1203125 0.4708333333333333
0 0.71875 0.5052083333333334 0.046875 0.14791666666666667
0 0 0.584375 0 0.58125