0 0.7234375 0.5125 0.04375 0.125
0 0.03359375 0.528125 0.0671875 0.6145833333333334
0 0.12578125 0.5020833333333333 0.0453125 0.175
0 0.69453125 0.5239583333333333 0.0453125 0.15625
0 0.15234375 0.5072916666666667 0.0609375 0.19791666666666666
0 0.48125 0.5395833333333333 0.121875 0.475
0 0.7234375 0.5125 0.04375 0.125
0 0.03359375 0.528125 0.0671875 0.6145833333333334
0 0.12578125 0.5020833333333333 0.0453125 0.175
0 0.69453125 0.5239583333333333 0.0453125 0.15625
0 0.15234375 0.5072916666666667 0.0609375 0.19791666666666666
0 0.48125 0.5395833333333333 0.121875 0.475