0 0.1265625 0.4979166666666667 0.04375 0.175
0 0.03828125 0.5197916666666667 0.0765625 0.6229166666666667
0 0.70390625 0.515625 0.0453125 0.16041666666666668
0 0.15234375 0.503125 0.0609375 0.20208333333333334
0 0.4828125 0.5364583333333334 0.128125 0.48125
0 0.73203125 0.5020833333333333 0.0421875 0.125
0 0.1265625 0.4979166666666667 0.04375 0.175
0 0.03828125 0.5197916666666667 0.0765625 0.6229166666666667
0 0.70390625 0.515625 0.0453125 0.16041666666666668
0 0.15234375 0.503125 0.0609375 0.20208333333333334
0 0.4828125 0.5364583333333334 0.128125 0.48125
0 0.73203125 0.5020833333333333 0.0421875 0.125