0 0.12265625 0.496875 0.0453125 0.17291666666666666
0 0.73671875 0.5020833333333333 0.0390625 0.125
0 0.0390625 0.5197916666666667 0.078125 0.6354166666666666
0 0.70859375 0.5125 0.0453125 0.1625
0 0.14921875 0.5020833333333333 0.0609375 0.20416666666666666
0 0.47734375 0.5395833333333333 0.1234375 0.4791666666666667
0 0.12265625 0.496875 0.0453125 0.17291666666666666
0 0.73671875 0.5020833333333333 0.0390625 0.125
0 0.0390625 0.5197916666666667 0.078125 0.6354166666666666
0 0.70859375 0.5125 0.0453125 0.1625
0 0.14921875 0.5020833333333333 0.0609375 0.20416666666666666
0 0.47734375 0.5395833333333333 0.1234375 0.4791666666666667