0 0.7609375 0.515625 0.14375 0.48541666666666666
0 0.0015625 0.0010416666666666667 0 0.0020833333333333333
0 0.15234375 0.5083333333333333 0.0859375 0.30416666666666664
0 0.3171875 0.5 0.05 0.1875
0 0.0007604980468749999 0.0012282986111111112 0.00035400390625 0.0018489583333333333
0 0.0010229492187499999 0.0014366319444444444 0.0003857421875 0.001857638888888889
0 0.05703125 0.5197916666666667 0.1015625 0.29375
0 0.27265625 0.5010416666666667 0.0828125 0.28125
0 0.7609375 0.515625 0.14375 0.48541666666666666
0 0.0015625 0.0010416666666666667 0 0.0020833333333333333
0 0.15234375 0.5083333333333333 0.0859375 0.30416666666666664
0 0.3171875 0.5 0.05 0.1875
0 0.0007604980468749999 0.0012282986111111112 0.00035400390625 0.0018489583333333333
0 0.0010229492187499999 0.0014366319444444444 0.0003857421875 0.001857638888888889
0 0.05703125 0.5197916666666667 0.1015625 0.29375
0 0.27265625 0.5010416666666667 0.0828125 0.28125