0 0.0609375 0.515625 0.121875 0.54375
0 0.4125 0.5072916666666667 0.053125 0.18541666666666667
0 0.77109375 0.5166666666666667 0.0609375 0.17083333333333334
0 0.09296875 0.5260416666666666 0.1859375 0.6395833333333333
0 0.46640625 0.5489583333333333 0.1171875 0.48125
0 0.58984375 0.5041666666666667 0.0296875 0.09583333333333334
0 0.0609375 0.515625 0.121875 0.54375
0 0.4125 0.5072916666666667 0.053125 0.18541666666666667
0 0.77109375 0.5166666666666667 0.0609375 0.17083333333333334
0 0.09296875 0.5260416666666666 0.1859375 0.6395833333333333
0 0.46640625 0.5489583333333333 0.1171875 0.48125
0 0.58984375 0.5041666666666667 0.0296875 0.09583333333333334