0 0.590625 0.50625 0.03125 0.09583333333333334
0 0.40859375 0.5072916666666667 0.0515625 0.18541666666666667
0 0.05703125 0.5291666666666667 0.1140625 0.55
0 0.784375 0.515625 0.053125 0.17291666666666666
0 0.1125 0.53125 0.175 0.6541666666666667
0 0.4671875 0.5520833333333334 0.11875 0.4791666666666667
0 0.590625 0.50625 0.03125 0.09583333333333334
0 0.40859375 0.5072916666666667 0.0515625 0.18541666666666667
0 0.05703125 0.5291666666666667 0.1140625 0.55
0 0.784375 0.515625 0.053125 0.17291666666666666
0 0.1125 0.53125 0.175 0.6541666666666667
0 0.4671875 0.5520833333333334 0.11875 0.4791666666666667