0 0.3953125 0.5 0.05 0.19166666666666668
0 0.8046875 0.5114583333333333 0.046875 0.17291666666666666
0 0.07578125 0.5135416666666667 0.1515625 0.51875
0 0.4703125 0.54375 0.115625 0.4666666666666667
0 0.14140625 0.5416666666666666 0.1953125 0.675
0 0.58984375 0.503125 0.0296875 0.09375
0 0.3953125 0.5 0.05 0.19166666666666668
0 0.8046875 0.5114583333333333 0.046875 0.17291666666666666
0 0.07578125 0.5135416666666667 0.1515625 0.51875
0 0.4703125 0.54375 0.115625 0.4666666666666667
0 0.14140625 0.5416666666666666 0.1953125 0.675
0 0.58984375 0.503125 0.0296875 0.09375