0 0.0015625 0.0010416666666666667 0 0.0020833333333333333
0 0.31171875 0.5010416666666667 0.0546875 0.18958333333333333
0 0.1421875 0.5072916666666667 0.096875 0.3104166666666667
0 0.00078125 0.0012326388888888888 0.000390625 0.0018055555555555557
0 0.2671875 0.496875 0.084375 0.28958333333333336
0 0.0484375 0.5229166666666667 0.096875 0.3
0 0.0010937499999999999 0.0014062500000000002 0.0003564453125 0.001857638888888889
0 0.74296875 0.5177083333333333 0.1421875 0.48541666666666666
0 0.0015625 0.0010416666666666667 0 0.0020833333333333333
0 0.31171875 0.5010416666666667 0.0546875 0.18958333333333333
0 0.1421875 0.5072916666666667 0.096875 0.3104166666666667
0 0.00078125 0.0012326388888888888 0.000390625 0.0018055555555555557
0 0.2671875 0.496875 0.084375 0.28958333333333336
0 0.0484375 0.5229166666666667 0.096875 0.3
0 0.0010937499999999999 0.0014062500000000002 0.0003564453125 0.001857638888888889
0 0.74296875 0.5177083333333333 0.1421875 0.48541666666666666