0 0.5890625 0.5010416666666667 0.03125 0.09375
0 0.81796875 0.5125 0.0515625 0.17083333333333334
0 0.3921875 0.496875 0.05 0.19375
0 0.0828125 0.515625 0.165625 0.5145833333333333
0 0.15 0.5458333333333333 0.215625 0.675
0 0.4765625 0.5395833333333333 0.11875 0.4666666666666667
0 0.4265625 0.5 0.053125 0.22916666666666666
0 0.653125 0.49375 0.03125 0.10416666666666667
0 0.5890625 0.5010416666666667 0.03125 0.09375
0 0.81796875 0.5125 0.0515625 0.17083333333333334
0 0.3921875 0.496875 0.05 0.19375
0 0.0828125 0.515625 0.165625 0.5145833333333333
0 0.15 0.5458333333333333 0.215625 0.675
0 0.4765625 0.5395833333333333 0.11875 0.4666666666666667
0 0.4265625 0.5 0.053125 0.22916666666666666
0 0.653125 0.49375 0.03125 0.10416666666666667