0 0.5875 0.5052083333333334 0.03125 0.09375
0 0.65390625 0.5010416666666667 0.0328125 0.10625
0 0.8296875 0.5177083333333333 0.05625 0.17291666666666666
0 0.42109375 0.503125 0.0546875 0.23541666666666666
0 0.09296875 0.5208333333333334 0.1546875 0.525
0 0.378125 0.5010416666666667 0.059375 0.19791666666666666
0 0.1609375 0.55625 0.2375 0.6791666666666667
0 0.4765625 0.546875 0.11875 0.46875
0 0.03828125 0.540625 0.0765625 0.6145833333333334
0 0.5875 0.5052083333333334 0.03125 0.09375
0 0.65390625 0.5010416666666667 0.0328125 0.10625
0 0.8296875 0.5177083333333333 0.05625 0.17291666666666666
0 0.42109375 0.503125 0.0546875 0.23541666666666666
0 0.09296875 0.5208333333333334 0.1546875 0.525
0 0.378125 0.5010416666666667 0.059375 0.19791666666666666
0 0.1609375 0.55625 0.2375 0.6791666666666667
0 0.4765625 0.546875 0.11875 0.46875
0 0.03828125 0.540625 0.0765625 0.6145833333333334