0 0.5875 0.50625 0.03125 0.09583333333333334
0 0.04453125 0.5427083333333333 0.0890625 0.61875
0 0.4140625 0.5041666666666667 0.05625 0.2375
0 0.834375 0.521875 0.05625 0.17291666666666666
0 0.0984375 0.528125 0.146875 0.5354166666666667
0 0.36875 0.5041666666666667 0.06875 0.20416666666666666
0 0.1765625 0.5552083333333333 0.234375 0.6729166666666667
0 0.478125 0.5510416666666667 0.11875 0.47291666666666665
0 0.5875 0.50625 0.03125 0.09583333333333334
0 0.04453125 0.5427083333333333 0.0890625 0.61875
0 0.4140625 0.5041666666666667 0.05625 0.2375
0 0.834375 0.521875 0.05625 0.17291666666666666
0 0.0984375 0.528125 0.146875 0.5354166666666667
0 0.36875 0.5041666666666667 0.06875 0.20416666666666666
0 0.1765625 0.5552083333333333 0.234375 0.6729166666666667
0 0.478125 0.5510416666666667 0.11875 0.47291666666666665