0 0.58828125 0.50625 0.0296875 0.09583333333333334
0 0.05625 0.5375 0.1125 0.6333333333333333
0 0.8484375 0.5208333333333334 0.053125 0.175
0 0.12421875 0.5208333333333334 0.1296875 0.5333333333333333
0 0.3640625 0.5041666666666667 0.06875 0.20416666666666666
0 0.40703125 0.503125 0.0609375 0.24375
0 0.21328125 0.5427083333333333 0.2015625 0.6604166666666667
0 0.47734375 0.5572916666666666 0.1171875 0.46875
0 0.58828125 0.50625 0.0296875 0.09583333333333334
0 0.05625 0.5375 0.1125 0.6333333333333333
0 0.8484375 0.5208333333333334 0.053125 0.175
0 0.12421875 0.5208333333333334 0.1296875 0.5333333333333333
0 0.3640625 0.5041666666666667 0.06875 0.20416666666666666
0 0.40703125 0.503125 0.0609375 0.24375
0 0.21328125 0.5427083333333333 0.2015625 0.6604166666666667
0 0.47734375 0.5572916666666666 0.1171875 0.46875