0 0.5875 0.5083333333333333 0.03125 0.09166666666666666
0 0.8578125 0.521875 0.05 0.17291666666666666
0 0.06484375 0.5427083333333333 0.1296875 0.6395833333333333
0 0.1328125 0.521875 0.134375 0.5354166666666667
0 0.396875 0.5052083333333334 0.06875 0.24375
0 0.3609375 0.5041666666666667 0.06875 0.20416666666666666
0 0.23828125 0.5364583333333334 0.1796875 0.65625
0 0.478125 0.5604166666666667 0.11875 0.4666666666666667
0 0.5875 0.5083333333333333 0.03125 0.09166666666666666
0 0.8578125 0.521875 0.05 0.17291666666666666
0 0.06484375 0.5427083333333333 0.1296875 0.6395833333333333
0 0.1328125 0.521875 0.134375 0.5354166666666667
0 0.396875 0.5052083333333334 0.06875 0.24375
0 0.3609375 0.5041666666666667 0.06875 0.20416666666666666
0 0.23828125 0.5364583333333334 0.1796875 0.65625
0 0.478125 0.5604166666666667 0.11875 0.4666666666666667