0 0.8765625 0.5197916666666667 0.05 0.17708333333333334
0 0.390625 0.5041666666666667 0.078125 0.25
0 0.35625 0.503125 0.065625 0.21041666666666667
0 0.090625 0.5541666666666667 0.18125 0.6416666666666667
0 0.16328125 0.5177083333333333 0.1734375 0.5145833333333333
0 0.478125 0.5541666666666667 0.11875 0.4625
0 0.26328125 0.540625 0.1859375 0.66875
0 0.58984375 0.50625 0.0296875 0.09166666666666666
0 0.8765625 0.5197916666666667 0.05 0.17708333333333334
0 0.390625 0.5041666666666667 0.078125 0.25
0 0.35625 0.503125 0.065625 0.21041666666666667
0 0.090625 0.5541666666666667 0.18125 0.6416666666666667
0 0.16328125 0.5177083333333333 0.1734375 0.5145833333333333
0 0.478125 0.5541666666666667 0.11875 0.4625
0 0.26328125 0.540625 0.1859375 0.66875
0 0.58984375 0.50625 0.0296875 0.09166666666666666