0 0.88671875 0.521875 0.0546875 0.17708333333333334
0 0.38671875 0.5114583333333333 0.0828125 0.24791666666666667
0 0.35078125 0.5052083333333334 0.0609375 0.21458333333333332
0 0.0953125 0.5666666666666667 0.190625 0.6375
0 0.16875 0.521875 0.1875 0.5145833333333333
0 0.47890625 0.5541666666666667 0.1171875 0.4583333333333333
0 0.28125 0.5520833333333334 0.215625 0.6708333333333333
0 0.58984375 0.5083333333333333 0.0296875 0.09166666666666666
0 0.88671875 0.521875 0.0546875 0.17708333333333334
0 0.38671875 0.5114583333333333 0.0828125 0.24791666666666667
0 0.35078125 0.5052083333333334 0.0609375 0.21458333333333332
0 0.0953125 0.5666666666666667 0.190625 0.6375
0 0.16875 0.521875 0.1875 0.5145833333333333
0 0.47890625 0.5541666666666667 0.1171875 0.4583333333333333
0 0.28125 0.5520833333333334 0.215625 0.6708333333333333
0 0.58984375 0.5083333333333333 0.0296875 0.09166666666666666