0 0.36796875 0.528125 0.0546875 0.20208333333333334
0 0.90390625 0.5208333333333334 0.0609375 0.17916666666666667
0 0.10234375 0.571875 0.2046875 0.6479166666666667
0 0.171875 0.528125 0.190625 0.51875
0 0.48046875 0.55 0.1140625 0.4583333333333333
0 0.29375 0.5604166666666667 0.2375 0.6708333333333333
0 0.590625 0.5072916666666667 0.03125 0.09375
0 0.38359375 0.5104166666666666 0.0828125 0.25
0 0.36796875 0.528125 0.0546875 0.20208333333333334
0 0.90390625 0.5208333333333334 0.0609375 0.17916666666666667
0 0.10234375 0.571875 0.2046875 0.6479166666666667
0 0.171875 0.528125 0.190625 0.51875
0 0.48046875 0.55 0.1140625 0.4583333333333333
0 0.29375 0.5604166666666667 0.2375 0.6708333333333333
0 0.590625 0.5072916666666667 0.03125 0.09375
0 0.38359375 0.5104166666666666 0.0828125 0.25