0 0.37421875 0.5166666666666667 0.0546875 0.2125
0 0.91953125 0.51875 0.0640625 0.175
0 0.190625 0.528125 0.16875 0.53125
0 0.1078125 0.5666666666666667 0.215625 0.6541666666666667
0 0.3015625 0.5552083333333333 0.24375 0.66875
0 0.4828125 0.5458333333333333 0.109375 0.4625
0 0.59140625 0.503125 0.0296875 0.09375
0 0.37734375 0.5114583333333333 0.0828125 0.24791666666666667
0 0.37421875 0.5166666666666667 0.0546875 0.2125
0 0.91953125 0.51875 0.0640625 0.175
0 0.190625 0.528125 0.16875 0.53125
0 0.1078125 0.5666666666666667 0.215625 0.6541666666666667
0 0.3015625 0.5552083333333333 0.24375 0.66875
0 0.4828125 0.5458333333333333 0.109375 0.4625
0 0.59140625 0.503125 0.0296875 0.09375
0 0.37734375 0.5114583333333333 0.0828125 0.24791666666666667