0 0.5984375 0.4875 0.03125 0.09583333333333334
0 0.93671875 0.5010416666666667 0.0640625 0.18125
0 0.2109375 0.51875 0.14375 0.5458333333333333
0 0.32734375 0.5364583333333334 0.2171875 0.66875
0 0.14375 0.5416666666666666 0.18125 0.6375
0 0.490625 0.5385416666666667 0.1125 0.46041666666666664
0 0.10859375 0.490625 0.0640625 0.24375
0 0.37109375 0.5125 0.0828125 0.25
0 0.37109375 0.5166666666666667 0.0546875 0.2125
0 0.5984375 0.4875 0.03125 0.09583333333333334
0 0.93671875 0.5010416666666667 0.0640625 0.18125
0 0.2109375 0.51875 0.14375 0.5458333333333333
0 0.32734375 0.5364583333333334 0.2171875 0.66875
0 0.14375 0.5416666666666666 0.18125 0.6375
0 0.490625 0.5385416666666667 0.1125 0.46041666666666664
0 0.10859375 0.490625 0.0640625 0.24375
0 0.37109375 0.5125 0.0828125 0.25
0 0.37109375 0.5166666666666667 0.0546875 0.2125