0 0.30625 0.503125 0.05625 0.18958333333333333
0 0.0015625 0.0010416666666666667 0 0.0020833333333333333
0 0.13203125 0.5072916666666667 0.0984375 0.3145833333333333
0 0.04375 0.521875 0.0875 0.30625
0 0.26328125 0.4979166666666667 0.0828125 0.2875
0 0.000802001953125 0.00123046875 0.00039306640625 0.001775173611111111
0 0.00113525390625 0.0014322916666666666 0.00033691406250000003 0.0018663194444444445
0 0.4234375 0.5364583333333334 0.078125 0.28125
0 0.725 0.5197916666666667 0.14375 0.48541666666666666
0 0.30625 0.503125 0.05625 0.18958333333333333
0 0.0015625 0.0010416666666666667 0 0.0020833333333333333
0 0.13203125 0.5072916666666667 0.0984375 0.3145833333333333
0 0.04375 0.521875 0.0875 0.30625
0 0.26328125 0.4979166666666667 0.0828125 0.2875
0 0.000802001953125 0.00123046875 0.00039306640625 0.001775173611111111
0 0.00113525390625 0.0014322916666666666 0.00033691406250000003 0.0018663194444444445
0 0.4234375 0.5364583333333334 0.078125 0.28125
0 0.725 0.5197916666666667 0.14375 0.48541666666666666