0 0.6015625 0.48125 0.03125 0.09583333333333334
0 0.9484375 0.49375 0.0625 0.18333333333333332
0 0.11015625 0.48333333333333334 0.0671875 0.24583333333333332
0 0.2234375 0.50625 0.134375 0.5375
0 0.175 0.5270833333333333 0.15 0.625
0 0.35390625 0.5208333333333334 0.1890625 0.6583333333333333
0 0.49375 0.534375 0.109375 0.45625
0 0.365625 0.5145833333333333 0.08125 0.25
0 0.36875 0.5166666666666667 0.053125 0.2125
0 0.6015625 0.48125 0.03125 0.09583333333333334
0 0.9484375 0.49375 0.0625 0.18333333333333332
0 0.11015625 0.48333333333333334 0.0671875 0.24583333333333332
0 0.2234375 0.50625 0.134375 0.5375
0 0.175 0.5270833333333333 0.15 0.625
0 0.35390625 0.5208333333333334 0.1890625 0.6583333333333333
0 0.49375 0.534375 0.109375 0.45625
0 0.365625 0.5145833333333333 0.08125 0.25
0 0.36875 0.5166666666666667 0.053125 0.2125