0 0.96015625 0.49270833333333336 0.0546875 0.18541666666666667
0 0.24765625 0.4895833333333333 0.1328125 0.5166666666666667
0 0.09921875 0.47604166666666664 0.0640625 0.24791666666666667
0 0.39453125 0.509375 0.1640625 0.6604166666666667
0 0.49296875 0.528125 0.1109375 0.45625
0 0.203125 0.5239583333333333 0.171875 0.6270833333333333
0 0.36015625 0.5145833333333333 0.0828125 0.25
0 0.36640625 0.5177083333333333 0.0546875 0.21041666666666667
0 0.6 0.48333333333333334 0.03125 0.09583333333333334
0 0.96015625 0.49270833333333336 0.0546875 0.18541666666666667
0 0.24765625 0.4895833333333333 0.1328125 0.5166666666666667
0 0.09921875 0.47604166666666664 0.0640625 0.24791666666666667
0 0.39453125 0.509375 0.1640625 0.6604166666666667
0 0.49296875 0.528125 0.1109375 0.45625
0 0.203125 0.5239583333333333 0.171875 0.6270833333333333
0 0.36015625 0.5145833333333333 0.0828125 0.25
0 0.36640625 0.5177083333333333 0.0546875 0.21041666666666667
0 0.6 0.48333333333333334 0.03125 0.09583333333333334