0 0.3375 0.4739583333333333 0.078125 0.28125
0 0.96484375 0.49375 0.0515625 0.18333333333333332
0 0.09375 0.47291666666666665 0.0625 0.25
0 0.2609375 0.49375 0.146875 0.5291666666666667
0 0.49453125 0.5229166666666667 0.1109375 0.45416666666666666
0 0.40859375 0.5083333333333333 0.1640625 0.6666666666666666
0 0.2171875 0.528125 0.209375 0.63125
0 0.36328125 0.5177083333333333 0.0546875 0.21041666666666667
0 0.596875 0.48125 0.03125 0.09583333333333334
0 0.3375 0.4739583333333333 0.078125 0.28125
0 0.96484375 0.49375 0.0515625 0.18333333333333332
0 0.09375 0.47291666666666665 0.0625 0.25
0 0.2609375 0.49375 0.146875 0.5291666666666667
0 0.49453125 0.5229166666666667 0.1109375 0.45416666666666666
0 0.40859375 0.5083333333333333 0.1640625 0.6666666666666666
0 0.2171875 0.528125 0.209375 0.63125
0 0.36328125 0.5177083333333333 0.0546875 0.21041666666666667
0 0.596875 0.48125 0.03125 0.09583333333333334