0 0.34296875 0.50625 0.0546875 0.2
0 0.9765625 0.48854166666666665 0.046875 0.18958333333333333
0 0.09140625 0.46875 0.0640625 0.25416666666666665
0 0.49609375 0.5125 0.1140625 0.4583333333333333
0 0.2734375 0.49895833333333334 0.159375 0.5395833333333333
0 0.43203125 0.5145833333333333 0.1734375 0.6666666666666666
0 0.23203125 0.53125 0.2390625 0.625
0 0.59609375 0.475 0.0296875 0.09583333333333334
0 0.32890625 0.46979166666666666 0.0796875 0.28125
0 0.34296875 0.50625 0.0546875 0.2
0 0.9765625 0.48854166666666665 0.046875 0.18958333333333333
0 0.09140625 0.46875 0.0640625 0.25416666666666665
0 0.49609375 0.5125 0.1140625 0.4583333333333333
0 0.2734375 0.49895833333333334 0.159375 0.5395833333333333
0 0.43203125 0.5145833333333333 0.1734375 0.6666666666666666
0 0.23203125 0.53125 0.2390625 0.625
0 0.59609375 0.475 0.0296875 0.09583333333333334
0 0.32890625 0.46979166666666666 0.0796875 0.28125