0 0.33671875 0.5010416666666667 0.0578125 0.20208333333333334
0 0.08671875 0.46770833333333334 0.0671875 0.25625
0 0.4984375 0.5083333333333333 0.115625 0.4583333333333333
0 0.27890625 0.5 0.1765625 0.5416666666666666
0 0.446875 0.521875 0.190625 0.6604166666666667
0 0.2375 0.534375 0.24375 0.6270833333333333
0 0.5953125 0.475 0.03125 0.09583333333333334
0 0.3203125 0.465625 0.078125 0.28125
0 0.33671875 0.5010416666666667 0.0578125 0.20208333333333334
0 0.08671875 0.46770833333333334 0.0671875 0.25625
0 0.4984375 0.5083333333333333 0.115625 0.4583333333333333
0 0.27890625 0.5 0.1765625 0.5416666666666666
0 0.446875 0.521875 0.190625 0.6604166666666667
0 0.2375 0.534375 0.24375 0.6270833333333333
0 0.5953125 0.475 0.03125 0.09583333333333334
0 0.3203125 0.465625 0.078125 0.28125