0 0.5921875 0.48125 0.03125 0.09583333333333334
0 0.08046875 0.47604166666666664 0.0640625 0.2604166666666667
0 0.2828125 0.5197916666666667 0.175 0.5979166666666667
0 0.4703125 0.5354166666666667 0.2 0.6666666666666666
0 0.496875 0.50625 0.115625 0.4583333333333333
0 0.3125 0.46145833333333336 0.078125 0.28125
0 0.5921875 0.48125 0.03125 0.09583333333333334
0 0.08046875 0.47604166666666664 0.0640625 0.2604166666666667
0 0.2828125 0.5197916666666667 0.175 0.5979166666666667
0 0.4703125 0.5354166666666667 0.2 0.6666666666666666
0 0.496875 0.50625 0.115625 0.4583333333333333
0 0.3125 0.46145833333333336 0.078125 0.28125