0 0.07890625 0.48020833333333335 0.0640625 0.2604166666666667
0 0.28984375 0.5239583333333333 0.1703125 0.60625
0 0.490625 0.5322916666666667 0.184375 0.65625
0 0.496875 0.50625 0.115625 0.4583333333333333
0 0.24609375 0.48541666666666666 0.0765625 0.26666666666666666
0 0.3046875 0.45729166666666665 0.078125 0.28125
0 0.07890625 0.48020833333333335 0.0640625 0.2604166666666667
0 0.28984375 0.5239583333333333 0.1703125 0.60625
0 0.490625 0.5322916666666667 0.184375 0.65625
0 0.496875 0.50625 0.115625 0.4583333333333333
0 0.24609375 0.48541666666666666 0.0765625 0.26666666666666666
0 0.3046875 0.45729166666666665 0.078125 0.28125