0 0.4953125 0.509375 0.1 0.39791666666666664
0 0.25078125 0.484375 0.0953125 0.3145833333333333
0 0.078125 0.48020833333333335 0.065625 0.2604166666666667
0 0.33046875 0.5229166666666667 0.1484375 0.6125
0 0.5234375 0.51875 0.159375 0.6458333333333334
0 0.296875 0.453125 0.078125 0.28125
0 0.4953125 0.509375 0.1 0.39791666666666664
0 0.25078125 0.484375 0.0953125 0.3145833333333333
0 0.078125 0.48020833333333335 0.065625 0.2604166666666667
0 0.33046875 0.5229166666666667 0.1484375 0.6125
0 0.5234375 0.51875 0.159375 0.6458333333333334
0 0.296875 0.453125 0.078125 0.28125