0 0.22890625 0.49583333333333335 0.1109375 0.29583333333333334
0 0.2921875 0.4875 0.065625 0.25833333333333336
0 0.075 0.48020833333333335 0.06875 0.26458333333333334
0 0.49140625 0.509375 0.1015625 0.40208333333333335
0 0.34921875 0.5260416666666666 0.1484375 0.6229166666666667
0 0.54296875 0.5177083333333333 0.1515625 0.6395833333333333
0 0.35390625 0.51875 0.1203125 0.42916666666666664
0 0.22890625 0.49583333333333335 0.1109375 0.29583333333333334
0 0.2921875 0.4875 0.065625 0.25833333333333336
0 0.075 0.48020833333333335 0.06875 0.26458333333333334
0 0.49140625 0.509375 0.1015625 0.40208333333333335
0 0.34921875 0.5260416666666666 0.1484375 0.6229166666666667
0 0.54296875 0.5177083333333333 0.1515625 0.6395833333333333
0 0.35390625 0.51875 0.1203125 0.42916666666666664