0 0.35546875 0.5260416666666666 0.1359375 0.46041666666666664
0 0.2796875 0.5114583333333333 0.0625 0.21041666666666667
0 0.075 0.4739583333333333 0.071875 0.27291666666666664
0 0.49296875 0.5 0.1015625 0.4083333333333333
0 0.20625 0.4791666666666667 0.15 0.32916666666666666
0 0.5609375 0.5177083333333333 0.15625 0.64375
0 0.3640625 0.5302083333333333 0.16875 0.61875
0 0.35546875 0.5260416666666666 0.1359375 0.46041666666666664
0 0.2796875 0.5114583333333333 0.0625 0.21041666666666667
0 0.075 0.4739583333333333 0.071875 0.27291666666666664
0 0.49296875 0.5 0.1015625 0.4083333333333333
0 0.20625 0.4791666666666667 0.15 0.32916666666666666
0 0.5609375 0.5177083333333333 0.15625 0.64375
0 0.3640625 0.5302083333333333 0.16875 0.61875