0 0.29921875 0.50625 0.0578125 0.19583333333333333
0 0.0015625 0.0010416666666666667 0 0.0020833333333333333
0 0.0359375 0.5239583333333333 0.071875 0.3229166666666667
0 0.67734375 0.5125 0.1078125 0.4708333333333333
0 0.00119384765625 0.0014518229166666668 0.00032226562499999996 0.0017925347222222223
0 0.12109375 0.5104166666666666 0.1171875 0.325
0 0.3984375 0.540625 0.109375 0.29375
0 0.55546875 0.584375 0.2015625 0.83125
0 0.26015625 0.5020833333333333 0.0921875 0.29583333333333334
0 0.4375 0.521875 0.15625 0.50625
0 0.29921875 0.50625 0.0578125 0.19583333333333333
0 0.0015625 0.0010416666666666667 0 0.0020833333333333333
0 0.0359375 0.5239583333333333 0.071875 0.3229166666666667
0 0.67734375 0.5125 0.1078125 0.4708333333333333
0 0.00119384765625 0.0014518229166666668 0.00032226562499999996 0.0017925347222222223
0 0.12109375 0.5104166666666666 0.1171875 0.325
0 0.3984375 0.540625 0.109375 0.29375
0 0.55546875 0.584375 0.2015625 0.83125
0 0.26015625 0.5020833333333333 0.0921875 0.29583333333333334
0 0.4375 0.521875 0.15625 0.50625