0 0.1875 0.475 0.09375 0.3416666666666667
0 0.25546875 0.5166666666666667 0.0765625 0.2125
0 0.4890625 0.496875 0.10625 0.41875
0 0.38828125 0.53125 0.1859375 0.6208333333333333
0 0.5921875 0.5302083333333333 0.178125 0.6270833333333333
0 0.39453125 0.5302083333333333 0.1359375 0.46041666666666664
0 0.1875 0.475 0.09375 0.3416666666666667
0 0.25546875 0.5166666666666667 0.0765625 0.2125
0 0.4890625 0.496875 0.10625 0.41875
0 0.38828125 0.53125 0.1859375 0.6208333333333333
0 0.5921875 0.5302083333333333 0.178125 0.6270833333333333
0 0.39453125 0.5302083333333333 0.1359375 0.46041666666666664