0 0.16484375 0.503125 0.0765625 0.29375
0 0.390625 0.515625 0.165625 0.49375
0 0.484375 0.5 0.10625 0.4166666666666667
0 0.23828125 0.5208333333333334 0.0609375 0.20833333333333334
0 0.41171875 0.5260416666666666 0.1640625 0.6020833333333333
0 0.60703125 0.5322916666666667 0.1796875 0.6229166666666667
0 0.16484375 0.503125 0.0765625 0.29375
0 0.390625 0.515625 0.165625 0.49375
0 0.484375 0.5 0.10625 0.4166666666666667
0 0.23828125 0.5208333333333334 0.0609375 0.20833333333333334
0 0.41171875 0.5260416666666666 0.1640625 0.6020833333333333
0 0.60703125 0.5322916666666667 0.1796875 0.6229166666666667