0 0.4859375 0.4947916666666667 0.1375 0.4895833333333333
0 0.73046875 0.5197916666666667 0.1734375 0.6020833333333333
0 0.5265625 0.5229166666666667 0.190625 0.575
0 0 0.0010416666666666667 0 0.0020833333333333333
0 0.09453125 0.5197916666666667 0.0765625 0.29375
0 0.16875 0.5072916666666667 0.071875 0.2520833333333333
0 0.4859375 0.4947916666666667 0.1375 0.4895833333333333
0 0.73046875 0.5197916666666667 0.1734375 0.6020833333333333
0 0.5265625 0.5229166666666667 0.190625 0.575
0 0 0.0010416666666666667 0 0.0020833333333333333
0 0.09453125 0.5197916666666667 0.0765625 0.29375
0 0.16875 0.5072916666666667 0.071875 0.2520833333333333