0 0.00078125 0.0010416666666666667 0 0.0020833333333333333
0 0.49921875 0.5020833333333333 0.1328125 0.4708333333333333
0 0.759375 0.5302083333333333 0.171875 0.60625
0 0.546875 0.5260416666666666 0.178125 0.5770833333333333
0 0.08046875 0.5229166666666667 0.0765625 0.29583333333333334
0 0.15859375 0.5083333333333333 0.0703125 0.25416666666666665
0 0.00078125 0.0010416666666666667 0 0.0020833333333333333
0 0.49921875 0.5020833333333333 0.1328125 0.4708333333333333
0 0.759375 0.5302083333333333 0.171875 0.60625
0 0.546875 0.5260416666666666 0.178125 0.5770833333333333
0 0.08046875 0.5229166666666667 0.0765625 0.29583333333333334
0 0.15859375 0.5083333333333333 0.0703125 0.25416666666666665