0 0.0015625 0.0010416666666666667 0 0.0020833333333333333
0 0.29765625 0.50625 0.0578125 0.19583333333333333
0 0.03359375 0.5239583333333333 0.0671875 0.32708333333333334
0 0.65859375 0.515625 0.1171875 0.47291666666666665
0 0.3890625 0.5427083333333333 0.109375 0.29791666666666666
0 0.0012133789062500002 0.001462673611111111 0.0003173828125 0.0017621527777777778
0 0.11640625 0.5114583333333333 0.1171875 0.32708333333333334
0 0.25703125 0.5020833333333333 0.0953125 0.3
0 0.5765625 0.5708333333333333 0.1875 0.8041666666666667
0 0.4296875 0.5260416666666666 0.159375 0.51875
0 0.0015625 0.0010416666666666667 0 0.0020833333333333333
0 0.29765625 0.50625 0.0578125 0.19583333333333333
0 0.03359375 0.5239583333333333 0.0671875 0.32708333333333334
0 0.65859375 0.515625 0.1171875 0.47291666666666665
0 0.3890625 0.5427083333333333 0.109375 0.29791666666666666
0 0.0012133789062500002 0.001462673611111111 0.0003173828125 0.0017621527777777778
0 0.11640625 0.5114583333333333 0.1171875 0.32708333333333334
0 0.25703125 0.5020833333333333 0.0953125 0.3
0 0.5765625 0.5708333333333333 0.1875 0.8041666666666667
0 0.4296875 0.5260416666666666 0.159375 0.51875