0 0.53984375 0.509375 0.1046875 0.4479166666666667
0 0.00078125 0.0010416666666666667 0 0.0020833333333333333
0 0.14453125 0.5197916666666667 0.0796875 0.24375
0 0.61328125 0.5104166666666666 0.1453125 0.55
0 0.81484375 0.5114583333333333 0.1640625 0.59375
0 0 0.0020833333333333333 0 0.0020833333333333333
0 0.08125 0.4708333333333333 0.0875 0.32083333333333336
0 0.53984375 0.509375 0.1046875 0.4479166666666667
0 0.00078125 0.0010416666666666667 0 0.0020833333333333333
0 0.14453125 0.5197916666666667 0.0796875 0.24375
0 0.61328125 0.5104166666666666 0.1453125 0.55
0 0.81484375 0.5114583333333333 0.1640625 0.59375
0 0 0.0020833333333333333 0 0.0020833333333333333
0 0.08125 0.4708333333333333 0.0875 0.32083333333333336