0 0.64375 0.496875 0.15625 0.5895833333333333
0 0 0.0010416666666666667 0 0.0020833333333333333
0 0.00078125 0.0010416666666666667 0 0.0020833333333333333
0 0.85078125 0.5010416666666667 0.1640625 0.5979166666666667
0 0.07109375 0.4666666666666667 0.0859375 0.32083333333333336
0 0.13515625 0.521875 0.0796875 0.24375
0 0.64375 0.496875 0.15625 0.5895833333333333
0 0 0.0010416666666666667 0 0.0020833333333333333
0 0.00078125 0.0010416666666666667 0 0.0020833333333333333
0 0.85078125 0.5010416666666667 0.1640625 0.5979166666666667
0 0.07109375 0.4666666666666667 0.0859375 0.32083333333333336
0 0.13515625 0.521875 0.0796875 0.24375