0 0.66796875 0.5125 0.1484375 0.5958333333333333
0 0.046875 0.46979166666666666 0.090625 0.31875
0 0.00078125 0.0010416666666666667 0 0.0020833333333333333
0 0.000225830078125 0.0015581597222222223 0.00030517578125 0.0017100694444444444
0 0.878125 0.5072916666666667 0.165625 0.6020833333333333
0 0.12421875 0.5239583333333333 0.0796875 0.24375
0 0.66796875 0.5125 0.1484375 0.5958333333333333
0 0.046875 0.46979166666666666 0.090625 0.31875
0 0.00078125 0.0010416666666666667 0 0.0020833333333333333
0 0.000225830078125 0.0015581597222222223 0.00030517578125 0.0017100694444444444
0 0.878125 0.5072916666666667 0.165625 0.6020833333333333
0 0.12421875 0.5239583333333333 0.0796875 0.24375