0 0.0453125 0.49583333333333335 0.090625 0.375
0 0.10234375 0.53125 0.0703125 0.25416666666666665
0 0.69375 0.4979166666666667 0.15625 0.625
0 0.00078125 0.0010416666666666667 0 0.0020833333333333333
0 0.00030517578125 0.0015104166666666666 0.000400390625 0.0015885416666666665
0 0.903125 0.515625 0.165625 0.6020833333333333
0 0.0703125 0.48125 0.071875 0.30416666666666664
0 0.0453125 0.49583333333333335 0.090625 0.375
0 0.10234375 0.53125 0.0703125 0.25416666666666665
0 0.69375 0.4979166666666667 0.15625 0.625
0 0.00078125 0.0010416666666666667 0 0.0020833333333333333
0 0.00030517578125 0.0015104166666666666 0.000400390625 0.0015885416666666665
0 0.903125 0.515625 0.165625 0.6020833333333333
0 0.0703125 0.48125 0.071875 0.30416666666666664