0 0.7296875 0.49895833333333334 0.1625 0.63125
0 0.08046875 0.4791666666666667 0.0703125 0.30833333333333335
0 0.08828125 0.525 0.0671875 0.2625
0 0.0390625 0.471875 0.078125 0.35208333333333336
0 0.00078125 0.0010416666666666667 0 0.0020833333333333333
0 0.001468505859375 0.0010785590277777777 0.00024169921875 0.0012543402777777776
0 0.00041259765625 0.0015082465277777778 0.0005078125 0.0015407986111111113
0 0.109375 0.46458333333333335 0.05625 0.24583333333333332
0 0.7296875 0.49895833333333334 0.1625 0.63125
0 0.08046875 0.4791666666666667 0.0703125 0.30833333333333335
0 0.08828125 0.525 0.0671875 0.2625
0 0.0390625 0.471875 0.078125 0.35208333333333336
0 0.00078125 0.0010416666666666667 0 0.0020833333333333333
0 0.001468505859375 0.0010785590277777777 0.00024169921875 0.0012543402777777776
0 0.00041259765625 0.0015082465277777778 0.0005078125 0.0015407986111111113
0 0.109375 0.46458333333333335 0.05625 0.24583333333333332