0 0.084375 0.48541666666666666 0.071875 0.32083333333333336
0 0.7578125 0.4947916666666667 0.18125 0.6520833333333333
0 0.1109375 0.4708333333333333 0.053125 0.24166666666666667
0 0.03046875 0.47291666666666665 0.0609375 0.3541666666666667
0 0.00149658203125 0.0010872395833333333 0.000234375 0.001271701388888889
0 0.0796875 0.5270833333333333 0.075 0.26666666666666666
0 0.00078125 0.0010416666666666667 0 0.0020833333333333333
0 0.00044921874999999997 0.001521267361111111 0.0004150390625 0.0015407986111111113
0 0.16796875 0.47604166666666664 0.0390625 0.13541666666666666
0 0.084375 0.48541666666666666 0.071875 0.32083333333333336
0 0.7578125 0.4947916666666667 0.18125 0.6520833333333333
0 0.1109375 0.4708333333333333 0.053125 0.24166666666666667
0 0.03046875 0.47291666666666665 0.0609375 0.3541666666666667
0 0.00149658203125 0.0010872395833333333 0.000234375 0.001271701388888889
0 0.0796875 0.5270833333333333 0.075 0.26666666666666666
0 0.00078125 0.0010416666666666667 0 0.0020833333333333333
0 0.00044921874999999997 0.001521267361111111 0.0004150390625 0.0015407986111111113
0 0.16796875 0.47604166666666664 0.0390625 0.13541666666666666