0 0.00154541015625 0.0010828993055555555 0.00022949218750000001 0.0012630208333333332
0 0.81796875 0.47604166666666664 0.1796875 0.6604166666666667
0 0.1765625 0.46979166666666666 0.04375 0.13958333333333334
0 0.115625 0.46875 0.05625 0.24583333333333332
0 0.08359375 0.4739583333333333 0.0703125 0.3104166666666667
0 0.00078125 0.0010416666666666667 0 0.0020833333333333333
0 0.05703125 0.5270833333333333 0.1109375 0.2708333333333333
0 0.000506591796875 0.0014930555555555556 0.00036865234375 0.0015277777777777776
0 0.00154541015625 0.0010828993055555555 0.00022949218750000001 0.0012630208333333332
0 0.81796875 0.47604166666666664 0.1796875 0.6604166666666667
0 0.1765625 0.46979166666666666 0.04375 0.13958333333333334
0 0.115625 0.46875 0.05625 0.24583333333333332
0 0.08359375 0.4739583333333333 0.0703125 0.3104166666666667
0 0.00078125 0.0010416666666666667 0 0.0020833333333333333
0 0.05703125 0.5270833333333333 0.1109375 0.2708333333333333
0 0.000506591796875 0.0014930555555555556 0.00036865234375 0.0015277777777777776