0 0.853125 0.48020833333333335 0.171875 0.6479166666666667
0 0.121875 0.4635416666666667 0.05625 0.24791666666666667
0 0.184375 0.46979166666666666 0.040625 0.13541666666666666
0 0.08515625 0.4739583333333333 0.0703125 0.31875
0 0.05703125 0.5270833333333333 0.1140625 0.275
0 0.00078125 0.0010416666666666667 0 0.0020833333333333333
0 0.0005322265625 0.0014930555555555556 0.0003759765625 0.0015190972222222222
0 0.853125 0.48020833333333335 0.171875 0.6479166666666667
0 0.121875 0.4635416666666667 0.05625 0.24791666666666667
0 0.184375 0.46979166666666666 0.040625 0.13541666666666666
0 0.08515625 0.4739583333333333 0.0703125 0.31875
0 0.05703125 0.5270833333333333 0.1140625 0.275
0 0.00078125 0.0010416666666666667 0 0.0020833333333333333
0 0.0005322265625 0.0014930555555555556 0.0003759765625 0.0015190972222222222