0 0.87890625 0.49895833333333334 0.1640625 0.6145833333333334
0 0.04921875 0.5333333333333333 0.0984375 0.2708333333333333
0 0.12734375 0.46875 0.0578125 0.25
0 0.19140625 0.475 0.0390625 0.12916666666666668
0 0.08984375 0.4791666666666667 0.0734375 0.325
0 0.00078125 0.0010416666666666667 0 0.0020833333333333333
0 0.0005615234375 0.0014995659722222222 0.000380859375 0.0014973958333333334
0 0.52421875 0.49895833333333334 0.0984375 0.3770833333333333
0 0.87890625 0.49895833333333334 0.1640625 0.6145833333333334
0 0.04921875 0.5333333333333333 0.0984375 0.2708333333333333
0 0.12734375 0.46875 0.0578125 0.25
0 0.19140625 0.475 0.0390625 0.12916666666666668
0 0.08984375 0.4791666666666667 0.0734375 0.325
0 0.00078125 0.0010416666666666667 0 0.0020833333333333333
0 0.0005615234375 0.0014995659722222222 0.000380859375 0.0014973958333333334
0 0.52421875 0.49895833333333334 0.0984375 0.3770833333333333