0 0.9 0.4979166666666667 0.1875 0.5958333333333333
0 0.0375 0.5333333333333333 0.075 0.2708333333333333
0 0.1296875 0.46979166666666666 0.059375 0.2520833333333333
0 0.19609375 0.47604166666666664 0.0421875 0.13125
0 0.090625 0.48020833333333335 0.075 0.3229166666666667
0 0.52578125 0.496875 0.0953125 0.3854166666666667
0 0.00078125 0.0010416666666666667 0 0.0020833333333333333
0 0.00059326171875 0.001501736111111111 0.00037109375 0.0014583333333333332
0 0.9 0.4979166666666667 0.1875 0.5958333333333333
0 0.0375 0.5333333333333333 0.075 0.2708333333333333
0 0.1296875 0.46979166666666666 0.059375 0.2520833333333333
0 0.19609375 0.47604166666666664 0.0421875 0.13125
0 0.090625 0.48020833333333335 0.075 0.3229166666666667
0 0.52578125 0.496875 0.0953125 0.3854166666666667
0 0.00078125 0.0010416666666666667 0 0.0020833333333333333
0 0.00059326171875 0.001501736111111111 0.00037109375 0.0014583333333333332