0 0.001546630859375 0.0011827256944444446 0.00041259765625 0.0023307291666666663
0 0.0265625 0.525 0.053125 0.32916666666666666
0 0.2921875 0.5083333333333333 0.05625 0.2
0 0.36796875 0.5458333333333333 0.0921875 0.30833333333333335
0 0.25390625 0.5072916666666667 0.0953125 0.3104166666666667
0 0.4171875 0.5354166666666667 0.1625 0.5416666666666666
0 0.11015625 0.5177083333333333 0.1234375 0.33958333333333335
0 0.001253662109375 0.0014409722222222222 0.00030029296875 0.001657986111111111
0 0.60546875 0.565625 0.1890625 0.7854166666666667
0 0.63828125 0.5166666666666667 0.1171875 0.475
0 0.001546630859375 0.0011827256944444446 0.00041259765625 0.0023307291666666663
0 0.0265625 0.525 0.053125 0.32916666666666666
0 0.2921875 0.5083333333333333 0.05625 0.2
0 0.36796875 0.5458333333333333 0.0921875 0.30833333333333335
0 0.25390625 0.5072916666666667 0.0953125 0.3104166666666667
0 0.4171875 0.5354166666666667 0.1625 0.5416666666666666
0 0.11015625 0.5177083333333333 0.1234375 0.33958333333333335
0 0.001253662109375 0.0014409722222222222 0.00030029296875 0.001657986111111111
0 0.60546875 0.565625 0.1890625 0.7854166666666667
0 0.63828125 0.5166666666666667 0.1171875 0.475