0 0.13046875 0.46770833333333334 0.0609375 0.25625
0 0.1984375 0.47291666666666665 0.040625 0.13333333333333333
0 0.0015625 0.0010416666666666667 0 0.0020833333333333333
0 0.08828125 0.47604166666666664 0.0765625 0.33125
0 0.5234375 0.490625 0.09375 0.38125
0 0.00067138671875 0.0014800347222222222 0.0003515625 0.0014496527777777778
0 0.13046875 0.46770833333333334 0.0609375 0.25625
0 0.1984375 0.47291666666666665 0.040625 0.13333333333333333
0 0.0015625 0.0010416666666666667 0 0.0020833333333333333
0 0.08828125 0.47604166666666664 0.0765625 0.33125
0 0.5234375 0.490625 0.09375 0.38125
0 0.00067138671875 0.0014800347222222222 0.0003515625 0.0014496527777777778