0 0.128125 0.46770833333333334 0.0625 0.25625
0 0.19921875 0.471875 0.0421875 0.13541666666666666
0 0.08515625 0.475 0.0765625 0.3333333333333333
0 0.0015625 0.0010416666666666667 0 0.0020833333333333333
0 0.5203125 0.49166666666666664 0.096875 0.38333333333333336
0 0.00071044921875 0.0014756944444444446 0.0003271484375 0.0014322916666666666
0 0.6328125 0.484375 0.03125 0.11041666666666666
0 0.5609375 0.4864583333333333 0.040625 0.13958333333333334
0 0.128125 0.46770833333333334 0.0625 0.25625
0 0.19921875 0.471875 0.0421875 0.13541666666666666
0 0.08515625 0.475 0.0765625 0.3333333333333333
0 0.0015625 0.0010416666666666667 0 0.0020833333333333333
0 0.5203125 0.49166666666666664 0.096875 0.38333333333333336
0 0.00071044921875 0.0014756944444444446 0.0003271484375 0.0014322916666666666
0 0.6328125 0.484375 0.03125 0.11041666666666666
0 0.5609375 0.4864583333333333 0.040625 0.13958333333333334