0 0.64296875 0.47291666666666665 0.0328125 0.1125
0 0.56640625 0.47604166666666664 0.0421875 0.13958333333333334
0 0.13125 0.4583333333333333 0.0625 0.25833333333333336
0 0.20546875 0.46458333333333335 0.0421875 0.13333333333333333
0 0.5234375 0.4708333333333333 0.09375 0.375
0 0.0859375 0.4666666666666667 0.078125 0.3375
0 0.0015625 0.0010416666666666667 0 0.0020833333333333333
0 0.000771484375 0.0014518229166666668 0.0003466796875 0.0014192708333333334
0 0.64296875 0.47291666666666665 0.0328125 0.1125
0 0.56640625 0.47604166666666664 0.0421875 0.13958333333333334
0 0.13125 0.4583333333333333 0.0625 0.25833333333333336
0 0.20546875 0.46458333333333335 0.0421875 0.13333333333333333
0 0.5234375 0.4708333333333333 0.09375 0.375
0 0.0859375 0.4666666666666667 0.078125 0.3375
0 0.0015625 0.0010416666666666667 0 0.0020833333333333333
0 0.000771484375 0.0014518229166666668 0.0003466796875 0.0014192708333333334