0 0.64765625 0.47291666666666665 0.0328125 0.1125
0 0.52265625 0.45625 0.0890625 0.3458333333333333
0 0.56796875 0.47708333333333336 0.0421875 0.14166666666666666
0 0.12890625 0.45729166666666665 0.0640625 0.2604166666666667
0 0.0015625 0.0010416666666666667 0 0.0020833333333333333
0 0.20703125 0.4635416666666667 0.0421875 0.13125
0 0.0828125 0.46458333333333335 0.078125 0.3416666666666667
0 0.0008264160156250001 0.001462673611111111 0.00037353515625 0.0014149305555555556
0 0.64765625 0.47291666666666665 0.0328125 0.1125
0 0.52265625 0.45625 0.0890625 0.3458333333333333
0 0.56796875 0.47708333333333336 0.0421875 0.14166666666666666
0 0.12890625 0.45729166666666665 0.0640625 0.2604166666666667
0 0.0015625 0.0010416666666666667 0 0.0020833333333333333
0 0.20703125 0.4635416666666667 0.0421875 0.13125
0 0.0828125 0.46458333333333335 0.078125 0.3416666666666667
0 0.0008264160156250001 0.001462673611111111 0.00037353515625 0.0014149305555555556