0 0.515625 0.465625 0.1 0.35208333333333336
0 0.2015625 0.4625 0.040625 0.12916666666666668
0 0.0015625 0.0010416666666666667 0 0.0020833333333333333
0 0.1203125 0.4552083333333333 0.065625 0.26458333333333334
0 0.07265625 0.46145833333333336 0.0796875 0.34791666666666665
0 0.000845947265625 0.001447482638888889 0.00035400390625 0.0013845486111111111
0 0.61484375 0.48125 0.0359375 0.12083333333333333
0 0.56953125 0.475 0.0421875 0.14166666666666666
0 0.64609375 0.475 0.0328125 0.1125
0 0.515625 0.465625 0.1 0.35208333333333336
0 0.2015625 0.4625 0.040625 0.12916666666666668
0 0.0015625 0.0010416666666666667 0 0.0020833333333333333
0 0.1203125 0.4552083333333333 0.065625 0.26458333333333334
0 0.07265625 0.46145833333333336 0.0796875 0.34791666666666665
0 0.000845947265625 0.001447482638888889 0.00035400390625 0.0013845486111111111
0 0.61484375 0.48125 0.0359375 0.12083333333333333
0 0.56953125 0.475 0.0421875 0.14166666666666666
0 0.64609375 0.475 0.0328125 0.1125