0 0.6125 0.48333333333333334 0.034375 0.12083333333333333
0 0.0015625 0.0010416666666666667 0 0.0020833333333333333
0 0.19921875 0.4625 0.0390625 0.12916666666666668
0 0.1140625 0.453125 0.065625 0.26875
0 0.5078125 0.46979166666666666 0.1 0.35625
0 0.065625 0.459375 0.084375 0.35208333333333336
0 0.000870361328125 0.0014236111111111112 0.00028564453125 0.0014062500000000002
0 0.87890625 0.5052083333333334 0.1296875 0.45625
0 0.571875 0.47291666666666665 0.040625 0.14166666666666666
0 0.646875 0.4739583333333333 0.03125 0.11458333333333333
0 0.6125 0.48333333333333334 0.034375 0.12083333333333333
0 0.0015625 0.0010416666666666667 0 0.0020833333333333333
0 0.19921875 0.4625 0.0390625 0.12916666666666668
0 0.1140625 0.453125 0.065625 0.26875
0 0.5078125 0.46979166666666666 0.1 0.35625
0 0.065625 0.459375 0.084375 0.35208333333333336
0 0.000870361328125 0.0014236111111111112 0.00028564453125 0.0014062500000000002
0 0.87890625 0.5052083333333334 0.1296875 0.45625
0 0.571875 0.47291666666666665 0.040625 0.14166666666666666
0 0.646875 0.4739583333333333 0.03125 0.11458333333333333