0 0.8859375 0.49375 0.140625 0.4875
0 0.0015625 0.0010416666666666667 0 0.0020833333333333333
0 0.10703125 0.453125 0.0671875 0.27291666666666664
0 0.1953125 0.46458333333333335 0.040625 0.12916666666666668
0 0.0578125 0.4625 0.084375 0.35833333333333334
0 0.5046875 0.47708333333333336 0.096875 0.36666666666666664
0 0.000892333984375 0.0014105902777777778 0.00025634765625 0.0014322916666666666
0 0.57421875 0.4708333333333333 0.0421875 0.14166666666666666
0 0.6125 0.48541666666666666 0.034375 0.12083333333333333
0 0.6484375 0.475 0.03125 0.1125
0 0.8859375 0.49375 0.140625 0.4875
0 0.0015625 0.0010416666666666667 0 0.0020833333333333333
0 0.10703125 0.453125 0.0671875 0.27291666666666664
0 0.1953125 0.46458333333333335 0.040625 0.12916666666666668
0 0.0578125 0.4625 0.084375 0.35833333333333334
0 0.5046875 0.47708333333333336 0.096875 0.36666666666666664
0 0.000892333984375 0.0014105902777777778 0.00025634765625 0.0014322916666666666
0 0.57421875 0.4708333333333333 0.0421875 0.14166666666666666
0 0.6125 0.48541666666666666 0.034375 0.12083333333333333
0 0.6484375 0.475 0.03125 0.1125