0 0.903125 0.49375 0.15 0.5
0 0.0015625 0.0010416666666666667 0 0.0020833333333333333
0 0.19375 0.46458333333333335 0.040625 0.12916666666666668
0 0.1015625 0.45625 0.06875 0.275
0 0.04921875 0.46458333333333335 0.0828125 0.36666666666666664
0 0.496875 0.48125 0.09375 0.37916666666666665
0 0.000933837890625 0.0014214409722222222 0.00029541015625 0.001427951388888889
0 0.57578125 0.46875 0.0421875 0.14166666666666666
0 0.61171875 0.48541666666666666 0.0328125 0.12083333333333333
0 0.65234375 0.47604166666666664 0.0328125 0.11458333333333333
0 0.903125 0.49375 0.15 0.5
0 0.0015625 0.0010416666666666667 0 0.0020833333333333333
0 0.19375 0.46458333333333335 0.040625 0.12916666666666668
0 0.1015625 0.45625 0.06875 0.275
0 0.04921875 0.46458333333333335 0.0828125 0.36666666666666664
0 0.496875 0.48125 0.09375 0.37916666666666665
0 0.000933837890625 0.0014214409722222222 0.00029541015625 0.001427951388888889
0 0.57578125 0.46875 0.0421875 0.14166666666666666
0 0.61171875 0.48541666666666666 0.0328125 0.12083333333333333
0 0.65234375 0.47604166666666664 0.0328125 0.11458333333333333