0 0.9203125 0.50625 0.146875 0.5
0 0.0015625 0.0010416666666666667 0 0.0020833333333333333
0 0.19140625 0.478125 0.0421875 0.13125
0 0.56171875 0.49270833333333336 0.0421875 0.14791666666666667
0 0.09609375 0.46979166666666666 0.0703125 0.27708333333333335
0 0.040625 0.478125 0.08125 0.36875
0 0.48984375 0.4875 0.0921875 0.375
0 0.000968017578125 0.0014409722222222222 0.00031982421875 0.0013888888888888887
0 0.6109375 0.4875 0.034375 0.12083333333333333
0 0.6546875 0.475 0.03125 0.1125
0 0.9203125 0.50625 0.146875 0.5
0 0.0015625 0.0010416666666666667 0 0.0020833333333333333
0 0.19140625 0.478125 0.0421875 0.13125
0 0.56171875 0.49270833333333336 0.0421875 0.14791666666666667
0 0.09609375 0.46979166666666666 0.0703125 0.27708333333333335
0 0.040625 0.478125 0.08125 0.36875
0 0.48984375 0.4875 0.0921875 0.375
0 0.000968017578125 0.0014409722222222222 0.00031982421875 0.0013888888888888887
0 0.6109375 0.4875 0.034375 0.12083333333333333
0 0.6546875 0.475 0.03125 0.1125