0 0.0015625 0.0010416666666666667 0 0.0020833333333333333
0 0.18828125 0.48333333333333334 0.0421875 0.13333333333333333
0 0.93515625 0.5083333333333333 0.1296875 0.5
0 0.0890625 0.47604166666666664 0.06875 0.28125
0 0.559375 0.496875 0.040625 0.14791666666666667
0 0.03671875 0.48333333333333334 0.0734375 0.375
0 0.48359375 0.49270833333333336 0.0953125 0.3770833333333333
0 0.001009521484375 0.0014561631944444444 0.00030517578125 0.0014192708333333334
0 0.6109375 0.4875 0.034375 0.12083333333333333
0 0.65703125 0.475 0.0328125 0.1125
0 0.0015625 0.0010416666666666667 0 0.0020833333333333333
0 0.18828125 0.48333333333333334 0.0421875 0.13333333333333333
0 0.93515625 0.5083333333333333 0.1296875 0.5
0 0.0890625 0.47604166666666664 0.06875 0.28125
0 0.559375 0.496875 0.040625 0.14791666666666667
0 0.03671875 0.48333333333333334 0.0734375 0.375
0 0.48359375 0.49270833333333336 0.0953125 0.3770833333333333
0 0.001009521484375 0.0014561631944444444 0.00030517578125 0.0014192708333333334
0 0.6109375 0.4875 0.034375 0.12083333333333333
0 0.65703125 0.475 0.0328125 0.1125