0 0.2890625 0.509375 0.053125 0.20625
0 0.0015783691406250002 0.00115234375 0.00037353515625 0.002183159722222222
0 0.02734375 0.5291666666666667 0.0546875 0.3333333333333333
0 0.346875 0.5458333333333333 0.078125 0.3125
0 0.40625 0.534375 0.159375 0.5604166666666667
0 0.25390625 0.5083333333333333 0.0921875 0.3125
0 0.001292724609375 0.0013802083333333333 0.00029541015625 0.001579861111111111
0 0.10546875 0.5208333333333334 0.1203125 0.3458333333333333
0 0.63984375 0.5729166666666666 0.2171875 0.7708333333333334
0 0.61640625 0.5177083333333333 0.1171875 0.47291666666666665
0 0.2890625 0.509375 0.053125 0.20625
0 0.0015783691406250002 0.00115234375 0.00037353515625 0.002183159722222222
0 0.02734375 0.5291666666666667 0.0546875 0.3333333333333333
0 0.346875 0.5458333333333333 0.078125 0.3125
0 0.40625 0.534375 0.159375 0.5604166666666667
0 0.25390625 0.5083333333333333 0.0921875 0.3125
0 0.001292724609375 0.0013802083333333333 0.00029541015625 0.001579861111111111
0 0.10546875 0.5208333333333334 0.1203125 0.3458333333333333
0 0.63984375 0.5729166666666666 0.2171875 0.7708333333333334
0 0.61640625 0.5177083333333333 0.1171875 0.47291666666666665