0 0.60625 0.5010416666666667 0.0375 0.12708333333333333
0 0.18125 0.484375 0.040625 0.13125
0 0.03046875 0.4822916666666667 0.0609375 0.3854166666666667
0 0.94296875 0.5010416666666667 0.1140625 0.4895833333333333
0 0.0796875 0.47604166666666664 0.071875 0.28541666666666665
0 0.55546875 0.496875 0.0421875 0.14791666666666667
0 0.471875 0.490625 0.09375 0.3770833333333333
0 0.00108154296875 0.0014366319444444444 0.000263671875 0.0014236111111111112
0 0.659375 0.475 0.03125 0.1125
0 0.60625 0.5010416666666667 0.0375 0.12708333333333333
0 0.18125 0.484375 0.040625 0.13125
0 0.03046875 0.4822916666666667 0.0609375 0.3854166666666667
0 0.94296875 0.5010416666666667 0.1140625 0.4895833333333333
0 0.0796875 0.47604166666666664 0.071875 0.28541666666666665
0 0.55546875 0.496875 0.0421875 0.14791666666666667
0 0.471875 0.490625 0.09375 0.3770833333333333
0 0.00108154296875 0.0014366319444444444 0.000263671875 0.0014236111111111112
0 0.659375 0.475 0.03125 0.1125