0 0.02578125 0.48333333333333334 0.0515625 0.3875
0 0.6046875 0.5072916666666667 0.0375 0.13125
0 0.178125 0.4864583333333333 0.040625 0.13125
0 0.001514892578125 0.0010286458333333335 0.00020751953125 0.0010677083333333333
0 0.071875 0.478125 0.075 0.28958333333333336
0 0.55546875 0.5 0.0421875 0.15
0 0.4640625 0.4979166666666667 0.090625 0.37916666666666665
0 0.00112060546875 0.001447482638888889 0.00027832031250000003 0.0014192708333333334
0 0.66171875 0.475 0.0328125 0.1125
0 0.02578125 0.48333333333333334 0.0515625 0.3875
0 0.6046875 0.5072916666666667 0.0375 0.13125
0 0.178125 0.4864583333333333 0.040625 0.13125
0 0.001514892578125 0.0010286458333333335 0.00020751953125 0.0010677083333333333
0 0.071875 0.478125 0.075 0.28958333333333336
0 0.55546875 0.5 0.0421875 0.15
0 0.4640625 0.4979166666666667 0.090625 0.37916666666666665
0 0.00112060546875 0.001447482638888889 0.00027832031250000003 0.0014192708333333334
0 0.66171875 0.475 0.0328125 0.1125