0 0.02109375 0.4864583333333333 0.0421875 0.39375
0 0.66328125 0.496875 0.0359375 0.12708333333333333
0 0.17421875 0.4895833333333333 0.0390625 0.12916666666666668
0 0.00153564453125 0.001032986111111111 0.0002197265625 0.0010850694444444445
0 0.603125 0.5083333333333333 0.040625 0.13333333333333333
0 0.06484375 0.4791666666666667 0.0765625 0.2916666666666667
0 0.55390625 0.5020833333333333 0.0421875 0.15
0 0.45859375 0.5020833333333333 0.0921875 0.375
0 0.0011437988281250001 0.0014756944444444446 0.00031494140625 0.0014322916666666666
0 0.84375 0.4875 0.046875 0.15416666666666667
0 0.02109375 0.4864583333333333 0.0421875 0.39375
0 0.66328125 0.496875 0.0359375 0.12708333333333333
0 0.17421875 0.4895833333333333 0.0390625 0.12916666666666668
0 0.00153564453125 0.001032986111111111 0.0002197265625 0.0010850694444444445
0 0.603125 0.5083333333333333 0.040625 0.13333333333333333
0 0.06484375 0.4791666666666667 0.0765625 0.2916666666666667
0 0.55390625 0.5020833333333333 0.0421875 0.15
0 0.45859375 0.5020833333333333 0.0921875 0.375
0 0.0011437988281250001 0.0014756944444444446 0.00031494140625 0.0014322916666666666
0 0.84375 0.4875 0.046875 0.15416666666666667