0 0.00156982421875 0.0010481770833333335 0.00022460937499999998 0.001072048611111111
0 0.6671875 0.49375 0.0375 0.12916666666666668
0 0.8453125 0.48125 0.046875 0.15833333333333333
0 0.171875 0.48541666666666666 0.040625 0.12916666666666668
0 0.603125 0.5052083333333334 0.040625 0.13958333333333334
0 0.05703125 0.47708333333333336 0.0765625 0.29583333333333334
0 0.45234375 0.5 0.0921875 0.375
0 0.55390625 0.4979166666666667 0.0421875 0.15
0 0.0011853027343749999 0.00146484375 0.00035888671875 0.001427951388888889
0 0.00156982421875 0.0010481770833333335 0.00022460937499999998 0.001072048611111111
0 0.6671875 0.49375 0.0375 0.12916666666666668
0 0.8453125 0.48125 0.046875 0.15833333333333333
0 0.171875 0.48541666666666666 0.040625 0.12916666666666668
0 0.603125 0.5052083333333334 0.040625 0.13958333333333334
0 0.05703125 0.47708333333333336 0.0765625 0.29583333333333334
0 0.45234375 0.5 0.0921875 0.375
0 0.55390625 0.4979166666666667 0.0421875 0.15
0 0.0011853027343749999 0.00146484375 0.00035888671875 0.001427951388888889