0 0.16875 0.48333333333333334 0.040625 0.12916666666666668
0 0.6015625 0.5052083333333334 0.040625 0.13958333333333334
0 0.05234375 0.4739583333333333 0.0765625 0.3020833333333333
0 0.44765625 0.4979166666666667 0.0921875 0.375
0 0.55234375 0.49895833333333334 0.0421875 0.15208333333333332
0 0.0012060546874999999 0.0014496527777777778 0.000361328125 0.0014149305555555556
0 0.16875 0.48333333333333334 0.040625 0.12916666666666668
0 0.6015625 0.5052083333333334 0.040625 0.13958333333333334
0 0.05234375 0.4739583333333333 0.0765625 0.3020833333333333
0 0.44765625 0.4979166666666667 0.0921875 0.375
0 0.55234375 0.49895833333333334 0.0421875 0.15208333333333332
0 0.0012060546874999999 0.0014496527777777778 0.000361328125 0.0014149305555555556