0 0.0015954589843749998 0.0011480034722222221 0.00033935546875000003 0.0020095486111111113
0 0.3375 0.54375 0.08125 0.32083333333333336
0 0.253125 0.5072916666666667 0.09375 0.31875
0 0.0013037109375 0.0013823784722222223 0.0003125 0.001584201388888889
0 0.390625 0.5302083333333333 0.153125 0.5729166666666666
0 0.1015625 0.5197916666666667 0.121875 0.34375
0 0.6546875 0.5791666666666667 0.240625 0.7666666666666667
0 0.59609375 0.51875 0.1171875 0.475
0 0.0015954589843749998 0.0011480034722222221 0.00033935546875000003 0.0020095486111111113
0 0.3375 0.54375 0.08125 0.32083333333333336
0 0.253125 0.5072916666666667 0.09375 0.31875
0 0.0013037109375 0.0013823784722222223 0.0003125 0.001584201388888889
0 0.390625 0.5302083333333333 0.153125 0.5729166666666666
0 0.1015625 0.5197916666666667 0.121875 0.34375
0 0.6546875 0.5791666666666667 0.240625 0.7666666666666667
0 0.59609375 0.51875 0.1171875 0.475