0 0.3109375 0.54375 0.0875 0.3458333333333333
0 0.584375 0.5197916666666667 0.125 0.4479166666666667
0 0.25 0.5052083333333334 0.09375 0.33541666666666664
0 0.35859375 0.5260416666666666 0.1515625 0.59375
0 0.0013427734375 0.0013932291666666665 0.0003271484375 0.0015538194444444445
0 0.09453125 0.5177083333333333 0.1171875 0.35208333333333336
0 0.66484375 0.5791666666666667 0.2359375 0.7458333333333333
0 0.42265625 0.5166666666666667 0.0765625 0.3125
0 0.3109375 0.54375 0.0875 0.3458333333333333
0 0.584375 0.5197916666666667 0.125 0.4479166666666667
0 0.25 0.5052083333333334 0.09375 0.33541666666666664
0 0.35859375 0.5260416666666666 0.1515625 0.59375
0 0.0013427734375 0.0013932291666666665 0.0003271484375 0.0015538194444444445
0 0.09453125 0.5177083333333333 0.1171875 0.35208333333333336
0 0.66484375 0.5791666666666667 0.2359375 0.7458333333333333
0 0.42265625 0.5166666666666667 0.0765625 0.3125