0 0.29140625 0.5479166666666667 0.0984375 0.3375
0 0.41796875 0.5083333333333333 0.0734375 0.2875
0 0.3421875 0.5260416666666666 0.15625 0.6145833333333334
0 0.246875 0.5083333333333333 0.096875 0.3458333333333333
0 0.09140625 0.5166666666666667 0.1203125 0.35833333333333334
0 0.0013586425781249999 0.001408420138888889 0.00031982421875 0.0015321180555555557
0 0.57578125 0.521875 0.1140625 0.44375
0 0.67734375 0.5729166666666666 0.2140625 0.7333333333333333
0 0.29140625 0.5479166666666667 0.0984375 0.3375
0 0.41796875 0.5083333333333333 0.0734375 0.2875
0 0.3421875 0.5260416666666666 0.15625 0.6145833333333334
0 0.246875 0.5083333333333333 0.096875 0.3458333333333333
0 0.09140625 0.5166666666666667 0.1203125 0.35833333333333334
0 0.0013586425781249999 0.001408420138888889 0.00031982421875 0.0015321180555555557
0 0.57578125 0.521875 0.1140625 0.44375
0 0.67734375 0.5729166666666666 0.2140625 0.7333333333333333