0 0.27265625 0.5520833333333334 0.1171875 0.3958333333333333
0 0.2453125 0.5083333333333333 0.096875 0.3458333333333333
0 0.31875 0.5354166666666667 0.15625 0.6416666666666667
0 0.4140625 0.5083333333333333 0.08125 0.29583333333333334
0 0.56171875 0.521875 0.1109375 0.4395833333333333
0 0.0013879394531250001 0.0014040798611111112 0.00030029296875 0.0014800347222222222
0 0.0828125 0.51875 0.121875 0.37083333333333335
0 0.709375 0.5541666666666667 0.178125 0.7041666666666667
0 0.640625 0.4895833333333333 0.059375 0.24166666666666667
0 0.27265625 0.5520833333333334 0.1171875 0.3958333333333333
0 0.2453125 0.5083333333333333 0.096875 0.3458333333333333
0 0.31875 0.5354166666666667 0.15625 0.6416666666666667
0 0.4140625 0.5083333333333333 0.08125 0.29583333333333334
0 0.56171875 0.521875 0.1109375 0.4395833333333333
0 0.0013879394531250001 0.0014040798611111112 0.00030029296875 0.0014800347222222222
0 0.0828125 0.51875 0.121875 0.37083333333333335
0 0.709375 0.5541666666666667 0.178125 0.7041666666666667
0 0.640625 0.4895833333333333 0.059375 0.24166666666666667