0 0.259375 0.5395833333333333 0.11875 0.4125
0 0.63828125 0.49166666666666664 0.0609375 0.24166666666666667
0 0.41484375 0.509375 0.0859375 0.29791666666666666
0 0.001409912109375 0.0014149305555555556 0.00029541015625 0.001484375
0 0.2953125 0.5385416666666667 0.178125 0.65625
0 0.5484375 0.525 0.11875 0.4375
0 0.0796875 0.521875 0.121875 0.3770833333333333
0 0.72578125 0.5541666666666667 0.1671875 0.6916666666666667
0 0.24375 0.5083333333333333 0.096875 0.3458333333333333
0 0.259375 0.5395833333333333 0.11875 0.4125
0 0.63828125 0.49166666666666664 0.0609375 0.24166666666666667
0 0.41484375 0.509375 0.0859375 0.29791666666666666
0 0.001409912109375 0.0014149305555555556 0.00029541015625 0.001484375
0 0.2953125 0.5385416666666667 0.178125 0.65625
0 0.5484375 0.525 0.11875 0.4375
0 0.0796875 0.521875 0.121875 0.3770833333333333
0 0.72578125 0.5541666666666667 0.1671875 0.6916666666666667
0 0.24375 0.5083333333333333 0.096875 0.3458333333333333