0 0.253125 0.540625 0.13125 0.41875
0 0.6359375 0.49375 0.065625 0.25
0 0.91953125 0.6458333333333334 0.1609375 0.6708333333333333
0 0.534375 0.528125 0.1375 0.4354166666666667
0 0.078125 0.5260416666666666 0.125 0.3854166666666667
0 0.2734375 0.5447916666666667 0.196875 0.68125
0 0.41796875 0.509375 0.0921875 0.29791666666666666
0 0.74453125 0.5625 0.1671875 0.6833333333333333
0 0.24296875 0.5083333333333333 0.0984375 0.3458333333333333
0 0.253125 0.540625 0.13125 0.41875
0 0.6359375 0.49375 0.065625 0.25
0 0.91953125 0.6458333333333334 0.1609375 0.6708333333333333
0 0.534375 0.528125 0.1375 0.4354166666666667
0 0.078125 0.5260416666666666 0.125 0.3854166666666667
0 0.2734375 0.5447916666666667 0.196875 0.68125
0 0.41796875 0.509375 0.0921875 0.29791666666666666
0 0.74453125 0.5625 0.1671875 0.6833333333333333
0 0.24296875 0.5083333333333333 0.0984375 0.3458333333333333