0 0.00146484375 0.001349826388888889 0.00022949218750000001 0.0013802083333333333
0 0.63125 0.49270833333333336 0.06875 0.2520833333333333
0 0.07265625 0.5270833333333333 0.1265625 0.39166666666666666
0 0.4234375 0.509375 0.1 0.3020833333333333
0 0.52421875 0.5291666666666667 0.1390625 0.42916666666666664
0 0.2515625 0.5541666666666667 0.209375 0.7333333333333333
0 0.7640625 0.5729166666666666 0.1625 0.6708333333333333
0 0.57109375 0.50625 0.0578125 0.20416666666666666
0 0.2421875 0.5083333333333333 0.096875 0.3458333333333333
0 0.00146484375 0.001349826388888889 0.00022949218750000001 0.0013802083333333333
0 0.63125 0.49270833333333336 0.06875 0.2520833333333333
0 0.07265625 0.5270833333333333 0.1265625 0.39166666666666666
0 0.4234375 0.509375 0.1 0.3020833333333333
0 0.52421875 0.5291666666666667 0.1390625 0.42916666666666664
0 0.2515625 0.5541666666666667 0.209375 0.7333333333333333
0 0.7640625 0.5729166666666666 0.1625 0.6708333333333333
0 0.57109375 0.50625 0.0578125 0.20416666666666666
0 0.2421875 0.5083333333333333 0.096875 0.3458333333333333