0 0.56640625 0.5052083333333334 0.0609375 0.20625
0 0.001478271484375 0.0013628472222222223 0.00021728515625 0.0013628472222222223
0 0.0703125 0.5260416666666666 0.128125 0.39791666666666664
0 0.62890625 0.49375 0.0703125 0.25416666666666665
0 0.23671875 0.5489583333333333 0.2078125 0.7604166666666666
0 0.515625 0.5291666666666667 0.134375 0.42916666666666664
0 0.42578125 0.509375 0.1015625 0.30625
0 0.775 0.5770833333333333 0.159375 0.6666666666666666
0 0.240625 0.509375 0.096875 0.34375
0 0.56640625 0.5052083333333334 0.0609375 0.20625
0 0.001478271484375 0.0013628472222222223 0.00021728515625 0.0013628472222222223
0 0.0703125 0.5260416666666666 0.128125 0.39791666666666664
0 0.62890625 0.49375 0.0703125 0.25416666666666665
0 0.23671875 0.5489583333333333 0.2078125 0.7604166666666666
0 0.515625 0.5291666666666667 0.134375 0.42916666666666664
0 0.42578125 0.509375 0.1015625 0.30625
0 0.775 0.5770833333333333 0.159375 0.6666666666666666
0 0.240625 0.509375 0.096875 0.34375