0 0.0015209960937499999 0.0013671875 0.0002197265625 0.0013194444444444445
0 0.56328125 0.5052083333333334 0.0578125 0.20625
0 0.1765625 0.540625 0.203125 0.8229166666666666
0 0.6265625 0.4947916666666667 0.071875 0.2604166666666667
0 0.4265625 0.5135416666666667 0.0875 0.30625
0 0.059375 0.525 0.115625 0.4083333333333333
0 0.48515625 0.5270833333333333 0.1140625 0.42083333333333334
0 0.2765625 0.5135416666666667 0.10625 0.39375
0 0.8109375 0.5604166666666667 0.15625 0.6208333333333333
0 0.73671875 0.4947916666666667 0.0484375 0.16458333333333333
0 0.0015209960937499999 0.0013671875 0.0002197265625 0.0013194444444444445
0 0.56328125 0.5052083333333334 0.0578125 0.20625
0 0.1765625 0.540625 0.203125 0.8229166666666666
0 0.6265625 0.4947916666666667 0.071875 0.2604166666666667
0 0.4265625 0.5135416666666667 0.0875 0.30625
0 0.059375 0.525 0.115625 0.4083333333333333
0 0.48515625 0.5270833333333333 0.1140625 0.42083333333333334
0 0.2765625 0.5135416666666667 0.10625 0.39375
0 0.8109375 0.5604166666666667 0.15625 0.6208333333333333
0 0.73671875 0.4947916666666667 0.0484375 0.16458333333333333