0 0.4328125 0.5104166666666666 0.09375 0.31666666666666665
0 0.05625 0.5458333333333333 0.1125 0.45416666666666666
0 0.73828125 0.49270833333333336 0.0484375 0.16458333333333333
0 0.56015625 0.5052083333333334 0.0609375 0.21041666666666667
0 0.4625 0.528125 0.1125 0.41875
0 0.14609375 0.5416666666666666 0.2109375 0.8583333333333333
0 0.6234375 0.49270833333333336 0.075 0.26458333333333334
0 0.28125 0.5166666666666667 0.1125 0.4041666666666667
0 0.8265625 0.5458333333333333 0.15625 0.6041666666666666
0 0.4328125 0.5104166666666666 0.09375 0.31666666666666665
0 0.05625 0.5458333333333333 0.1125 0.45416666666666666
0 0.73828125 0.49270833333333336 0.0484375 0.16458333333333333
0 0.56015625 0.5052083333333334 0.0609375 0.21041666666666667
0 0.4625 0.528125 0.1125 0.41875
0 0.14609375 0.5416666666666666 0.2109375 0.8583333333333333
0 0.6234375 0.49270833333333336 0.075 0.26458333333333334
0 0.28125 0.5166666666666667 0.1125 0.4041666666666667
0 0.8265625 0.5458333333333333 0.15625 0.6041666666666666