0 0.44609375 0.5177083333333333 0.0890625 0.33125
0 0 0.0010416666666666667 0 0.0020833333333333333
0 0.7328125 0.49270833333333336 0.046875 0.16458333333333333
0 0.553125 0.50625 0.065625 0.21666666666666667
0 0.615625 0.490625 0.078125 0.26875
0 0.8625 0.5541666666666667 0.1625 0.575
0 0.28359375 0.5229166666666667 0.1140625 0.43333333333333335
0 0.43046875 0.5333333333333333 0.1234375 0.4125
0 0.2265625 0.5114583333333333 0.05625 0.18541666666666667
0 0.75859375 0.49895833333333334 0.0390625 0.14375
0 0.05234375 0.5479166666666667 0.1046875 0.45416666666666666
0 0.44609375 0.5177083333333333 0.0890625 0.33125
0 0 0.0010416666666666667 0 0.0020833333333333333
0 0.7328125 0.49270833333333336 0.046875 0.16458333333333333
0 0.553125 0.50625 0.065625 0.21666666666666667
0 0.615625 0.490625 0.078125 0.26875
0 0.8625 0.5541666666666667 0.1625 0.575
0 0.28359375 0.5229166666666667 0.1140625 0.43333333333333335
0 0.43046875 0.5333333333333333 0.1234375 0.4125
0 0.2265625 0.5114583333333333 0.05625 0.18541666666666667
0 0.75859375 0.49895833333333334 0.0390625 0.14375
0 0.05234375 0.5479166666666667 0.1046875 0.45416666666666666