0 0 0.0010416666666666667 0 0.0020833333333333333
0 0.7578125 0.49895833333333334 0.040625 0.14375
0 0.2234375 0.50625 0.053125 0.17083333333333334
0 0.73125 0.49166666666666664 0.046875 0.16666666666666666
0 0.446875 0.5114583333333333 0.0875 0.32708333333333334
0 0.8671875 0.5541666666666667 0.153125 0.5708333333333333
0 0.55078125 0.5052083333333334 0.0671875 0.21875
0 0.6109375 0.49166666666666664 0.078125 0.2708333333333333
0 0.4234375 0.5333333333333333 0.121875 0.4125
0 0.28828125 0.5229166666666667 0.1140625 0.44166666666666665
0 0.05 0.5489583333333333 0.1 0.45625
0 0 0.0010416666666666667 0 0.0020833333333333333
0 0.7578125 0.49895833333333334 0.040625 0.14375
0 0.2234375 0.50625 0.053125 0.17083333333333334
0 0.73125 0.49166666666666664 0.046875 0.16666666666666666
0 0.446875 0.5114583333333333 0.0875 0.32708333333333334
0 0.8671875 0.5541666666666667 0.153125 0.5708333333333333
0 0.55078125 0.5052083333333334 0.0671875 0.21875
0 0.6109375 0.49166666666666664 0.078125 0.2708333333333333
0 0.4234375 0.5333333333333333 0.121875 0.4125
0 0.28828125 0.5229166666666667 0.1140625 0.44166666666666665
0 0.05 0.5489583333333333 0.1 0.45625