0 0.053125 0.534375 0.10625 0.41875
0 0.72890625 0.490625 0.0484375 0.16458333333333333
0 0.15546875 0.50625 0.0578125 0.16666666666666666
0 0.2171875 0.5052083333333334 0.053125 0.17291666666666666
0 0.4 0.5208333333333334 0.103125 0.3958333333333333
0 0.54140625 0.5041666666666667 0.0671875 0.22083333333333333
0 0.60234375 0.49375 0.0796875 0.2791666666666667
0 0.4484375 0.5104166666666666 0.090625 0.3333333333333333
0 0.3015625 0.5239583333333333 0.128125 0.47708333333333336
0 0.909375 0.5520833333333334 0.153125 0.5708333333333333
0 0.75234375 0.503125 0.0390625 0.14375
0 0.053125 0.534375 0.10625 0.41875
0 0.72890625 0.490625 0.0484375 0.16458333333333333
0 0.15546875 0.50625 0.0578125 0.16666666666666666
0 0.2171875 0.5052083333333334 0.053125 0.17291666666666666
0 0.4 0.5208333333333334 0.103125 0.3958333333333333
0 0.54140625 0.5041666666666667 0.0671875 0.22083333333333333
0 0.60234375 0.49375 0.0796875 0.2791666666666667
0 0.4484375 0.5104166666666666 0.090625 0.3333333333333333
0 0.3015625 0.5239583333333333 0.128125 0.47708333333333336
0 0.909375 0.5520833333333334 0.153125 0.5708333333333333
0 0.75234375 0.503125 0.0390625 0.14375