0 0.1546875 0.503125 0.059375 0.16875
0 0.21015625 0.5052083333333334 0.0546875 0.17291666666666666
0 0.05234375 0.5322916666666667 0.1046875 0.46041666666666664
0 0.4484375 0.5104166666666666 0.09375 0.3375
0 0.37890625 0.5208333333333334 0.1046875 0.4
0 0.534375 0.503125 0.065625 0.22291666666666668
0 0.59453125 0.49270833333333336 0.0796875 0.28125
0 0.3140625 0.5291666666666667 0.146875 0.4875
0 0.0015625 0.0010416666666666667 0 0.0020833333333333333
0 0.9265625 0.55 0.146875 0.5708333333333333
0 0.728125 0.490625 0.05 0.16458333333333333
0 0.75 0.5052083333333334 0.040625 0.14375
0 0.1546875 0.503125 0.059375 0.16875
0 0.21015625 0.5052083333333334 0.0546875 0.17291666666666666
0 0.05234375 0.5322916666666667 0.1046875 0.46041666666666664
0 0.4484375 0.5104166666666666 0.09375 0.3375
0 0.37890625 0.5208333333333334 0.1046875 0.4
0 0.534375 0.503125 0.065625 0.22291666666666668
0 0.59453125 0.49270833333333336 0.0796875 0.28125
0 0.3140625 0.5291666666666667 0.146875 0.4875
0 0.0015625 0.0010416666666666667 0 0.0020833333333333333
0 0.9265625 0.55 0.146875 0.5708333333333333
0 0.728125 0.490625 0.05 0.16458333333333333
0 0.75 0.5052083333333334 0.040625 0.14375