0 0.0015625 0.0010416666666666667 0 0.0020833333333333333
0 0.15546875 0.5020833333333333 0.0578125 0.17083333333333334
0 0.20625 0.5052083333333334 0.053125 0.17291666666666666
0 0.0515625 0.5291666666666667 0.103125 0.4666666666666667
0 0.36640625 0.521875 0.1078125 0.39791666666666664
0 0.52890625 0.5041666666666667 0.0671875 0.225
0 0.58984375 0.4947916666666667 0.0796875 0.28541666666666665
0 0.4484375 0.5125 0.096875 0.3416666666666667
0 0.3234375 0.5333333333333333 0.15625 0.5
0 0.26796875 0.5197916666666667 0.0703125 0.26875
0 0.00148681640625 0.0011436631944444443 0.00023925781250000002 0.0011848958333333334
0 0.72734375 0.490625 0.0484375 0.16458333333333333
0 0.74765625 0.5072916666666667 0.0390625 0.14375
0 0.0015625 0.0010416666666666667 0 0.0020833333333333333
0 0.15546875 0.5020833333333333 0.0578125 0.17083333333333334
0 0.20625 0.5052083333333334 0.053125 0.17291666666666666
0 0.0515625 0.5291666666666667 0.103125 0.4666666666666667
0 0.36640625 0.521875 0.1078125 0.39791666666666664
0 0.52890625 0.5041666666666667 0.0671875 0.225
0 0.58984375 0.4947916666666667 0.0796875 0.28541666666666665
0 0.4484375 0.5125 0.096875 0.3416666666666667
0 0.3234375 0.5333333333333333 0.15625 0.5
0 0.26796875 0.5197916666666667 0.0703125 0.26875
0 0.00148681640625 0.0011436631944444443 0.00023925781250000002 0.0011848958333333334
0 0.72734375 0.490625 0.0484375 0.16458333333333333
0 0.74765625 0.5072916666666667 0.0390625 0.14375