0 0.35625 0.5395833333333333 0.1125 0.3625
0 0.1609375 0.49895833333333334 0.053125 0.17708333333333334
0 0.26640625 0.5135416666666667 0.0703125 0.26458333333333334
0 0.0015625 0.0010416666666666667 0 0.0020833333333333333
0 0.20078125 0.5052083333333334 0.0546875 0.17708333333333334
0 0.05 0.525 0.1 0.4708333333333333
0 0.58359375 0.49270833333333336 0.0796875 0.29375
0 0.5234375 0.503125 0.065625 0.22708333333333333
0 0.44765625 0.5114583333333333 0.1046875 0.34375
0 0.33125 0.5322916666666667 0.153125 0.5229166666666667
0 0.0015185546875000002 0.0011414930555555558 0.00023925781250000002 0.001189236111111111
0 0.72578125 0.4895833333333333 0.0484375 0.16666666666666666
0 0.74609375 0.509375 0.0390625 0.14375
0 0.35625 0.5395833333333333 0.1125 0.3625
0 0.1609375 0.49895833333333334 0.053125 0.17708333333333334
0 0.26640625 0.5135416666666667 0.0703125 0.26458333333333334
0 0.0015625 0.0010416666666666667 0 0.0020833333333333333
0 0.20078125 0.5052083333333334 0.0546875 0.17708333333333334
0 0.05 0.525 0.1 0.4708333333333333
0 0.58359375 0.49270833333333336 0.0796875 0.29375
0 0.5234375 0.503125 0.065625 0.22708333333333333
0 0.44765625 0.5114583333333333 0.1046875 0.34375
0 0.33125 0.5322916666666667 0.153125 0.5229166666666667
0 0.0015185546875000002 0.0011414930555555558 0.00023925781250000002 0.001189236111111111
0 0.72578125 0.4895833333333333 0.0484375 0.16666666666666666
0 0.74609375 0.509375 0.0390625 0.14375