0 0.575 0.49270833333333336 0.078125 0.29375
0 0.1640625 0.49895833333333334 0.046875 0.17708333333333334
0 0.0015625 0.0010416666666666667 0 0.0020833333333333333
0 0.2671875 0.5135416666666667 0.075 0.27291666666666664
0 0.05 0.525 0.1 0.48333333333333334
0 0.1953125 0.50625 0.053125 0.17916666666666667
0 0.5140625 0.5052083333333334 0.0625 0.23125
0 0.92734375 0.5375 0.1390625 0.5
0 0.44765625 0.5166666666666667 0.1015625 0.35
0 0.340625 0.534375 0.15 0.5395833333333333
0 0.090625 0.5052083333333334 0.053125 0.18541666666666667
0 0.340625 0.540625 0.1125 0.36041666666666666
0 0.72421875 0.48854166666666665 0.0484375 0.16458333333333333
0 0.74453125 0.509375 0.0390625 0.14375
0 0.575 0.49270833333333336 0.078125 0.29375
0 0.1640625 0.49895833333333334 0.046875 0.17708333333333334
0 0.0015625 0.0010416666666666667 0 0.0020833333333333333
0 0.2671875 0.5135416666666667 0.075 0.27291666666666664
0 0.05 0.525 0.1 0.48333333333333334
0 0.1953125 0.50625 0.053125 0.17916666666666667
0 0.5140625 0.5052083333333334 0.0625 0.23125
0 0.92734375 0.5375 0.1390625 0.5
0 0.44765625 0.5166666666666667 0.1015625 0.35
0 0.340625 0.534375 0.15 0.5395833333333333
0 0.090625 0.5052083333333334 0.053125 0.18541666666666667
0 0.340625 0.540625 0.1125 0.36041666666666666
0 0.72421875 0.48854166666666665 0.0484375 0.16458333333333333
0 0.74453125 0.509375 0.0390625 0.14375