0 0.09375 0.5072916666666667 0.059375 0.18958333333333333
0 0.16328125 0.49895833333333334 0.0484375 0.17708333333333334
0 0.5109375 0.5052083333333334 0.0625 0.23541666666666666
0 0.0015625 0.0010416666666666667 0 0.0020833333333333333
0 0.05 0.528125 0.1 0.4979166666666667
0 0.26640625 0.5145833333333333 0.0796875 0.2791666666666667
0 0.1890625 0.5041666666666667 0.05625 0.18333333333333332
0 0.446875 0.5177083333333333 0.096875 0.35208333333333336
0 0.92578125 0.5458333333333333 0.1359375 0.5083333333333333
0 0.34921875 0.5322916666666667 0.1453125 0.5520833333333334
0 0.325 0.5416666666666666 0.1125 0.3625
0 0.72265625 0.48854166666666665 0.0484375 0.16458333333333333
0 0.7421875 0.5114583333333333 0.040625 0.14375
0 0.5703125 0.49270833333333336 0.078125 0.29375
0 0.09375 0.5072916666666667 0.059375 0.18958333333333333
0 0.16328125 0.49895833333333334 0.0484375 0.17708333333333334
0 0.5109375 0.5052083333333334 0.0625 0.23541666666666666
0 0.0015625 0.0010416666666666667 0 0.0020833333333333333
0 0.05 0.528125 0.1 0.4979166666666667
0 0.26640625 0.5145833333333333 0.0796875 0.2791666666666667
0 0.1890625 0.5041666666666667 0.05625 0.18333333333333332
0 0.446875 0.5177083333333333 0.096875 0.35208333333333336
0 0.92578125 0.5458333333333333 0.1359375 0.5083333333333333
0 0.34921875 0.5322916666666667 0.1453125 0.5520833333333334
0 0.325 0.5416666666666666 0.1125 0.3625
0 0.72265625 0.48854166666666665 0.0484375 0.16458333333333333
0 0.7421875 0.5114583333333333 0.040625 0.14375
0 0.5703125 0.49270833333333336 0.078125 0.29375