0 0.04609375 0.5322916666666667 0.0921875 0.51875
0 0.09375 0.50625 0.059375 0.19583333333333333
0 0.4515625 0.5145833333333333 0.1 0.35833333333333334
0 0.25859375 0.5145833333333333 0.0765625 0.275
0 0.18046875 0.5041666666666667 0.0578125 0.1875
0 0.00078125 0.0010416666666666667 0 0.0020833333333333333
0 0.2890625 0.5177083333333333 0.09375 0.38125
0 0.37734375 0.5302083333333333 0.1609375 0.5770833333333333
0 0.9265625 0.534375 0.13125 0.48541666666666666
0 0.72109375 0.48854166666666665 0.0484375 0.16458333333333333
0 0.73984375 0.5135416666666667 0.0390625 0.14375
0 0.5671875 0.49270833333333336 0.078125 0.29375
0 0.50703125 0.5052083333333334 0.0640625 0.23541666666666666
0 0.04609375 0.5322916666666667 0.0921875 0.51875
0 0.09375 0.50625 0.059375 0.19583333333333333
0 0.4515625 0.5145833333333333 0.1 0.35833333333333334
0 0.25859375 0.5145833333333333 0.0765625 0.275
0 0.18046875 0.5041666666666667 0.0578125 0.1875
0 0.00078125 0.0010416666666666667 0 0.0020833333333333333
0 0.2890625 0.5177083333333333 0.09375 0.38125
0 0.37734375 0.5302083333333333 0.1609375 0.5770833333333333
0 0.9265625 0.534375 0.13125 0.48541666666666666
0 0.72109375 0.48854166666666665 0.0484375 0.16458333333333333
0 0.73984375 0.5135416666666667 0.0390625 0.14375
0 0.5671875 0.49270833333333336 0.078125 0.29375
0 0.50703125 0.5052083333333334 0.0640625 0.23541666666666666