0 0.09296875 0.5052083333333334 0.0578125 0.19375
0 0.04375 0.5333333333333333 0.0875 0.5208333333333334
0 0.00078125 0.0010416666666666667 0 0.0020833333333333333
0 0.17578125 0.503125 0.0578125 0.18958333333333333
0 0.3953125 0.5322916666666667 0.184375 0.5895833333333333
0 0.2734375 0.5166666666666667 0.09375 0.3875
0 0.92734375 0.5333333333333333 0.1296875 0.4791666666666667
0 0.71953125 0.4875 0.0484375 0.16666666666666666
0 0.73515625 0.503125 0.0390625 0.14375
0 0.25625 0.5145833333333333 0.075 0.275
0 0.5625 0.49270833333333336 0.078125 0.29375
0 0.453125 0.515625 0.1 0.35625
0 0.503125 0.5052083333333334 0.0625 0.23541666666666666
0 0.09296875 0.5052083333333334 0.0578125 0.19375
0 0.04375 0.5333333333333333 0.0875 0.5208333333333334
0 0.00078125 0.0010416666666666667 0 0.0020833333333333333
0 0.17578125 0.503125 0.0578125 0.18958333333333333
0 0.3953125 0.5322916666666667 0.184375 0.5895833333333333
0 0.2734375 0.5166666666666667 0.09375 0.3875
0 0.92734375 0.5333333333333333 0.1296875 0.4791666666666667
0 0.71953125 0.4875 0.0484375 0.16666666666666666
0 0.73515625 0.503125 0.0390625 0.14375
0 0.25625 0.5145833333333333 0.075 0.275
0 0.5625 0.49270833333333336 0.078125 0.29375
0 0.453125 0.515625 0.1 0.35625
0 0.503125 0.5052083333333334 0.0625 0.23541666666666666