0 0.73046875 0.5 0.0390625 0.14583333333333334
0 0.70390625 0.49270833333333336 0.0453125 0.16458333333333333
0 0.04140625 0.5354166666666667 0.0828125 0.5333333333333333
0 0.09296875 0.4979166666666667 0.0546875 0.19166666666666668
0 0.41328125 0.528125 0.2203125 0.6145833333333334
0 0.00078125 0.0010416666666666667 0 0.0020833333333333333
0 0.17109375 0.5010416666666667 0.0578125 0.18958333333333333
0 0.93359375 0.5354166666666667 0.1296875 0.4708333333333333
0 0.259375 0.5177083333333333 0.103125 0.3854166666666667
0 0.2546875 0.5135416666666667 0.075 0.27708333333333335
0 0.559375 0.49270833333333336 0.078125 0.29375
0 0.4546875 0.515625 0.1 0.35625
0 0.4984375 0.5052083333333334 0.0625 0.23541666666666666
0 0.73046875 0.5 0.0390625 0.14583333333333334
0 0.70390625 0.49270833333333336 0.0453125 0.16458333333333333
0 0.04140625 0.5354166666666667 0.0828125 0.5333333333333333
0 0.09296875 0.4979166666666667 0.0546875 0.19166666666666668
0 0.41328125 0.528125 0.2203125 0.6145833333333334
0 0.00078125 0.0010416666666666667 0 0.0020833333333333333
0 0.17109375 0.5010416666666667 0.0578125 0.18958333333333333
0 0.93359375 0.5354166666666667 0.1296875 0.4708333333333333
0 0.259375 0.5177083333333333 0.103125 0.3854166666666667
0 0.2546875 0.5135416666666667 0.075 0.27708333333333335
0 0.559375 0.49270833333333336 0.078125 0.29375
0 0.4546875 0.515625 0.1 0.35625
0 0.4984375 0.5052083333333334 0.0625 0.23541666666666666