0 0.72890625 0.5020833333333333 0.0390625 0.14583333333333334
0 0.41640625 0.515625 0.2046875 0.6354166666666666
0 0.27421875 0.5197916666666667 0.0796875 0.29375
0 0.70234375 0.4947916666666667 0.0453125 0.16875
0 0.0390625 0.5354166666666667 0.078125 0.5458333333333333
0 0.09921875 0.5020833333333333 0.0578125 0.19583333333333333
0 0.16640625 0.50625 0.0578125 0.19166666666666668
0 0.00078125 0.0010416666666666667 0 0.0020833333333333333
0 0.24453125 0.5239583333333333 0.1046875 0.38125
0 0.93671875 0.5416666666666666 0.1265625 0.4625
0 0.5546875 0.49270833333333336 0.078125 0.29375
0 0.45625 0.5166666666666667 0.1 0.35833333333333334
0 0.49453125 0.5052083333333334 0.0640625 0.23541666666666666
0 0.72890625 0.5020833333333333 0.0390625 0.14583333333333334
0 0.41640625 0.515625 0.2046875 0.6354166666666666
0 0.27421875 0.5197916666666667 0.0796875 0.29375
0 0.70234375 0.4947916666666667 0.0453125 0.16875
0 0.0390625 0.5354166666666667 0.078125 0.5458333333333333
0 0.09921875 0.5020833333333333 0.0578125 0.19583333333333333
0 0.16640625 0.50625 0.0578125 0.19166666666666668
0 0.00078125 0.0010416666666666667 0 0.0020833333333333333
0 0.24453125 0.5239583333333333 0.1046875 0.38125
0 0.93671875 0.5416666666666666 0.1265625 0.4625
0 0.5546875 0.49270833333333336 0.078125 0.29375
0 0.45625 0.5166666666666667 0.1 0.35833333333333334
0 0.49453125 0.5052083333333334 0.0640625 0.23541666666666666