0 0.42890625 0.525 0.1796875 0.6208333333333333
0 0.278125 0.51875 0.08125 0.29583333333333334
0 0.728125 0.5 0.0375 0.14583333333333334
0 0.03984375 0.5375 0.0796875 0.55
0 0.103125 0.5010416666666667 0.059375 0.19375
0 0.16171875 0.5072916666666667 0.0578125 0.19375
0 0.7015625 0.49375 0.04375 0.16666666666666666
0 0.240625 0.5208333333333334 0.109375 0.375
0 0.00078125 0.0010416666666666667 0 0.0020833333333333333
0 0.9390625 0.5427083333333333 0.121875 0.45208333333333334
0 0.55 0.49270833333333336 0.078125 0.29375
0 0.4578125 0.5166666666666667 0.1 0.35833333333333334
0 0.490625 0.5052083333333334 0.0625 0.23541666666666666
0 0.42890625 0.525 0.1796875 0.6208333333333333
0 0.278125 0.51875 0.08125 0.29583333333333334
0 0.728125 0.5 0.0375 0.14583333333333334
0 0.03984375 0.5375 0.0796875 0.55
0 0.103125 0.5010416666666667 0.059375 0.19375
0 0.16171875 0.5072916666666667 0.0578125 0.19375
0 0.7015625 0.49375 0.04375 0.16666666666666666
0 0.240625 0.5208333333333334 0.109375 0.375
0 0.00078125 0.0010416666666666667 0 0.0020833333333333333
0 0.9390625 0.5427083333333333 0.121875 0.45208333333333334
0 0.55 0.49270833333333336 0.078125 0.29375
0 0.4578125 0.5166666666666667 0.1 0.35833333333333334
0 0.490625 0.5052083333333334 0.0625 0.23541666666666666