0 0.0375 0.534375 0.075 0.55625
0 0.1046875 0.5072916666666667 0.065625 0.19375
0 0.72578125 0.5020833333333333 0.0390625 0.14583333333333334
0 0.15546875 0.5083333333333333 0.0578125 0.19583333333333333
0 0.6984375 0.4947916666666667 0.04375 0.16875
0 0.21953125 0.5197916666666667 0.1015625 0.3729166666666667
0 0.00078125 0.0010416666666666667 0 0.0020833333333333333
0 0.94453125 0.540625 0.1109375 0.4479166666666667
0 0.546875 0.49270833333333336 0.078125 0.29375
0 0.459375 0.5166666666666667 0.1 0.35833333333333334
0 0.4859375 0.5052083333333334 0.0625 0.23541666666666666
0 0.28125 0.51875 0.08125 0.29583333333333334
0 0.0375 0.534375 0.075 0.55625
0 0.1046875 0.5072916666666667 0.065625 0.19375
0 0.72578125 0.5020833333333333 0.0390625 0.14583333333333334
0 0.15546875 0.5083333333333333 0.0578125 0.19583333333333333
0 0.6984375 0.4947916666666667 0.04375 0.16875
0 0.21953125 0.5197916666666667 0.1015625 0.3729166666666667
0 0.00078125 0.0010416666666666667 0 0.0020833333333333333
0 0.94453125 0.540625 0.1109375 0.4479166666666667
0 0.546875 0.49270833333333336 0.078125 0.29375
0 0.459375 0.5166666666666667 0.1 0.35833333333333334
0 0.4859375 0.5052083333333334 0.0625 0.23541666666666666
0 0.28125 0.51875 0.08125 0.29583333333333334