0 0.034375 0.5395833333333333 0.06875 0.5458333333333333
0 0.51953125 0.5208333333333334 0.0984375 0.3541666666666667
0 0.7234375 0.5020833333333333 0.040625 0.14583333333333334
0 0.1515625 0.5083333333333333 0.05625 0.2
0 0.10390625 0.5083333333333333 0.0703125 0.19583333333333333
0 0.69609375 0.49583333333333335 0.0453125 0.16666666666666666
0 0.00078125 0.0010416666666666667 0 0.0020833333333333333
0 0.20859375 0.5197916666666667 0.0984375 0.3729166666666667
0 0.946875 0.5375 0.10625 0.44166666666666665
0 0.4609375 0.5166666666666667 0.1 0.35833333333333334
0 0.48203125 0.5052083333333334 0.0640625 0.23541666666666666
0 0.28359375 0.5197916666666667 0.0796875 0.29375
0 0.034375 0.5395833333333333 0.06875 0.5458333333333333
0 0.51953125 0.5208333333333334 0.0984375 0.3541666666666667
0 0.7234375 0.5020833333333333 0.040625 0.14583333333333334
0 0.1515625 0.5083333333333333 0.05625 0.2
0 0.10390625 0.5083333333333333 0.0703125 0.19583333333333333
0 0.69609375 0.49583333333333335 0.0453125 0.16666666666666666
0 0.00078125 0.0010416666666666667 0 0.0020833333333333333
0 0.20859375 0.5197916666666667 0.0984375 0.3729166666666667
0 0.946875 0.5375 0.10625 0.44166666666666665
0 0.4609375 0.5166666666666667 0.1 0.35833333333333334
0 0.48203125 0.5052083333333334 0.0640625 0.23541666666666666
0 0.28359375 0.5197916666666667 0.0796875 0.29375