0 0.14453125 0.5052083333333334 0.0578125 0.20625
0 0.1078125 0.5052083333333334 0.0625 0.19375
0 0.19140625 0.5135416666666667 0.0921875 0.3770833333333333
0 0.71953125 0.5 0.0390625 0.14583333333333334
0 0.69375 0.49375 0.046875 0.16666666666666666
0 0.00078125 0.0010416666666666667 0 0.0020833333333333333
0 0.94921875 0.5270833333333333 0.1015625 0.43333333333333335
0 0.540625 0.5416666666666666 0.25 0.775
0 0.4625 0.5166666666666667 0.1 0.35833333333333334
0 0.478125 0.5052083333333334 0.0625 0.23541666666666666
0 0.2859375 0.5197916666666667 0.08125 0.29375
0 0.5140625 0.5229166666666667 0.096875 0.3541666666666667
0 0.14453125 0.5052083333333334 0.0578125 0.20625
0 0.1078125 0.5052083333333334 0.0625 0.19375
0 0.19140625 0.5135416666666667 0.0921875 0.3770833333333333
0 0.71953125 0.5 0.0390625 0.14583333333333334
0 0.69375 0.49375 0.046875 0.16666666666666666
0 0.00078125 0.0010416666666666667 0 0.0020833333333333333
0 0.94921875 0.5270833333333333 0.1015625 0.43333333333333335
0 0.540625 0.5416666666666666 0.25 0.775
0 0.4625 0.5166666666666667 0.1 0.35833333333333334
0 0.478125 0.5052083333333334 0.0625 0.23541666666666666
0 0.2859375 0.5197916666666667 0.08125 0.29375
0 0.5140625 0.5229166666666667 0.096875 0.3541666666666667