0 0.71796875 0.5 0.0390625 0.14583333333333334
0 0.690625 0.49375 0.04375 0.16666666666666666
0 0.9515625 0.528125 0.096875 0.43125
0 0.00078125 0.0010416666666666667 0 0.0020833333333333333
0 0.5828125 0.5489583333333333 0.284375 0.80625
0 0.4640625 0.5166666666666667 0.1 0.35833333333333334
0 0.4734375 0.5052083333333334 0.0625 0.23541666666666666
0 0.2890625 0.5208333333333334 0.08125 0.29583333333333334
0 0.5078125 0.525 0.096875 0.3541666666666667
0 0.109375 0.5041666666666667 0.0625 0.19166666666666668
0 0.13984375 0.5041666666666667 0.0578125 0.20833333333333334
0 0.71796875 0.5 0.0390625 0.14583333333333334
0 0.690625 0.49375 0.04375 0.16666666666666666
0 0.9515625 0.528125 0.096875 0.43125
0 0.00078125 0.0010416666666666667 0 0.0020833333333333333
0 0.5828125 0.5489583333333333 0.284375 0.80625
0 0.4640625 0.5166666666666667 0.1 0.35833333333333334
0 0.4734375 0.5052083333333334 0.0625 0.23541666666666666
0 0.2890625 0.5208333333333334 0.08125 0.29583333333333334
0 0.5078125 0.525 0.096875 0.3541666666666667
0 0.109375 0.5041666666666667 0.0625 0.19166666666666668
0 0.13984375 0.5041666666666667 0.0578125 0.20833333333333334