0 0.7171875 0.49895833333333334 0.040625 0.14791666666666667
0 0.69140625 0.49270833333333336 0.0453125 0.16875
0 0.48125 0.515625 0.115625 0.38958333333333334
0 0.9546875 0.528125 0.090625 0.4270833333333333
0 0.609375 0.55 0.2875 0.8416666666666667
0 0.00078125 0.0010416666666666667 0 0.0020833333333333333
0 0.4703125 0.5052083333333334 0.0625 0.23541666666666666
0 0.29140625 0.5208333333333334 0.0796875 0.29583333333333334
0 0.50234375 0.5260416666666666 0.0984375 0.35625
0 0.1109375 0.5041666666666667 0.0625 0.19166666666666668
0 0.13359375 0.5041666666666667 0.0578125 0.20833333333333334
0 0.7171875 0.49895833333333334 0.040625 0.14791666666666667
0 0.69140625 0.49270833333333336 0.0453125 0.16875
0 0.48125 0.515625 0.115625 0.38958333333333334
0 0.9546875 0.528125 0.090625 0.4270833333333333
0 0.609375 0.55 0.2875 0.8416666666666667
0 0.00078125 0.0010416666666666667 0 0.0020833333333333333
0 0.4703125 0.5052083333333334 0.0625 0.23541666666666666
0 0.29140625 0.5208333333333334 0.0796875 0.29583333333333334
0 0.50234375 0.5260416666666666 0.0984375 0.35625
0 0.1109375 0.5041666666666667 0.0625 0.19166666666666668
0 0.13359375 0.5041666666666667 0.0578125 0.20833333333333334