0 0.71328125 0.496875 0.0390625 0.14791666666666667
0 0.43671875 0.5072916666666667 0.0734375 0.26875
0 0.95625 0.53125 0.0875 0.42083333333333334
0 0.48671875 0.5166666666666667 0.1203125 0.4083333333333333
0 0.00078125 0.0010416666666666667 0 0.0020833333333333333
0 0.634375 0.5395833333333333 0.275 0.8833333333333333
0 0.29375 0.521875 0.08125 0.29375
0 0.68984375 0.49270833333333336 0.0453125 0.16875
0 0.496875 0.528125 0.096875 0.35625
0 0.1125 0.5041666666666667 0.0625 0.19166666666666668
0 0.12890625 0.5041666666666667 0.0578125 0.20833333333333334
0 0.71328125 0.496875 0.0390625 0.14791666666666667
0 0.43671875 0.5072916666666667 0.0734375 0.26875
0 0.95625 0.53125 0.0875 0.42083333333333334
0 0.48671875 0.5166666666666667 0.1203125 0.4083333333333333
0 0.00078125 0.0010416666666666667 0 0.0020833333333333333
0 0.634375 0.5395833333333333 0.275 0.8833333333333333
0 0.29375 0.521875 0.08125 0.29375
0 0.68984375 0.49270833333333336 0.0453125 0.16875
0 0.496875 0.528125 0.096875 0.35625
0 0.1125 0.5041666666666667 0.0625 0.19166666666666668
0 0.12890625 0.5041666666666667 0.0578125 0.20833333333333334