0 0.428125 0.5083333333333333 0.075 0.2708333333333333
0 0.95546875 0.53125 0.0890625 0.4083333333333333
0 0 0.0010416666666666667 0 0.0020833333333333333
0 0.66328125 0.5322916666666667 0.2328125 0.9354166666666667
0 0.4859375 0.515625 0.11875 0.41458333333333336
0 0.296875 0.521875 0.08125 0.29375
0 0.68671875 0.49270833333333336 0.0453125 0.16875
0 0.49140625 0.5302083333333333 0.0984375 0.35625
0 0.71015625 0.4947916666666667 0.0390625 0.14791666666666667
0 0.1140625 0.503125 0.0625 0.19375
0 0.12421875 0.5041666666666667 0.0578125 0.20833333333333334
0 0.428125 0.5083333333333333 0.075 0.2708333333333333
0 0.95546875 0.53125 0.0890625 0.4083333333333333
0 0 0.0010416666666666667 0 0.0020833333333333333
0 0.66328125 0.5322916666666667 0.2328125 0.9354166666666667
0 0.4859375 0.515625 0.11875 0.41458333333333336
0 0.296875 0.521875 0.08125 0.29375
0 0.68671875 0.49270833333333336 0.0453125 0.16875
0 0.49140625 0.5302083333333333 0.0984375 0.35625
0 0.71015625 0.4947916666666667 0.0390625 0.14791666666666667
0 0.1140625 0.503125 0.0625 0.19375
0 0.12421875 0.5041666666666667 0.0578125 0.20833333333333334