0 0.95703125 0.5239583333333333 0.0859375 0.39791666666666664
0 0.0011279296875 0.0010850694444444445 0.000361328125 0.0020746527777777777
0 0.41875 0.50625 0.078125 0.2791666666666667
0 0.48671875 0.5145833333333333 0.1203125 0.425
0 0 0.0010416666666666667 0 0.0020833333333333333
0 0.3 0.521875 0.08125 0.29375
0 0.68359375 0.49270833333333336 0.0453125 0.16875
0 0.4859375 0.5322916666666667 0.096875 0.35625
0 0.70703125 0.4947916666666667 0.0390625 0.14791666666666667
0 0.115625 0.503125 0.0625 0.19375
0 0.11953125 0.5041666666666667 0.0578125 0.20833333333333334
0 0.95703125 0.5239583333333333 0.0859375 0.39791666666666664
0 0.0011279296875 0.0010850694444444445 0.000361328125 0.0020746527777777777
0 0.41875 0.50625 0.078125 0.2791666666666667
0 0.48671875 0.5145833333333333 0.1203125 0.425
0 0 0.0010416666666666667 0 0.0020833333333333333
0 0.3 0.521875 0.08125 0.29375
0 0.68359375 0.49270833333333336 0.0453125 0.16875
0 0.4859375 0.5322916666666667 0.096875 0.35625
0 0.70703125 0.4947916666666667 0.0390625 0.14791666666666667
0 0.115625 0.503125 0.0625 0.19375
0 0.11953125 0.5041666666666667 0.0578125 0.20833333333333334