0 0.29375 0.5229166666666667 0.1 0.35833333333333334
0 0.4140625 0.5072916666666667 0.078125 0.28125
0 0.0011975097656249998 0.0011002604166666665 0.00042724609375 0.0021744791666666666
0 0.9578125 0.5208333333333334 0.084375 0.3958333333333333
0 0.4875 0.5166666666666667 0.125 0.43333333333333335
0 0 0.0010416666666666667 0 0.0020833333333333333
0 0.68203125 0.49270833333333336 0.0453125 0.16875
0 0.48046875 0.534375 0.0984375 0.35625
0 0.70546875 0.49270833333333336 0.0390625 0.14791666666666667
0 0.1171875 0.503125 0.0625 0.19375
0 0.1140625 0.5041666666666667 0.059375 0.20833333333333334
0 0.29375 0.5229166666666667 0.1 0.35833333333333334
0 0.4140625 0.5072916666666667 0.078125 0.28125
0 0.0011975097656249998 0.0011002604166666665 0.00042724609375 0.0021744791666666666
0 0.9578125 0.5208333333333334 0.084375 0.3958333333333333
0 0.4875 0.5166666666666667 0.125 0.43333333333333335
0 0 0.0010416666666666667 0 0.0020833333333333333
0 0.68203125 0.49270833333333336 0.0453125 0.16875
0 0.48046875 0.534375 0.0984375 0.35625
0 0.70546875 0.49270833333333336 0.0390625 0.14791666666666667
0 0.1171875 0.503125 0.0625 0.19375
0 0.1140625 0.5041666666666667 0.059375 0.20833333333333334