0 0.7046875 0.49895833333333334 0.0375 0.14791666666666667
0 0.47578125 0.50625 0.1015625 0.375
0 0.678125 0.49270833333333336 0.04375 0.16875
0 0.0015625 0.0010416666666666667 0 0.0020833333333333333
0 0.001513671875 0.0010807291666666667 0.0001416015625 0.0008159722222222222
0 0.40625 0.509375 0.078125 0.28958333333333336
0 0.3 0.5322916666666667 0.10625 0.3645833333333333
0 0 0.0010416666666666667 0 0.0020833333333333333
0 0.49296875 0.5260416666666666 0.1328125 0.4479166666666667
0 0.11875 0.503125 0.0625 0.19375
0 0.10859375 0.503125 0.0578125 0.20625
0 0.7046875 0.49895833333333334 0.0375 0.14791666666666667
0 0.47578125 0.50625 0.1015625 0.375
0 0.678125 0.49270833333333336 0.04375 0.16875
0 0.0015625 0.0010416666666666667 0 0.0020833333333333333
0 0.001513671875 0.0010807291666666667 0.0001416015625 0.0008159722222222222
0 0.40625 0.509375 0.078125 0.28958333333333336
0 0.3 0.5322916666666667 0.10625 0.3645833333333333
0 0 0.0010416666666666667 0 0.0020833333333333333
0 0.49296875 0.5260416666666666 0.1328125 0.4479166666666667
0 0.11875 0.503125 0.0625 0.19375
0 0.10859375 0.503125 0.0578125 0.20625