0 0.69921875 0.496875 0.0390625 0.15208333333333332
0 0.671875 0.48854166666666665 0.04375 0.16875
0 0.46328125 0.49583333333333335 0.0953125 0.3958333333333333
0 0.3921875 0.5052083333333334 0.08125 0.29791666666666666
0 0.2953125 0.5302083333333333 0.115625 0.38958333333333334
0 0 0.0010416666666666667 0 0.0020833333333333333
0 0.496875 0.525 0.146875 0.4666666666666667
0 0.00154541015625 0.001076388888888889 0.0001416015625 0.0008159722222222222
0 0.121875 0.503125 0.0625 0.19375
0 0.09921875 0.503125 0.0578125 0.20625
0 0.69921875 0.496875 0.0390625 0.15208333333333332
0 0.671875 0.48854166666666665 0.04375 0.16875
0 0.46328125 0.49583333333333335 0.0953125 0.3958333333333333
0 0.3921875 0.5052083333333334 0.08125 0.29791666666666666
0 0.2953125 0.5302083333333333 0.115625 0.38958333333333334
0 0 0.0010416666666666667 0 0.0020833333333333333
0 0.496875 0.525 0.146875 0.4666666666666667
0 0.00154541015625 0.001076388888888889 0.0001416015625 0.0008159722222222222
0 0.121875 0.503125 0.0625 0.19375
0 0.09921875 0.503125 0.0578125 0.20625