0 0.13984375 0.4895833333333333 0.0640625 0.20416666666666666
0 0.001552734375 0.0010872395833333333 0.0001171875 0.0007595486111111111
0 0.70546875 0.49270833333333336 0.0421875 0.15208333333333332
0 0.67734375 0.48541666666666666 0.0484375 0.175
0 0.4640625 0.4864583333333333 0.1 0.39791666666666664
0 0.38828125 0.5052083333333334 0.0828125 0.3104166666666667
0 0 0.0010416666666666667 0 0.0020833333333333333
0 0.3046875 0.528125 0.121875 0.41041666666666665
0 0.50859375 0.525 0.1578125 0.48333333333333334
0 0.08828125 0.5020833333333333 0.0578125 0.20833333333333334
0 0.13984375 0.4895833333333333 0.0640625 0.20416666666666666
0 0.001552734375 0.0010872395833333333 0.0001171875 0.0007595486111111111
0 0.70546875 0.49270833333333336 0.0421875 0.15208333333333332
0 0.67734375 0.48541666666666666 0.0484375 0.175
0 0.4640625 0.4864583333333333 0.1 0.39791666666666664
0 0.38828125 0.5052083333333334 0.0828125 0.3104166666666667
0 0 0.0010416666666666667 0 0.0020833333333333333
0 0.3046875 0.528125 0.121875 0.41041666666666665
0 0.50859375 0.525 0.1578125 0.48333333333333334
0 0.08828125 0.5020833333333333 0.0578125 0.20833333333333334