0 0.7140625 0.48333333333333334 0.040625 0.15416666666666667
0 0.68828125 0.475 0.0453125 0.175
0 0 0.0010416666666666667 0 0.0020833333333333333
0 0.4671875 0.478125 0.1 0.41041666666666665
0 0.38984375 0.496875 0.0828125 0.3145833333333333
0 0.33125 0.5229166666666667 0.14375 0.42916666666666664
0 0.5265625 0.5125 0.159375 0.49583333333333335
0 0.18671875 0.478125 0.0546875 0.19791666666666666
0 0.08359375 0.5020833333333333 0.0578125 0.20833333333333334
0 0.14375 0.4875 0.0625 0.20416666666666666
0 0.7140625 0.48333333333333334 0.040625 0.15416666666666667
0 0.68828125 0.475 0.0453125 0.175
0 0 0.0010416666666666667 0 0.0020833333333333333
0 0.4671875 0.478125 0.1 0.41041666666666665
0 0.38984375 0.496875 0.0828125 0.3145833333333333
0 0.33125 0.5229166666666667 0.14375 0.42916666666666664
0 0.5265625 0.5125 0.159375 0.49583333333333335
0 0.18671875 0.478125 0.0546875 0.19791666666666666
0 0.08359375 0.5020833333333333 0.0578125 0.20833333333333334
0 0.14375 0.4875 0.0625 0.20416666666666666