0 0.18984375 0.47604166666666664 0.0515625 0.19791666666666666
0 0.7171875 0.48020833333333335 0.040625 0.15208333333333332
0 0.10390625 0.49270833333333336 0.0671875 0.23958333333333334
0 0.69140625 0.47291666666666665 0.0453125 0.175
0 0 0.0010416666666666667 0 0.0020833333333333333
0 0.4671875 0.47604166666666664 0.1 0.41458333333333336
0 0.39140625 0.49583333333333335 0.0828125 0.32083333333333336
0 0.34140625 0.5239583333333333 0.1515625 0.4354166666666667
0 0.534375 0.509375 0.15625 0.5020833333333333
0 0.14765625 0.48541666666666666 0.0640625 0.20416666666666666
0 0.18984375 0.47604166666666664 0.0515625 0.19791666666666666
0 0.7171875 0.48020833333333335 0.040625 0.15208333333333332
0 0.10390625 0.49270833333333336 0.0671875 0.23958333333333334
0 0.69140625 0.47291666666666665 0.0453125 0.175
0 0 0.0010416666666666667 0 0.0020833333333333333
0 0.4671875 0.47604166666666664 0.1 0.41458333333333336
0 0.39140625 0.49583333333333335 0.0828125 0.32083333333333336
0 0.34140625 0.5239583333333333 0.1515625 0.4354166666666667
0 0.534375 0.509375 0.15625 0.5020833333333333
0 0.14765625 0.48541666666666666 0.0640625 0.20416666666666666