0 0.0984375 0.49583333333333335 0.071875 0.25833333333333336
0 0.71640625 0.49583333333333335 0.0421875 0.15416666666666667
0 0.68984375 0.48854166666666665 0.0453125 0.17708333333333334
0 0.1875 0.48541666666666666 0.059375 0.20416666666666666
0 0 0.0010416666666666667 0 0.0020833333333333333
0 0.3859375 0.50625 0.0875 0.325
0 0.4625 0.4875 0.096875 0.4166666666666667
0 0.3453125 0.54375 0.159375 0.45416666666666666
0 0.53984375 0.5239583333333333 0.1546875 0.5104166666666666
0 0.15078125 0.484375 0.0640625 0.20208333333333334
0 0.0984375 0.49583333333333335 0.071875 0.25833333333333336
0 0.71640625 0.49583333333333335 0.0421875 0.15416666666666667
0 0.68984375 0.48854166666666665 0.0453125 0.17708333333333334
0 0.1875 0.48541666666666666 0.059375 0.20416666666666666
0 0 0.0010416666666666667 0 0.0020833333333333333
0 0.3859375 0.50625 0.0875 0.325
0 0.4625 0.4875 0.096875 0.4166666666666667
0 0.3453125 0.54375 0.159375 0.45416666666666666
0 0.53984375 0.5239583333333333 0.1546875 0.5104166666666666
0 0.15078125 0.484375 0.0640625 0.20208333333333334