0 0.72578125 0.5114583333333333 0.0453125 0.15625
0 0 0.0010416666666666667 0 0.0020833333333333333
0 0.20703125 0.4947916666666667 0.0515625 0.20625
0 0.6984375 0.5020833333333333 0.046875 0.17916666666666667
0 0.3859375 0.5145833333333333 0.090625 0.32916666666666666
0 0.46953125 0.4979166666666667 0.1015625 0.42083333333333334
0 0.359375 0.553125 0.159375 0.47708333333333336
0 0.56640625 0.5364583333333334 0.1609375 0.51875
0 0.15390625 0.48333333333333334 0.0640625 0.20416666666666666
0 0.0953125 0.4947916666666667 0.071875 0.25625
0 0.72578125 0.5114583333333333 0.0453125 0.15625
0 0 0.0010416666666666667 0 0.0020833333333333333
0 0.20703125 0.4947916666666667 0.0515625 0.20625
0 0.6984375 0.5020833333333333 0.046875 0.17916666666666667
0 0.3859375 0.5145833333333333 0.090625 0.32916666666666666
0 0.46953125 0.4979166666666667 0.1015625 0.42083333333333334
0 0.359375 0.553125 0.159375 0.47708333333333336
0 0.56640625 0.5364583333333334 0.1609375 0.51875
0 0.15390625 0.48333333333333334 0.0640625 0.20416666666666666
0 0.0953125 0.4947916666666667 0.071875 0.25625