0 0 0.0010416666666666667 0 0.0020833333333333333
0 0.21640625 0.503125 0.0484375 0.20625
0 0.7328125 0.5229166666666667 0.04375 0.15416666666666667
0 0.38828125 0.5260416666666666 0.0890625 0.33541666666666664
0 0.7046875 0.5135416666666667 0.046875 0.18125
0 0.47265625 0.5114583333333333 0.1015625 0.4270833333333333
0 0.36796875 0.5635416666666667 0.1578125 0.4895833333333333
0 0.58828125 0.5520833333333334 0.1734375 0.5291666666666667
0 0.0609375 0.5177083333333333 0.121875 0.49375
0 0.15703125 0.48125 0.0640625 0.20416666666666666
0 0.0921875 0.4947916666666667 0.071875 0.25625
0 0 0.0010416666666666667 0 0.0020833333333333333
0 0.21640625 0.503125 0.0484375 0.20625
0 0.7328125 0.5229166666666667 0.04375 0.15416666666666667
0 0.38828125 0.5260416666666666 0.0890625 0.33541666666666664
0 0.7046875 0.5135416666666667 0.046875 0.18125
0 0.47265625 0.5114583333333333 0.1015625 0.4270833333333333
0 0.36796875 0.5635416666666667 0.1578125 0.4895833333333333
0 0.58828125 0.5520833333333334 0.1734375 0.5291666666666667
0 0.0609375 0.5177083333333333 0.121875 0.49375
0 0.15703125 0.48125 0.0640625 0.20416666666666666
0 0.0921875 0.4947916666666667 0.071875 0.25625