0 0.12890625 0.5145833333333333 0.0765625 0.25416666666666665
0 0.75234375 0.521875 0.0453125 0.16041666666666668
0 0 0.0010416666666666667 0 0.0020833333333333333
0 0.72421875 0.5114583333333333 0.0484375 0.18541666666666667
0 0.490625 0.5135416666666667 0.109375 0.4395833333333333
0 0.07734375 0.503125 0.1453125 0.5479166666666667
0 0.62265625 0.5572916666666666 0.1765625 0.54375
0 0.3859375 0.5614583333333333 0.146875 0.5020833333333333
0 0.08828125 0.4947916666666667 0.0734375 0.25625
0 0.38359375 0.5270833333333333 0.0890625 0.3333333333333333
0 0.12890625 0.5145833333333333 0.0765625 0.25416666666666665
0 0.75234375 0.521875 0.0453125 0.16041666666666668
0 0 0.0010416666666666667 0 0.0020833333333333333
0 0.72421875 0.5114583333333333 0.0484375 0.18541666666666667
0 0.490625 0.5135416666666667 0.109375 0.4395833333333333
0 0.07734375 0.503125 0.1453125 0.5479166666666667
0 0.62265625 0.5572916666666666 0.1765625 0.54375
0 0.3859375 0.5614583333333333 0.146875 0.5020833333333333
0 0.08828125 0.4947916666666667 0.0734375 0.25625
0 0.38359375 0.5270833333333333 0.0890625 0.3333333333333333