0 0.76171875 0.521875 0.0453125 0.16041666666666668
0 0 0.0010416666666666667 0 0.0020833333333333333
0 0.7328125 0.5135416666666667 0.05 0.18541666666666667
0 0.09609375 0.5010416666666667 0.1453125 0.5479166666666667
0 0.49921875 0.515625 0.1109375 0.44375
0 0.39453125 0.5645833333333333 0.1421875 0.5083333333333333
0 0.6359375 0.5604166666666667 0.18125 0.5583333333333333
0 0.12890625 0.5166666666666667 0.0765625 0.25416666666666665
0 0.084375 0.49375 0.071875 0.25833333333333336
0 0.37890625 0.528125 0.0890625 0.33541666666666664
0 0.76171875 0.521875 0.0453125 0.16041666666666668
0 0 0.0010416666666666667 0 0.0020833333333333333
0 0.7328125 0.5135416666666667 0.05 0.18541666666666667
0 0.09609375 0.5010416666666667 0.1453125 0.5479166666666667
0 0.49921875 0.515625 0.1109375 0.44375
0 0.39453125 0.5645833333333333 0.1421875 0.5083333333333333
0 0.6359375 0.5604166666666667 0.18125 0.5583333333333333
0 0.12890625 0.5166666666666667 0.0765625 0.25416666666666665
0 0.084375 0.49375 0.071875 0.25833333333333336
0 0.37890625 0.528125 0.0890625 0.33541666666666664