0 0.140625 0.5125 0.084375 0.29583333333333334
0 0 0.0010416666666666667 0 0.0020833333333333333
0 0.77734375 0.525 0.0453125 0.1625
0 0.7484375 0.5145833333333333 0.046875 0.1875
0 0.509375 0.51875 0.1125 0.4583333333333333
0 0.12109375 0.5114583333333333 0.1546875 0.5645833333333333
0 0.41875 0.5708333333333333 0.15 0.525
0 0.65859375 0.5635416666666667 0.1828125 0.5729166666666666
0 0.08125 0.49270833333333336 0.071875 0.25625
0 0.37421875 0.5291666666666667 0.0890625 0.3333333333333333
0 0.140625 0.5125 0.084375 0.29583333333333334
0 0 0.0010416666666666667 0 0.0020833333333333333
0 0.77734375 0.525 0.0453125 0.1625
0 0.7484375 0.5145833333333333 0.046875 0.1875
0 0.509375 0.51875 0.1125 0.4583333333333333
0 0.12109375 0.5114583333333333 0.1546875 0.5645833333333333
0 0.41875 0.5708333333333333 0.15 0.525
0 0.65859375 0.5635416666666667 0.1828125 0.5729166666666666
0 0.08125 0.49270833333333336 0.071875 0.25625
0 0.37421875 0.5291666666666667 0.0890625 0.3333333333333333