0 0.79375 0.5229166666666667 0.046875 0.1625
0 0.1515625 0.5125 0.0875 0.30416666666666664
0 0 0.0010416666666666667 0 0.0020833333333333333
0 0.76328125 0.5135416666666667 0.0484375 0.18958333333333333
0 0.51640625 0.5197916666666667 0.1203125 0.46458333333333335
0 0.140625 0.5166666666666667 0.159375 0.575
0 0.44296875 0.5760416666666667 0.1609375 0.5395833333333333
0 0.68203125 0.5604166666666667 0.1796875 0.5916666666666667
0 0.078125 0.49270833333333336 0.071875 0.25625
0 0.36953125 0.5302083333333333 0.0890625 0.33541666666666664
0 0.79375 0.5229166666666667 0.046875 0.1625
0 0.1515625 0.5125 0.0875 0.30416666666666664
0 0 0.0010416666666666667 0 0.0020833333333333333
0 0.76328125 0.5135416666666667 0.0484375 0.18958333333333333
0 0.51640625 0.5197916666666667 0.1203125 0.46458333333333335
0 0.140625 0.5166666666666667 0.159375 0.575
0 0.44296875 0.5760416666666667 0.1609375 0.5395833333333333
0 0.68203125 0.5604166666666667 0.1796875 0.5916666666666667
0 0.078125 0.49270833333333336 0.071875 0.25625
0 0.36953125 0.5302083333333333 0.0890625 0.33541666666666664