0 0.071875 0.5333333333333333 0.08125 0.30416666666666664
0 0 0.0010416666666666667 0 0.0020833333333333333
0 0.54453125 0.5260416666666666 0.1203125 0.47708333333333336
0 0.48125 0.5989583333333334 0.1625 0.56875
0 0.1796875 0.53125 0.1625 0.5875
0 0.73203125 0.5625 0.1703125 0.6166666666666667
0 0.43984375 0.5458333333333333 0.0890625 0.3625
0 0.36484375 0.53125 0.0890625 0.3333333333333333
0 0.071875 0.5333333333333333 0.08125 0.30416666666666664
0 0 0.0010416666666666667 0 0.0020833333333333333
0 0.54453125 0.5260416666666666 0.1203125 0.47708333333333336
0 0.48125 0.5989583333333334 0.1625 0.56875
0 0.1796875 0.53125 0.1625 0.5875
0 0.73203125 0.5625 0.1703125 0.6166666666666667
0 0.43984375 0.5458333333333333 0.0890625 0.3625
0 0.36484375 0.53125 0.0890625 0.3333333333333333