0 0 0.0010416666666666667 0 0.0020833333333333333
0 0.09453125 0.5375 0.0765625 0.3
0 0.45234375 0.540625 0.0921875 0.36041666666666666
0 0.5609375 0.521875 0.11875 0.48541666666666666
0 0.50546875 0.6020833333333333 0.1578125 0.5875
0 0.20625 0.5322916666666667 0.1625 0.59375
0 0.76015625 0.5604166666666667 0.1734375 0.6333333333333333
0 0.0640625 0.571875 0.128125 0.6104166666666667
0 0.36015625 0.5322916666666667 0.0890625 0.33541666666666664
0 0 0.0010416666666666667 0 0.0020833333333333333
0 0.09453125 0.5375 0.0765625 0.3
0 0.45234375 0.540625 0.0921875 0.36041666666666666
0 0.5609375 0.521875 0.11875 0.48541666666666666
0 0.50546875 0.6020833333333333 0.1578125 0.5875
0 0.20625 0.5322916666666667 0.1625 0.59375
0 0.76015625 0.5604166666666667 0.1734375 0.6333333333333333
0 0.0640625 0.571875 0.128125 0.6104166666666667
0 0.36015625 0.5322916666666667 0.0890625 0.33541666666666664