0 0 0.0010416666666666667 0 0.0020833333333333333
0 0.475 0.5302083333333333 0.090625 0.36041666666666666
0 0.58515625 0.5177083333333333 0.1296875 0.4979166666666667
0 0.0953125 0.5645833333333333 0.146875 0.6208333333333333
0 0.5484375 0.5927083333333333 0.1625 0.60625
0 0.2421875 0.525 0.159375 0.6041666666666666
0 0.80625 0.55625 0.1875 0.6666666666666666
0 0.35546875 0.5333333333333333 0.0890625 0.3333333333333333
0 0 0.0010416666666666667 0 0.0020833333333333333
0 0.475 0.5302083333333333 0.090625 0.36041666666666666
0 0.58515625 0.5177083333333333 0.1296875 0.4979166666666667
0 0.0953125 0.5645833333333333 0.146875 0.6208333333333333
0 0.5484375 0.5927083333333333 0.1625 0.60625
0 0.2421875 0.525 0.159375 0.6041666666666666
0 0.80625 0.55625 0.1875 0.6666666666666666
0 0.35546875 0.5333333333333333 0.0890625 0.3333333333333333