0 0 0.0010416666666666667 0 0.0020833333333333333
0 0.4921875 0.525 0.09375 0.35833333333333334
0 0.1265625 0.55625 0.1625 0.625
0 0.58671875 0.584375 0.1671875 0.6395833333333333
0 0.2765625 0.5177083333333333 0.1625 0.6145833333333334
0 0.853125 0.5635416666666667 0.2125 0.70625
0 0.58671875 0.5177083333333333 0.1296875 0.4979166666666667
0 0.35078125 0.534375 0.0890625 0.33541666666666664
0 0 0.0010416666666666667 0 0.0020833333333333333
0 0.4921875 0.525 0.09375 0.35833333333333334
0 0.1265625 0.55625 0.1625 0.625
0 0.58671875 0.584375 0.1671875 0.6395833333333333
0 0.2765625 0.5177083333333333 0.1625 0.6145833333333334
0 0.853125 0.5635416666666667 0.2125 0.70625
0 0.58671875 0.5177083333333333 0.1296875 0.4979166666666667
0 0.35078125 0.534375 0.0890625 0.33541666666666664