0 0 0.0010416666666666667 0 0.0020833333333333333
0 0.51484375 0.5416666666666666 0.1015625 0.37083333333333335
0 0.16484375 0.5677083333333334 0.1765625 0.63125
0 0.89140625 0.578125 0.2171875 0.7395833333333334
0 0.6234375 0.6 0.16875 0.6583333333333333
0 0.31171875 0.528125 0.1671875 0.61875
0 0.58828125 0.5177083333333333 0.1296875 0.4979166666666667
0 0.34609375 0.5354166666666667 0.0890625 0.3333333333333333
0 0 0.0010416666666666667 0 0.0020833333333333333
0 0.51484375 0.5416666666666666 0.1015625 0.37083333333333335
0 0.16484375 0.5677083333333334 0.1765625 0.63125
0 0.89140625 0.578125 0.2171875 0.7395833333333334
0 0.6234375 0.6 0.16875 0.6583333333333333
0 0.31171875 0.528125 0.1671875 0.61875
0 0.58828125 0.5177083333333333 0.1296875 0.4979166666666667
0 0.34609375 0.5354166666666667 0.0890625 0.3333333333333333