0 0.33359375 0.5479166666666667 0.0828125 0.2875
0 0.0015380859375 0.0011762152777777778 0.0003759765625 0.0015625
0 0.24765625 0.5802083333333333 0.2078125 0.64375
0 0.07734375 0.56875 0.1546875 0.8625
0 0.578125 0.5458333333333333 0.11875 0.4
0 0.403125 0.5333333333333333 0.2 0.625
0 0.715625 0.625 0.19375 0.7125
0 0.696875 0.5354166666666667 0.1375 0.5583333333333333
0 0.53203125 0.5416666666666666 0.1015625 0.37083333333333335
0 0.33359375 0.5479166666666667 0.0828125 0.2875
0 0.0015380859375 0.0011762152777777778 0.0003759765625 0.0015625
0 0.24765625 0.5802083333333333 0.2078125 0.64375
0 0.07734375 0.56875 0.1546875 0.8625
0 0.578125 0.5458333333333333 0.11875 0.4
0 0.403125 0.5333333333333333 0.2 0.625
0 0.715625 0.625 0.19375 0.7125
0 0.696875 0.5354166666666667 0.1375 0.5583333333333333
0 0.53203125 0.5416666666666666 0.1015625 0.37083333333333335