0 0.35625 0.5458333333333333 0.071875 0.275
0 0.72578125 0.5322916666666667 0.1484375 0.56875
0 0.08515625 0.5666666666666667 0.1703125 0.8458333333333333
0 0.28203125 0.5822916666666667 0.2109375 0.65625
0 0.6015625 0.54375 0.121875 0.3875
0 0.43984375 0.534375 0.2078125 0.63125
0 0.7671875 0.6270833333333333 0.21875 0.7458333333333333
0 0.54921875 0.5416666666666666 0.1015625 0.37083333333333335
0 0.35625 0.5458333333333333 0.071875 0.275
0 0.72578125 0.5322916666666667 0.1484375 0.56875
0 0.08515625 0.5666666666666667 0.1703125 0.8458333333333333
0 0.28203125 0.5822916666666667 0.2109375 0.65625
0 0.6015625 0.54375 0.121875 0.3875
0 0.43984375 0.534375 0.2078125 0.63125
0 0.7671875 0.6270833333333333 0.21875 0.7458333333333333
0 0.54921875 0.5416666666666666 0.1015625 0.37083333333333335