0 0.76953125 0.5260416666666666 0.1546875 0.5895833333333333
0 0.64296875 0.540625 0.1234375 0.40625
0 0.0013281249999999999 0.0013216145833333333 0.00039550781249999997 0.0016796875
0 0.33984375 0.58125 0.2078125 0.6833333333333333
0 0.4921875 0.5302083333333333 0.209375 0.6604166666666667
0 0.1015625 0.5666666666666667 0.203125 0.825
0 0.3515625 0.5479166666666667 0.071875 0.275
0 0.565625 0.5416666666666666 0.1 0.37083333333333335
0 0.76953125 0.5260416666666666 0.1546875 0.5895833333333333
0 0.64296875 0.540625 0.1234375 0.40625
0 0.0013281249999999999 0.0013216145833333333 0.00039550781249999997 0.0016796875
0 0.33984375 0.58125 0.2078125 0.6833333333333333
0 0.4921875 0.5302083333333333 0.209375 0.6604166666666667
0 0.1015625 0.5666666666666667 0.203125 0.825
0 0.3515625 0.5479166666666667 0.071875 0.275
0 0.565625 0.5416666666666666 0.1 0.37083333333333335