0 0.001412353515625 0.00130859375 0.00034912109375000004 0.0018012152777777779
0 0.80234375 0.51875 0.1578125 0.5958333333333333
0 0.675 0.5375 0.125 0.4166666666666667
0 0.5390625 0.5239583333333333 0.2 0.68125
0 0.38828125 0.575 0.2140625 0.7041666666666667
0 0.11171875 0.5645833333333333 0.2234375 0.7958333333333333
0 0.3484375 0.5489583333333333 0.071875 0.27708333333333335
0 0.5828125 0.540625 0.1 0.3729166666666667
0 0.001412353515625 0.00130859375 0.00034912109375000004 0.0018012152777777779
0 0.80234375 0.51875 0.1578125 0.5958333333333333
0 0.675 0.5375 0.125 0.4166666666666667
0 0.5390625 0.5239583333333333 0.2 0.68125
0 0.38828125 0.575 0.2140625 0.7041666666666667
0 0.11171875 0.5645833333333333 0.2234375 0.7958333333333333
0 0.3484375 0.5489583333333333 0.071875 0.27708333333333335
0 0.5828125 0.540625 0.1 0.3729166666666667