0 0.0015307617187500001 0.0012912326388888889 0.000380859375 0.0019401041666666668
0 0.70625 0.534375 0.115625 0.4270833333333333
0 0.43515625 0.565625 0.1984375 0.7229166666666667
0 0.3328125 0.5125 0.071875 0.25833333333333336
0 0.8359375 0.5177083333333333 0.165625 0.61875
0 0.58671875 0.5197916666666667 0.1859375 0.7020833333333333
0 0.13203125 0.5604166666666667 0.2359375 0.7791666666666667
0 0.6 0.540625 0.1 0.3729166666666667
0 0.0015307617187500001 0.0012912326388888889 0.000380859375 0.0019401041666666668
0 0.70625 0.534375 0.115625 0.4270833333333333
0 0.43515625 0.565625 0.1984375 0.7229166666666667
0 0.3328125 0.5125 0.071875 0.25833333333333336
0 0.8359375 0.5177083333333333 0.165625 0.61875
0 0.58671875 0.5197916666666667 0.1859375 0.7020833333333333
0 0.13203125 0.5604166666666667 0.2359375 0.7791666666666667
0 0.6 0.540625 0.1 0.3729166666666667