0 0.8171875 0.5333333333333333 0.125 0.48333333333333334
0 0.00146484375 0.0010568576388888889 0.0002685546875 0.001427951388888889
0 0.409375 0.5041666666666667 0.06875 0.24583333333333332
0 0.7296875 0.5145833333333333 0.18125 0.7875
0 0.58125 0.5708333333333333 0.23125 0.8208333333333333
0 0.209375 0.5416666666666666 0.20625 0.7208333333333333
0 0.63359375 0.5395833333333333 0.1015625 0.37083333333333335
0 0.71796875 0.5364583333333334 0.1171875 0.4270833333333333
0 0.8171875 0.5333333333333333 0.125 0.48333333333333334
0 0.00146484375 0.0010568576388888889 0.0002685546875 0.001427951388888889
0 0.409375 0.5041666666666667 0.06875 0.24583333333333332
0 0.7296875 0.5145833333333333 0.18125 0.7875
0 0.58125 0.5708333333333333 0.23125 0.8208333333333333
0 0.209375 0.5416666666666666 0.20625 0.7208333333333333
0 0.63359375 0.5395833333333333 0.1015625 0.37083333333333335
0 0.71796875 0.5364583333333334 0.1171875 0.4270833333333333