0 0.609375 0.534375 0.1 0.34375
0 0.001512451171875 0.0010633680555555555 0.00025634765625 0.0014756944444444446
0 0.43125 0.5114583333333333 0.065625 0.23958333333333334
0 0.0010021972656249999 0.0012217881944444444 0.00036376953125 0.0017838541666666667
0 0.80703125 0.5395833333333333 0.2109375 0.8541666666666666
0 0.228125 0.5354166666666667 0.203125 0.6916666666666667
0 0.8296875 0.534375 0.125 0.48125
0 0.7234375 0.5364583333333334 0.115625 0.4270833333333333
0 0.609375 0.534375 0.1 0.34375
0 0.001512451171875 0.0010633680555555555 0.00025634765625 0.0014756944444444446
0 0.43125 0.5114583333333333 0.065625 0.23958333333333334
0 0.0010021972656249999 0.0012217881944444444 0.00036376953125 0.0017838541666666667
0 0.80703125 0.5395833333333333 0.2109375 0.8541666666666666
0 0.228125 0.5354166666666667 0.203125 0.6916666666666667
0 0.8296875 0.534375 0.125 0.48125
0 0.7234375 0.5364583333333334 0.115625 0.4270833333333333