0 0.60078125 0.5458333333333333 0.0921875 0.3375
0 0.4453125 0.51875 0.065625 0.2375
0 0.865625 0.55 0.253125 0.8958333333333334
0 0.001058349609375 0.001267361111111111 0.00039794921875000003 0.0018750000000000001
0 0.23828125 0.5364583333333334 0.1984375 0.6645833333333333
0 0.8421875 0.5354166666666667 0.125 0.48333333333333334
0 0.7296875 0.5385416666666667 0.115625 0.4270833333333333
0 0.60078125 0.5458333333333333 0.0921875 0.3375
0 0.4453125 0.51875 0.065625 0.2375
0 0.865625 0.55 0.253125 0.8958333333333334
0 0.001058349609375 0.001267361111111111 0.00039794921875000003 0.0018750000000000001
0 0.23828125 0.5364583333333334 0.1984375 0.6645833333333333
0 0.8421875 0.5354166666666667 0.125 0.48333333333333334
0 0.7296875 0.5385416666666667 0.115625 0.4270833333333333