0 0.909375 0.5739583333333333 0.146875 0.50625
0 0.001494140625 0.0011111111111111111 0.00041015625000000004 0.0020833333333333333
0 0.484375 0.5 0.065625 0.24166666666666667
0 0.00119140625 0.0012239583333333334 0.0004345703125 0.002057291666666667
0 0.2765625 0.5208333333333334 0.190625 0.65
0 0.60078125 0.49166666666666664 0.0484375 0.16666666666666666
0 0.3796875 0.49166666666666664 0.0375 0.12916666666666668
0 0.7359375 0.5385416666666667 0.115625 0.4270833333333333
0 0.909375 0.5739583333333333 0.146875 0.50625
0 0.001494140625 0.0011111111111111111 0.00041015625000000004 0.0020833333333333333
0 0.484375 0.5 0.065625 0.24166666666666667
0 0.00119140625 0.0012239583333333334 0.0004345703125 0.002057291666666667
0 0.2765625 0.5208333333333334 0.190625 0.65
0 0.60078125 0.49166666666666664 0.0484375 0.16666666666666666
0 0.3796875 0.49166666666666664 0.0375 0.12916666666666668
0 0.7359375 0.5385416666666667 0.115625 0.4270833333333333