0 0.00154541015625 0.0010460069444444445 0.000390625 0.002092013888888889
0 0.61640625 0.48854166666666665 0.0484375 0.16875
0 0.396875 0.49375 0.0375 0.12916666666666668
0 0.0012561035156250001 0.0012131076388888888 0.00045654296874999997 0.002165798611111111
0 0.49921875 0.5 0.0640625 0.24166666666666667
0 0.68125 0.5239583333333333 0.109375 0.3770833333333333
0 0.290625 0.5260416666666666 0.184375 0.6395833333333333
0 0.00154541015625 0.0010460069444444445 0.000390625 0.002092013888888889
0 0.61640625 0.48854166666666665 0.0484375 0.16875
0 0.396875 0.49375 0.0375 0.12916666666666668
0 0.0012561035156250001 0.0012131076388888888 0.00045654296874999997 0.002165798611111111
0 0.49921875 0.5 0.0640625 0.24166666666666667
0 0.68125 0.5239583333333333 0.109375 0.3770833333333333
0 0.290625 0.5260416666666666 0.184375 0.6395833333333333