0 0.0015625 0.0010416666666666667 0 0.0020833333333333333
0 0.6546875 0.49375 0.05 0.17083333333333334
0 0.43984375 0.49270833333333336 0.0359375 0.12708333333333333
0 0.5359375 0.5041666666666667 0.059375 0.2375
0 0.73046875 0.5270833333333333 0.1203125 0.3958333333333333
0 0.31875 0.5239583333333333 0.16875 0.6145833333333334
0 0.0015625 0.0010416666666666667 0 0.0020833333333333333
0 0.6546875 0.49375 0.05 0.17083333333333334
0 0.43984375 0.49270833333333336 0.0359375 0.12708333333333333
0 0.5359375 0.5041666666666667 0.059375 0.2375
0 0.73046875 0.5270833333333333 0.1203125 0.3958333333333333
0 0.31875 0.5239583333333333 0.16875 0.6145833333333334