0 0.4859375 0.48333333333333334 0.040625 0.13333333333333333
0 0.696875 0.4822916666666667 0.05 0.17291666666666666
0 0.575 0.49375 0.0625 0.23333333333333334
0 0.78828125 0.5260416666666666 0.1359375 0.4270833333333333
0 0.35 0.5 0.165625 0.5791666666666667
0 0.4140625 0.48541666666666666 0.040625 0.15
0 0.4859375 0.48333333333333334 0.040625 0.13333333333333333
0 0.696875 0.4822916666666667 0.05 0.17291666666666666
0 0.575 0.49375 0.0625 0.23333333333333334
0 0.78828125 0.5260416666666666 0.1359375 0.4270833333333333
0 0.35 0.5 0.165625 0.5791666666666667
0 0.4140625 0.48541666666666666 0.040625 0.15