0 0.4296875 0.475 0.040625 0.14166666666666666
0 0.50234375 0.47291666666666665 0.0390625 0.13333333333333333
0 0.7109375 0.4708333333333333 0.05 0.175
0 0.5875 0.48020833333333335 0.065625 0.23541666666666666
0 0.81171875 0.5229166666666667 0.1421875 0.45
0 0.36015625 0.484375 0.1671875 0.5729166666666666
0 0.4296875 0.475 0.040625 0.14166666666666666
0 0.50234375 0.47291666666666665 0.0390625 0.13333333333333333
0 0.7109375 0.4708333333333333 0.05 0.175
0 0.5875 0.48020833333333335 0.065625 0.23541666666666666
0 0.81171875 0.5229166666666667 0.1421875 0.45
0 0.36015625 0.484375 0.1671875 0.5729166666666666