0 0.44921875 0.475 0.0421875 0.14166666666666666
0 0.525 0.4666666666666667 0.04375 0.1375
0 0.603125 0.4739583333333333 0.065625 0.23125
0 0.72578125 0.46875 0.0578125 0.175
0 0.84453125 0.515625 0.1484375 0.47291666666666665
0 0.3765625 0.4864583333333333 0.171875 0.5645833333333333
0 0.44921875 0.475 0.0421875 0.14166666666666666
0 0.525 0.4666666666666667 0.04375 0.1375
0 0.603125 0.4739583333333333 0.065625 0.23125
0 0.72578125 0.46875 0.0578125 0.175
0 0.84453125 0.515625 0.1484375 0.47291666666666665
0 0.3765625 0.4864583333333333 0.171875 0.5645833333333333