0 0.4546875 0.47708333333333336 0.040625 0.14166666666666666
0 0.53125 0.4708333333333333 0.04375 0.14166666666666666
0 0.73125 0.4739583333333333 0.059375 0.17708333333333334
0 0.60546875 0.48020833333333335 0.0671875 0.23125
0 0.3796875 0.49375 0.171875 0.5625
0 0.85546875 0.5197916666666667 0.1546875 0.48541666666666666
0 0.4546875 0.47708333333333336 0.040625 0.14166666666666666
0 0.53125 0.4708333333333333 0.04375 0.14166666666666666
0 0.73125 0.4739583333333333 0.059375 0.17708333333333334
0 0.60546875 0.48020833333333335 0.0671875 0.23125
0 0.3796875 0.49375 0.171875 0.5625
0 0.85546875 0.5197916666666667 0.1546875 0.48541666666666666