0 0.46640625 0.484375 0.0421875 0.13958333333333334
0 0.54296875 0.47604166666666664 0.0453125 0.15208333333333332
0 0.73984375 0.4791666666666667 0.0578125 0.175
0 0.61328125 0.484375 0.0671875 0.22708333333333333
0 0.38984375 0.5020833333333333 0.1671875 0.5541666666666667
0 0.87421875 0.5197916666666667 0.1640625 0.50625
0 0.46640625 0.484375 0.0421875 0.13958333333333334
0 0.54296875 0.47604166666666664 0.0453125 0.15208333333333332
0 0.73984375 0.4791666666666667 0.0578125 0.175
0 0.61328125 0.484375 0.0671875 0.22708333333333333
0 0.38984375 0.5020833333333333 0.1671875 0.5541666666666667
0 0.87421875 0.5197916666666667 0.1640625 0.50625