0 0.5578125 0.46875 0.04375 0.14583333333333334
0 0.4796875 0.47708333333333336 0.040625 0.14166666666666666
0 0.75390625 0.46979166666666666 0.0578125 0.17708333333333334
0 0.625 0.47604166666666664 0.0625 0.22291666666666668
0 0.4 0.49583333333333335 0.1625 0.5458333333333333
0 0.89375 0.5125 0.175 0.525
0 0.5578125 0.46875 0.04375 0.14583333333333334
0 0.4796875 0.47708333333333336 0.040625 0.14166666666666666
0 0.75390625 0.46979166666666666 0.0578125 0.17708333333333334
0 0.625 0.47604166666666664 0.0625 0.22291666666666668
0 0.4 0.49583333333333335 0.1625 0.5458333333333333
0 0.89375 0.5125 0.175 0.525