0 0.4875 0.475 0.040625 0.14166666666666666
0 0.56484375 0.4666666666666667 0.0453125 0.14583333333333334
0 0.75625 0.465625 0.05625 0.17708333333333334
0 0.628125 0.47291666666666665 0.0625 0.22083333333333333
0 0.90703125 0.5135416666666667 0.1828125 0.5520833333333334
0 0.403125 0.4864583333333333 0.153125 0.5354166666666667
0 0.4875 0.475 0.040625 0.14166666666666666
0 0.56484375 0.4666666666666667 0.0453125 0.14583333333333334
0 0.75625 0.465625 0.05625 0.17708333333333334
0 0.628125 0.47291666666666665 0.0625 0.22083333333333333
0 0.90703125 0.5135416666666667 0.1828125 0.5520833333333334
0 0.403125 0.4864583333333333 0.153125 0.5354166666666667