0 0.4859375 0.471875 0.040625 0.14375
0 0.56640625 0.46458333333333335 0.0453125 0.14583333333333334
0 0.75078125 0.4635416666666667 0.0515625 0.17708333333333334
0 0.62578125 0.46875 0.0609375 0.225
0 0.396875 0.471875 0.153125 0.5229166666666667
0 0.90703125 0.5177083333333333 0.1859375 0.5729166666666666
0 0.4859375 0.471875 0.040625 0.14375
0 0.56640625 0.46458333333333335 0.0453125 0.14583333333333334
0 0.75078125 0.4635416666666667 0.0515625 0.17708333333333334
0 0.62578125 0.46875 0.0609375 0.225
0 0.396875 0.471875 0.153125 0.5229166666666667
0 0.90703125 0.5177083333333333 0.1859375 0.5729166666666666