0 0.57265625 0.459375 0.0453125 0.15208333333333332
0 0.62734375 0.4625 0.0578125 0.225
0 0.490625 0.46770833333333334 0.04375 0.14375
0 0.75078125 0.4583333333333333 0.0515625 0.17916666666666667
0 0.396875 0.459375 0.15 0.51875
0 0.91015625 0.51875 0.1796875 0.6
0 0.80625 0.46041666666666664 0.046875 0.17083333333333334
0 0.57265625 0.459375 0.0453125 0.15208333333333332
0 0.62734375 0.4625 0.0578125 0.225
0 0.490625 0.46770833333333334 0.04375 0.14375
0 0.75078125 0.4583333333333333 0.0515625 0.17916666666666667
0 0.396875 0.459375 0.15 0.51875
0 0.91015625 0.51875 0.1796875 0.6
0 0.80625 0.46041666666666664 0.046875 0.17083333333333334