0 0.809375 0.4479166666666667 0.046875 0.175
0 0.58046875 0.4479166666666667 0.0453125 0.1625
0 0.496875 0.45625 0.040625 0.14583333333333334
0 0.75390625 0.4479166666666667 0.0515625 0.17916666666666667
0 0.62890625 0.45416666666666666 0.0609375 0.225
0 0.001444091796875 0.0010503472222222223 0.00029541015625 0.0013107638888888889
0 0.3984375 0.45208333333333334 0.146875 0.5166666666666667
0 0.809375 0.4479166666666667 0.046875 0.175
0 0.58046875 0.4479166666666667 0.0453125 0.1625
0 0.496875 0.45625 0.040625 0.14583333333333334
0 0.75390625 0.4479166666666667 0.0515625 0.17916666666666667
0 0.62890625 0.45416666666666666 0.0609375 0.225
0 0.001444091796875 0.0010503472222222223 0.00029541015625 0.0013107638888888889
0 0.3984375 0.45208333333333334 0.146875 0.5166666666666667