0 0.81875 0.434375 0.046875 0.17291666666666666
0 0.59296875 0.43125 0.0453125 0.1625
0 0.6390625 0.43854166666666666 0.059375 0.22291666666666668
0 0.5078125 0.440625 0.040625 0.15208333333333332
0 0.001466064453125 0.0010069444444444444 0.00029541015625 0.0013802083333333333
0 0.7609375 0.4322916666666667 0.05625 0.18125
0 0.40546875 0.440625 0.1453125 0.5104166666666666
0 0.81875 0.434375 0.046875 0.17291666666666666
0 0.59296875 0.43125 0.0453125 0.1625
0 0.6390625 0.43854166666666666 0.059375 0.22291666666666668
0 0.5078125 0.440625 0.040625 0.15208333333333332
0 0.001466064453125 0.0010069444444444444 0.00029541015625 0.0013802083333333333
0 0.7609375 0.4322916666666667 0.05625 0.18125
0 0.40546875 0.440625 0.1453125 0.5104166666666666