0 0.59765625 0.4625 0.0421875 0.1625
0 0.6359375 0.46979166666666666 0.059375 0.21875
0 0.50859375 0.4739583333333333 0.0421875 0.15208333333333332
0 0.00147705078125 0.0010698784722222223 0.0003125 0.0014453125
0 0.75546875 0.4635416666666667 0.0640625 0.18125
0 0.40078125 0.478125 0.1421875 0.50625
0 0.8125 0.46458333333333335 0.046875 0.17083333333333334
0 0.59765625 0.4625 0.0421875 0.1625
0 0.6359375 0.46979166666666666 0.059375 0.21875
0 0.50859375 0.4739583333333333 0.0421875 0.15208333333333332
0 0.00147705078125 0.0010698784722222223 0.0003125 0.0014453125
0 0.75546875 0.4635416666666667 0.0640625 0.18125
0 0.40078125 0.478125 0.1421875 0.50625
0 0.8125 0.46458333333333335 0.046875 0.17083333333333334