0 0.6015625 0.4791666666666667 0.04375 0.16666666666666666
0 0.51171875 0.48541666666666666 0.0421875 0.15416666666666667
0 0.0014904785156249999 0.0011046006944444443 0.00032470703125 0.0014973958333333334
0 0.63671875 0.48125 0.0578125 0.22083333333333333
0 0.75625 0.47708333333333336 0.065625 0.17916666666666667
0 0.4 0.490625 0.140625 0.50625
0 0.81484375 0.471875 0.0484375 0.17291666666666666
0 0.6015625 0.4791666666666667 0.04375 0.16666666666666666
0 0.51171875 0.48541666666666666 0.0421875 0.15416666666666667
0 0.0014904785156249999 0.0011046006944444443 0.00032470703125 0.0014973958333333334
0 0.63671875 0.48125 0.0578125 0.22083333333333333
0 0.75625 0.47708333333333336 0.065625 0.17916666666666667
0 0.4 0.490625 0.140625 0.50625
0 0.81484375 0.471875 0.0484375 0.17291666666666666