0 0.81875 0.4895833333333333 0.05625 0.175
0 0.6078125 0.490625 0.040625 0.16458333333333333
0 0.001514892578125 0.0011371527777777777 0.00034423828125 0.0015885416666666665
0 0.515625 0.496875 0.04375 0.15625
0 0.6359375 0.49270833333333336 0.059375 0.21875
0 0.75703125 0.4895833333333333 0.0671875 0.17916666666666667
0 0.396875 0.49895833333333334 0.1375 0.4979166666666667
0 0.4484375 0.49375 0.040625 0.16666666666666666
0 0.81875 0.4895833333333333 0.05625 0.175
0 0.6078125 0.490625 0.040625 0.16458333333333333
0 0.001514892578125 0.0011371527777777777 0.00034423828125 0.0015885416666666665
0 0.515625 0.496875 0.04375 0.15625
0 0.6359375 0.49270833333333336 0.059375 0.21875
0 0.75703125 0.4895833333333333 0.0671875 0.17916666666666667
0 0.396875 0.49895833333333334 0.1375 0.4979166666666667
0 0.4484375 0.49375 0.040625 0.16666666666666666