0 0.4578125 0.5083333333333333 0.040625 0.1625
0 0.001553955078125 0.0011848958333333334 0.00035400390625 0.001657986111111111
0 0.64296875 0.5072916666666667 0.0609375 0.21875
0 0.52578125 0.5114583333333333 0.0453125 0.15625
0 0.7671875 0.5020833333333333 0.065625 0.18333333333333332
0 0.40234375 0.50625 0.1390625 0.4875
0 0.8234375 0.49583333333333335 0.05625 0.175
0 0.6125 0.49895833333333334 0.040625 0.16458333333333333
0 0.4578125 0.5083333333333333 0.040625 0.1625
0 0.001553955078125 0.0011848958333333334 0.00035400390625 0.001657986111111111
0 0.64296875 0.5072916666666667 0.0609375 0.21875
0 0.52578125 0.5114583333333333 0.0453125 0.15625
0 0.7671875 0.5020833333333333 0.065625 0.18333333333333332
0 0.40234375 0.50625 0.1390625 0.4875
0 0.8234375 0.49583333333333335 0.05625 0.175
0 0.6125 0.49895833333333334 0.040625 0.16458333333333333