0 0.45390625 0.5177083333333333 0.0421875 0.16875
0 0.825 0.5135416666666667 0.05 0.17291666666666666
0 0.63828125 0.5177083333333333 0.0578125 0.21458333333333332
0 0.76640625 0.5114583333333333 0.0609375 0.18125
0 0.525 0.521875 0.04375 0.16041666666666668
0 0.39921875 0.5145833333333333 0.1390625 0.4791666666666667
0 0.6140625 0.5072916666666667 0.040625 0.16458333333333333
0 0.45390625 0.5177083333333333 0.0421875 0.16875
0 0.825 0.5135416666666667 0.05 0.17291666666666666
0 0.63828125 0.5177083333333333 0.0578125 0.21458333333333332
0 0.76640625 0.5114583333333333 0.0609375 0.18125
0 0.525 0.521875 0.04375 0.16041666666666668
0 0.39921875 0.5145833333333333 0.1390625 0.4791666666666667
0 0.6140625 0.5072916666666667 0.040625 0.16458333333333333