0 0.459375 0.5395833333333333 0.040625 0.16666666666666666
0 0.82578125 0.534375 0.0484375 0.17708333333333334
0 0.64140625 0.5395833333333333 0.0609375 0.20833333333333334
0 0.5296875 0.5416666666666666 0.046875 0.16666666666666666
0 0.76640625 0.5333333333333333 0.0546875 0.18333333333333332
0 0.39921875 0.5385416666666667 0.1421875 0.48125
0 0.62421875 0.509375 0.0421875 0.16458333333333333
0 0.459375 0.5395833333333333 0.040625 0.16666666666666666
0 0.82578125 0.534375 0.0484375 0.17708333333333334
0 0.64140625 0.5395833333333333 0.0609375 0.20833333333333334
0 0.5296875 0.5416666666666666 0.046875 0.16666666666666666
0 0.76640625 0.5333333333333333 0.0546875 0.18333333333333332
0 0.39921875 0.5385416666666667 0.1421875 0.48125
0 0.62421875 0.509375 0.0421875 0.16458333333333333