0 0.4546875 0.5333333333333333 0.04375 0.175
0 0.81875 0.5322916666666667 0.046875 0.17708333333333334
0 0.63671875 0.5364583333333334 0.0609375 0.21041666666666667
0 0.52734375 0.5395833333333333 0.0484375 0.17083333333333334
0 0.759375 0.5302083333333333 0.053125 0.18541666666666667
0 0.39296875 0.5385416666666667 0.1453125 0.48125
0 0.63515625 0.509375 0.0421875 0.16458333333333333
0 0.4546875 0.5333333333333333 0.04375 0.175
0 0.81875 0.5322916666666667 0.046875 0.17708333333333334
0 0.63671875 0.5364583333333334 0.0609375 0.21041666666666667
0 0.52734375 0.5395833333333333 0.0484375 0.17083333333333334
0 0.759375 0.5302083333333333 0.053125 0.18541666666666667
0 0.39296875 0.5385416666666667 0.1453125 0.48125
0 0.63515625 0.509375 0.0421875 0.16458333333333333