0 0.8109375 0.5260416666666666 0.05 0.17708333333333334
0 0.453125 0.5291666666666667 0.04375 0.17083333333333334
0 0.63203125 0.5270833333333333 0.0609375 0.20833333333333334
0 0.52578125 0.53125 0.0484375 0.17083333333333334
0 0.75546875 0.5239583333333333 0.0515625 0.18541666666666667
0 0.3890625 0.534375 0.140625 0.48125
0 0.6453125 0.5114583333333333 0.040625 0.16458333333333333
0 0.8109375 0.5260416666666666 0.05 0.17708333333333334
0 0.453125 0.5291666666666667 0.04375 0.17083333333333334
0 0.63203125 0.5270833333333333 0.0609375 0.20833333333333334
0 0.52578125 0.53125 0.0484375 0.17083333333333334
0 0.75546875 0.5239583333333333 0.0515625 0.18541666666666667
0 0.3890625 0.534375 0.140625 0.48125
0 0.6453125 0.5114583333333333 0.040625 0.16458333333333333