0 0.45 0.5364583333333334 0.046875 0.17708333333333334
0 0.80078125 0.5354166666666667 0.0578125 0.175
0 0.62890625 0.5354166666666667 0.0578125 0.2125
0 0.525 0.5395833333333333 0.05 0.17083333333333334
0 0.7515625 0.534375 0.053125 0.18541666666666667
0 0.3875 0.540625 0.1375 0.47291666666666665
0 0.65625 0.5125 0.040625 0.1625
0 0.45 0.5364583333333334 0.046875 0.17708333333333334
0 0.80078125 0.5354166666666667 0.0578125 0.175
0 0.62890625 0.5354166666666667 0.0578125 0.2125
0 0.525 0.5395833333333333 0.05 0.17083333333333334
0 0.7515625 0.534375 0.053125 0.18541666666666667
0 0.3875 0.540625 0.1375 0.47291666666666665
0 0.65625 0.5125 0.040625 0.1625