0 0.65078125 0.5302083333333333 0.0484375 0.18541666666666667
0 0.4515625 0.5354166666666667 0.05 0.18333333333333332
0 0.62734375 0.5385416666666667 0.0546875 0.21458333333333332
0 0.80234375 0.540625 0.0609375 0.17708333333333334
0 0.52578125 0.5416666666666666 0.0515625 0.175
0 0.74921875 0.5375 0.0546875 0.18333333333333332
0 0.3875 0.5395833333333333 0.134375 0.4708333333333333
0 0.65078125 0.5302083333333333 0.0484375 0.18541666666666667
0 0.4515625 0.5354166666666667 0.05 0.18333333333333332
0 0.62734375 0.5385416666666667 0.0546875 0.21458333333333332
0 0.80234375 0.540625 0.0609375 0.17708333333333334
0 0.52578125 0.5416666666666666 0.0515625 0.175
0 0.74921875 0.5375 0.0546875 0.18333333333333332
0 0.3875 0.5395833333333333 0.134375 0.4708333333333333