0 0.54140625 0.5385416666666667 0.0515625 0.18541666666666667
0 0.46328125 0.5322916666666667 0.0484375 0.18958333333333333
0 0.63515625 0.5375 0.0546875 0.20833333333333334
0 0.66875 0.528125 0.053125 0.19791666666666666
0 0.81328125 0.5395833333333333 0.0609375 0.17916666666666667
0 0.759375 0.5364583333333334 0.053125 0.18541666666666667
0 0.39453125 0.53125 0.1328125 0.4666666666666667
0 0.0453125 0.55 0.090625 0.7541666666666667
0 0.54140625 0.5385416666666667 0.0515625 0.18541666666666667
0 0.46328125 0.5322916666666667 0.0484375 0.18958333333333333
0 0.63515625 0.5375 0.0546875 0.20833333333333334
0 0.66875 0.528125 0.053125 0.19791666666666666
0 0.81328125 0.5395833333333333 0.0609375 0.17916666666666667
0 0.759375 0.5364583333333334 0.053125 0.18541666666666667
0 0.39453125 0.53125 0.1328125 0.4666666666666667
0 0.0453125 0.55 0.090625 0.7541666666666667