0 0.0484375 0.5489583333333333 0.096875 0.7604166666666666
0 0.4640625 0.534375 0.05 0.19375
0 0.67421875 0.5302083333333333 0.0546875 0.20208333333333334
0 0.54375 0.5385416666666667 0.053125 0.18541666666666667
0 0.81484375 0.5416666666666666 0.0546875 0.17916666666666667
0 0.63671875 0.5385416666666667 0.0546875 0.21041666666666667
0 0.76015625 0.5375 0.0515625 0.1875
0 0.39375 0.5302083333333333 0.13125 0.46041666666666664
0 0.0484375 0.5489583333333333 0.096875 0.7604166666666666
0 0.4640625 0.534375 0.05 0.19375
0 0.67421875 0.5302083333333333 0.0546875 0.20208333333333334
0 0.54375 0.5385416666666667 0.053125 0.18541666666666667
0 0.81484375 0.5416666666666666 0.0546875 0.17916666666666667
0 0.63671875 0.5385416666666667 0.0546875 0.21041666666666667
0 0.76015625 0.5375 0.0515625 0.1875
0 0.39375 0.5302083333333333 0.13125 0.46041666666666664