0 0.0609375 0.559375 0.121875 0.7979166666666667
0 0.465625 0.5375 0.05 0.19166666666666668
0 0.81328125 0.5479166666666667 0.0515625 0.17916666666666667
0 0.634375 0.5395833333333333 0.05625 0.20833333333333334
0 0.6796875 0.5364583333333334 0.05625 0.20208333333333334
0 0.546875 0.5427083333333333 0.05625 0.18958333333333333
0 0.759375 0.5427083333333333 0.053125 0.18958333333333333
0 0.39375 0.5322916666666667 0.128125 0.46041666666666664
0 0.0609375 0.559375 0.121875 0.7979166666666667
0 0.465625 0.5375 0.05 0.19166666666666668
0 0.81328125 0.5479166666666667 0.0515625 0.17916666666666667
0 0.634375 0.5395833333333333 0.05625 0.20833333333333334
0 0.6796875 0.5364583333333334 0.05625 0.20208333333333334
0 0.546875 0.5427083333333333 0.05625 0.18958333333333333
0 0.759375 0.5427083333333333 0.053125 0.18958333333333333
0 0.39375 0.5322916666666667 0.128125 0.46041666666666664