0 0.0625 0.5541666666666667 0.125 0.7833333333333333
0 0.81484375 0.553125 0.0484375 0.18125
0 0.46875 0.5427083333333333 0.05 0.19791666666666666
0 0.55234375 0.5489583333333333 0.0546875 0.19375
0 0.76328125 0.5458333333333333 0.0515625 0.1875
0 0.690625 0.54375 0.05625 0.20416666666666666
0 0.63515625 0.5427083333333333 0.0578125 0.20625
0 0.3953125 0.5416666666666666 0.128125 0.4583333333333333
0 0.0625 0.5541666666666667 0.125 0.7833333333333333
0 0.81484375 0.553125 0.0484375 0.18125
0 0.46875 0.5427083333333333 0.05 0.19791666666666666
0 0.55234375 0.5489583333333333 0.0546875 0.19375
0 0.76328125 0.5458333333333333 0.0515625 0.1875
0 0.690625 0.54375 0.05625 0.20416666666666666
0 0.63515625 0.5427083333333333 0.0578125 0.20625
0 0.3953125 0.5416666666666666 0.128125 0.4583333333333333