0 0.075 0.5520833333333334 0.15 0.7625
0 0.47265625 0.546875 0.0515625 0.20625
0 0.81796875 0.5489583333333333 0.0484375 0.18125
0 0.6375 0.540625 0.059375 0.20625
0 0.7671875 0.5427083333333333 0.053125 0.18958333333333333
0 0.5578125 0.5489583333333333 0.05625 0.19375
0 0.6984375 0.540625 0.059375 0.21041666666666667
0 0.39609375 0.54375 0.1265625 0.4583333333333333
0 0.075 0.5520833333333334 0.15 0.7625
0 0.47265625 0.546875 0.0515625 0.20625
0 0.81796875 0.5489583333333333 0.0484375 0.18125
0 0.6375 0.540625 0.059375 0.20625
0 0.7671875 0.5427083333333333 0.053125 0.18958333333333333
0 0.5578125 0.5489583333333333 0.05625 0.19375
0 0.6984375 0.540625 0.059375 0.21041666666666667
0 0.39609375 0.54375 0.1265625 0.4583333333333333