0 0.07734375 0.55625 0.1546875 0.7541666666666667
0 0.4671875 0.5416666666666666 0.053125 0.20833333333333334
0 0.81015625 0.5458333333333333 0.0515625 0.18333333333333332
0 0.63125 0.5427083333333333 0.059375 0.20625
0 0.5546875 0.5489583333333333 0.05625 0.20208333333333334
0 0.7609375 0.5416666666666666 0.053125 0.19166666666666668
0 0.70234375 0.5375 0.0640625 0.21666666666666667
0 0.3828125 0.5416666666666666 0.125 0.4583333333333333
0 0.07734375 0.55625 0.1546875 0.7541666666666667
0 0.4671875 0.5416666666666666 0.053125 0.20833333333333334
0 0.81015625 0.5458333333333333 0.0515625 0.18333333333333332
0 0.63125 0.5427083333333333 0.059375 0.20625
0 0.5546875 0.5489583333333333 0.05625 0.20208333333333334
0 0.7609375 0.5416666666666666 0.053125 0.19166666666666668
0 0.70234375 0.5375 0.0640625 0.21666666666666667
0 0.3828125 0.5416666666666666 0.125 0.4583333333333333