0 0.05625 0.5625 0.1125 0.7833333333333333
0 0.78203125 0.5458333333333333 0.0515625 0.18333333333333332
0 0.6078125 0.540625 0.05625 0.20625
0 0.53203125 0.5416666666666666 0.0578125 0.20833333333333334
0 0.4453125 0.5354166666666667 0.053125 0.22083333333333333
0 0.73359375 0.540625 0.0578125 0.19375
0 0.6890625 0.5364583333333334 0.065625 0.22708333333333333
0 0.35078125 0.5302083333333333 0.1265625 0.45625
0 0.05625 0.5625 0.1125 0.7833333333333333
0 0.78203125 0.5458333333333333 0.0515625 0.18333333333333332
0 0.6078125 0.540625 0.05625 0.20625
0 0.53203125 0.5416666666666666 0.0578125 0.20833333333333334
0 0.4453125 0.5354166666666667 0.053125 0.22083333333333333
0 0.73359375 0.540625 0.0578125 0.19375
0 0.6890625 0.5364583333333334 0.065625 0.22708333333333333
0 0.35078125 0.5302083333333333 0.1265625 0.45625