0 0.69375 0.525 0.053125 0.19166666666666668
0 0.73515625 0.5291666666666667 0.0484375 0.18333333333333332
0 0.56484375 0.5208333333333334 0.0578125 0.20416666666666666
0 0.40546875 0.5197916666666667 0.0578125 0.23125
0 0.65546875 0.5229166666666667 0.0671875 0.23333333333333334
0 0.496875 0.5270833333333333 0.0625 0.22083333333333333
0 0.2984375 0.5135416666666667 0.134375 0.46458333333333335
0 0.69375 0.525 0.053125 0.19166666666666668
0 0.73515625 0.5291666666666667 0.0484375 0.18333333333333332
0 0.56484375 0.5208333333333334 0.0578125 0.20416666666666666
0 0.40546875 0.5197916666666667 0.0578125 0.23125
0 0.65546875 0.5229166666666667 0.0671875 0.23333333333333334
0 0.496875 0.5270833333333333 0.0625 0.22083333333333333
0 0.2984375 0.5135416666666667 0.134375 0.46458333333333335