0 0.69609375 0.525 0.0515625 0.18333333333333332
0 0.5328125 0.5208333333333334 0.05625 0.20416666666666666
0 0.37421875 0.5208333333333334 0.0609375 0.2375
0 0.63359375 0.5208333333333334 0.0703125 0.24166666666666667
0 0.46875 0.5270833333333333 0.065625 0.225
0 0.25859375 0.5166666666666667 0.1359375 0.4666666666666667
0 0.653125 0.521875 0.053125 0.18958333333333333
0 0.69609375 0.525 0.0515625 0.18333333333333332
0 0.5328125 0.5208333333333334 0.05625 0.20416666666666666
0 0.37421875 0.5208333333333334 0.0609375 0.2375
0 0.63359375 0.5208333333333334 0.0703125 0.24166666666666667
0 0.46875 0.5270833333333333 0.065625 0.225
0 0.25859375 0.5166666666666667 0.1359375 0.4666666666666667
0 0.653125 0.521875 0.053125 0.18958333333333333