0 0.640625 0.525 0.053125 0.19166666666666668
0 0.51796875 0.5229166666666667 0.0546875 0.20416666666666666
0 0.68203125 0.5270833333333333 0.0546875 0.18333333333333332
0 0.62265625 0.521875 0.0671875 0.24375
0 0.36015625 0.5229166666666667 0.0640625 0.24583333333333332
0 0.45546875 0.53125 0.0671875 0.23333333333333334
0 0.240625 0.51875 0.1375 0.4666666666666667
0 0.640625 0.525 0.053125 0.19166666666666668
0 0.51796875 0.5229166666666667 0.0546875 0.20416666666666666
0 0.68203125 0.5270833333333333 0.0546875 0.18333333333333332
0 0.62265625 0.521875 0.0671875 0.24375
0 0.36015625 0.5229166666666667 0.0640625 0.24583333333333332
0 0.45546875 0.53125 0.0671875 0.23333333333333334
0 0.240625 0.51875 0.1375 0.4666666666666667