0 0.665625 0.521875 0.05625 0.18541666666666667
0 0.50234375 0.51875 0.0546875 0.2
0 0.3453125 0.51875 0.06875 0.25416666666666665
0 0.6171875 0.5135416666666667 0.075 0.25625
0 0.44375 0.525 0.06875 0.2375
0 0.21875 0.51875 0.1375 0.4708333333333333
0 0.63359375 0.5208333333333334 0.0515625 0.19166666666666668
0 0.665625 0.521875 0.05625 0.18541666666666667
0 0.50234375 0.51875 0.0546875 0.2
0 0.3453125 0.51875 0.06875 0.25416666666666665
0 0.6171875 0.5135416666666667 0.075 0.25625
0 0.44375 0.525 0.06875 0.2375
0 0.21875 0.51875 0.1375 0.4708333333333333
0 0.63359375 0.5208333333333334 0.0515625 0.19166666666666668