0 0.609375 0.5145833333333333 0.075 0.26666666666666666
0 0.65078125 0.521875 0.0578125 0.18541666666666667
0 0.4890625 0.51875 0.05625 0.20416666666666666
0 0.33203125 0.5177083333333333 0.0703125 0.2604166666666667
0 0.434375 0.525 0.06875 0.24166666666666667
0 0.2015625 0.51875 0.1375 0.475
0 0.6265625 0.525 0.053125 0.19166666666666668
0 0.609375 0.5145833333333333 0.075 0.26666666666666666
0 0.65078125 0.521875 0.0578125 0.18541666666666667
0 0.4890625 0.51875 0.05625 0.20416666666666666
0 0.33203125 0.5177083333333333 0.0703125 0.2604166666666667
0 0.434375 0.525 0.06875 0.24166666666666667
0 0.2015625 0.51875 0.1375 0.475
0 0.6265625 0.525 0.053125 0.19166666666666668