0 0.625 0.521875 0.053125 0.18541666666666667
0 0.46484375 0.515625 0.0546875 0.20625
0 0.59375 0.5177083333333333 0.08125 0.27291666666666664
0 0.309375 0.5145833333333333 0.071875 0.275
0 0.415625 0.525 0.06875 0.25416666666666665
0 0.16953125 0.5083333333333333 0.1421875 0.475
0 0.37109375 0.50625 0.0265625 0.0875
0 0.625 0.521875 0.053125 0.18541666666666667
0 0.46484375 0.515625 0.0546875 0.20625
0 0.59375 0.5177083333333333 0.08125 0.27291666666666664
0 0.309375 0.5145833333333333 0.071875 0.275
0 0.415625 0.525 0.06875 0.25416666666666665
0 0.16953125 0.5083333333333333 0.1421875 0.475
0 0.37109375 0.50625 0.0265625 0.0875