0 0.6140625 0.5197916666666667 0.05625 0.18958333333333333
0 0.36015625 0.50625 0.0265625 0.0875
0 0.453125 0.5145833333333333 0.05625 0.20416666666666666
0 0.2953125 0.515625 0.071875 0.28125
0 0.5890625 0.5197916666666667 0.0875 0.28125
0 0.40390625 0.5270833333333333 0.0703125 0.2625
0 0.15234375 0.5052083333333334 0.1453125 0.47708333333333336
0 0.6140625 0.5197916666666667 0.05625 0.18958333333333333
0 0.36015625 0.50625 0.0265625 0.0875
0 0.453125 0.5145833333333333 0.05625 0.20416666666666666
0 0.2953125 0.515625 0.071875 0.28125
0 0.5890625 0.5197916666666667 0.0875 0.28125
0 0.40390625 0.5270833333333333 0.0703125 0.2625
0 0.15234375 0.5052083333333334 0.1453125 0.47708333333333336