0 0.34765625 0.5020833333333333 0.0265625 0.0875
0 0.4390625 0.5104166666666666 0.053125 0.2
0 0.28125 0.5145833333333333 0.075 0.2875
0 0.3953125 0.525 0.075 0.26666666666666666
0 0.5859375 0.5166666666666667 0.090625 0.2875
0 0.1328125 0.5041666666666667 0.146875 0.4791666666666667
0 0.5546875 0.5083333333333333 0.053125 0.1875
0 0.34765625 0.5020833333333333 0.0265625 0.0875
0 0.4390625 0.5104166666666666 0.053125 0.2
0 0.28125 0.5145833333333333 0.075 0.2875
0 0.3953125 0.525 0.075 0.26666666666666666
0 0.5859375 0.5166666666666667 0.090625 0.2875
0 0.1328125 0.5041666666666667 0.146875 0.4791666666666667
0 0.5546875 0.5083333333333333 0.053125 0.1875