0 0.54140625 0.49895833333333334 0.0484375 0.17291666666666666
0 0.3375 0.49583333333333335 0.025 0.0875
0 0.42734375 0.5072916666666667 0.0546875 0.20208333333333334
0 0.265625 0.5135416666666667 0.078125 0.29791666666666666
0 0.38515625 0.5229166666666667 0.0765625 0.2791666666666667
0 0.58125 0.50625 0.09375 0.30416666666666664
0 0.1125 0.503125 0.146875 0.48541666666666666
0 0.54140625 0.49895833333333334 0.0484375 0.17291666666666666
0 0.3375 0.49583333333333335 0.025 0.0875
0 0.42734375 0.5072916666666667 0.0546875 0.20208333333333334
0 0.265625 0.5135416666666667 0.078125 0.29791666666666666
0 0.38515625 0.5229166666666667 0.0765625 0.2791666666666667
0 0.58125 0.50625 0.09375 0.30416666666666664
0 0.1125 0.503125 0.146875 0.48541666666666666