0 0.3265625 0.49375 0.025 0.09166666666666666
0 0.5296875 0.5010416666666667 0.05 0.18125
0 0.415625 0.5052083333333334 0.053125 0.19791666666666666
0 0.25078125 0.5114583333333333 0.0828125 0.3104166666666667
0 0.37578125 0.5208333333333334 0.0796875 0.2875
0 0.575 0.503125 0.09375 0.3145833333333333
0 0.090625 0.503125 0.15 0.4895833333333333
0 0.3265625 0.49375 0.025 0.09166666666666666
0 0.5296875 0.5010416666666667 0.05 0.18125
0 0.415625 0.5052083333333334 0.053125 0.19791666666666666
0 0.25078125 0.5114583333333333 0.0828125 0.3104166666666667
0 0.37578125 0.5208333333333334 0.0796875 0.2875
0 0.575 0.503125 0.09375 0.3145833333333333
0 0.090625 0.503125 0.15 0.4895833333333333