0 0.309375 0.49270833333333336 0.025 0.08958333333333333
0 0.39765625 0.5010416666666667 0.0515625 0.19791666666666666
0 0.51171875 0.5 0.0515625 0.1875
0 0.5671875 0.503125 0.09375 0.32708333333333334
0 0.228125 0.5072916666666667 0.0875 0.32708333333333334
0 0.0671875 0.49895833333333334 0.134375 0.4979166666666667
0 0.36171875 0.5145833333333333 0.0828125 0.3
0 0.13125 0.48020833333333335 0.034375 0.11041666666666666
0 0.309375 0.49270833333333336 0.025 0.08958333333333333
0 0.39765625 0.5010416666666667 0.0515625 0.19791666666666666
0 0.51171875 0.5 0.0515625 0.1875
0 0.5671875 0.503125 0.09375 0.32708333333333334
0 0.228125 0.5072916666666667 0.0875 0.32708333333333334
0 0.0671875 0.49895833333333334 0.134375 0.4979166666666667
0 0.36171875 0.5145833333333333 0.0828125 0.3
0 0.13125 0.48020833333333335 0.034375 0.11041666666666666