0 0.11875 0.48020833333333335 0.034375 0.11041666666666666
0 0.3 0.49375 0.025 0.09166666666666666
0 0.3875 0.503125 0.053125 0.20208333333333334
0 0.5015625 0.503125 0.053125 0.18958333333333333
0 0.05703125 0.4947916666666667 0.1140625 0.5020833333333333
0 0.21484375 0.5072916666666667 0.0890625 0.33541666666666664
0 0.56328125 0.5072916666666667 0.0953125 0.33541666666666664
0 0.35234375 0.5166666666666667 0.0859375 0.30833333333333335
0 0.11875 0.48020833333333335 0.034375 0.11041666666666666
0 0.3 0.49375 0.025 0.09166666666666666
0 0.3875 0.503125 0.053125 0.20208333333333334
0 0.5015625 0.503125 0.053125 0.18958333333333333
0 0.05703125 0.4947916666666667 0.1140625 0.5020833333333333
0 0.21484375 0.5072916666666667 0.0890625 0.33541666666666664
0 0.56328125 0.5072916666666667 0.0953125 0.33541666666666664
0 0.35234375 0.5166666666666667 0.0859375 0.30833333333333335