0 0.2875 0.4947916666666667 0.025 0.08958333333333333
0 0.37734375 0.5010416666666667 0.0515625 0.20208333333333334
0 0.04765625 0.4947916666666667 0.0953125 0.5145833333333333
0 0.1984375 0.5041666666666667 0.0875 0.3458333333333333
0 0.48828125 0.5020833333333333 0.0546875 0.19166666666666668
0 0.559375 0.5114583333333333 0.1 0.34791666666666665
0 0.34375 0.5177083333333333 0.0875 0.3229166666666667
0 0.11171875 0.4822916666666667 0.0328125 0.11041666666666666
0 0.2875 0.4947916666666667 0.025 0.08958333333333333
0 0.37734375 0.5010416666666667 0.0515625 0.20208333333333334
0 0.04765625 0.4947916666666667 0.0953125 0.5145833333333333
0 0.1984375 0.5041666666666667 0.0875 0.3458333333333333
0 0.48828125 0.5020833333333333 0.0546875 0.19166666666666668
0 0.559375 0.5114583333333333 0.1 0.34791666666666665
0 0.34375 0.5177083333333333 0.0875 0.3229166666666667
0 0.11171875 0.4822916666666667 0.0328125 0.11041666666666666