0 0.090625 0.484375 0.034375 0.11041666666666666
0 0.278125 0.496875 0.025 0.08958333333333333
0 0.03671875 0.49166666666666664 0.0734375 0.5083333333333333
0 0.47578125 0.5041666666666667 0.0546875 0.19166666666666668
0 0.18125 0.5114583333333333 0.090625 0.3645833333333333
0 0.3375 0.5239583333333333 0.09375 0.33541666666666664
0 0.55859375 0.515625 0.1046875 0.3645833333333333
0 0.3734375 0.5041666666666667 0.053125 0.2
0 0.090625 0.484375 0.034375 0.11041666666666666
0 0.278125 0.496875 0.025 0.08958333333333333
0 0.03671875 0.49166666666666664 0.0734375 0.5083333333333333
0 0.47578125 0.5041666666666667 0.0546875 0.19166666666666668
0 0.18125 0.5114583333333333 0.090625 0.3645833333333333
0 0.3375 0.5239583333333333 0.09375 0.33541666666666664
0 0.55859375 0.515625 0.1046875 0.3645833333333333
0 0.3734375 0.5041666666666667 0.053125 0.2