0 0.02734375 0.4875 0.0546875 0.49583333333333335
0 0.2703125 0.496875 0.028125 0.09375
0 0.08125 0.4822916666666667 0.034375 0.11458333333333333
0 0.465625 0.503125 0.05625 0.19375
0 0.3328125 0.528125 0.096875 0.34375
0 0.16796875 0.5166666666666667 0.0953125 0.37916666666666665
0 0.56171875 0.5135416666666667 0.1109375 0.3854166666666667
0 0.5109375 0.50625 0.046875 0.17916666666666667
0 0.36875 0.5041666666666667 0.053125 0.2
0 0.02734375 0.4875 0.0546875 0.49583333333333335
0 0.2703125 0.496875 0.028125 0.09375
0 0.08125 0.4822916666666667 0.034375 0.11458333333333333
0 0.465625 0.503125 0.05625 0.19375
0 0.3328125 0.528125 0.096875 0.34375
0 0.16796875 0.5166666666666667 0.0953125 0.37916666666666665
0 0.56171875 0.5135416666666667 0.1109375 0.3854166666666667
0 0.5109375 0.50625 0.046875 0.17916666666666667
0 0.36875 0.5041666666666667 0.053125 0.2