0 0.07734375 0.4822916666666667 0.0359375 0.11041666666666666
0 0.26875 0.49270833333333336 0.028125 0.09791666666666667
0 0.51015625 0.5020833333333333 0.0484375 0.17916666666666667
0 0.46171875 0.5 0.0546875 0.19166666666666668
0 0.16015625 0.515625 0.1015625 0.39791666666666664
0 0.33359375 0.525 0.0984375 0.35833333333333334
0 0.5671875 0.5052083333333334 0.1125 0.40208333333333335
0 0.2015625 0.49166666666666664 0.04375 0.15833333333333333
0 0.3640625 0.5041666666666667 0.053125 0.2
0 0.07734375 0.4822916666666667 0.0359375 0.11041666666666666
0 0.26875 0.49270833333333336 0.028125 0.09791666666666667
0 0.51015625 0.5020833333333333 0.0484375 0.17916666666666667
0 0.46171875 0.5 0.0546875 0.19166666666666668
0 0.16015625 0.515625 0.1015625 0.39791666666666664
0 0.33359375 0.525 0.0984375 0.35833333333333334
0 0.5671875 0.5052083333333334 0.1125 0.40208333333333335
0 0.2015625 0.49166666666666664 0.04375 0.15833333333333333
0 0.3640625 0.5041666666666667 0.053125 0.2