0 0.0765625 0.48125 0.0375 0.1125
0 0.20078125 0.49270833333333336 0.0453125 0.16041666666666668
0 0.26953125 0.490625 0.0296875 0.10208333333333333
0 0.51171875 0.5 0.0515625 0.17916666666666667
0 0.4578125 0.5 0.059375 0.19583333333333333
0 0.1546875 0.515625 0.109375 0.42291666666666666
0 0.3390625 0.521875 0.1 0.3770833333333333
0 0.58515625 0.5114583333333333 0.1234375 0.43125
0 0.36015625 0.5041666666666667 0.0515625 0.2
0 0.0765625 0.48125 0.0375 0.1125
0 0.20078125 0.49270833333333336 0.0453125 0.16041666666666668
0 0.26953125 0.490625 0.0296875 0.10208333333333333
0 0.51171875 0.5 0.0515625 0.17916666666666667
0 0.4578125 0.5 0.059375 0.19583333333333333
0 0.1546875 0.515625 0.109375 0.42291666666666666
0 0.3390625 0.521875 0.1 0.3770833333333333
0 0.58515625 0.5114583333333333 0.1234375 0.43125
0 0.36015625 0.5041666666666667 0.0515625 0.2