0 0.07734375 0.478125 0.0359375 0.11458333333333333
0 0.27109375 0.490625 0.0296875 0.09791666666666667
0 0.2015625 0.490625 0.046875 0.16458333333333333
0 0.51171875 0.5020833333333333 0.0515625 0.1875
0 0.4578125 0.5010416666666667 0.059375 0.19791666666666666
0 0.5921875 0.5145833333333333 0.125 0.44583333333333336
0 0.153125 0.5125 0.115625 0.4375
0 0.34296875 0.521875 0.1015625 0.3854166666666667
0 0.35546875 0.503125 0.0515625 0.20208333333333334
0 0.07734375 0.478125 0.0359375 0.11458333333333333
0 0.27109375 0.490625 0.0296875 0.09791666666666667
0 0.2015625 0.490625 0.046875 0.16458333333333333
0 0.51171875 0.5020833333333333 0.0515625 0.1875
0 0.4578125 0.5010416666666667 0.059375 0.19791666666666666
0 0.5921875 0.5145833333333333 0.125 0.44583333333333336
0 0.153125 0.5125 0.115625 0.4375
0 0.34296875 0.521875 0.1015625 0.3854166666666667
0 0.35546875 0.503125 0.0515625 0.20208333333333334