0 0.08125 0.47708333333333336 0.034375 0.1125
0 0.275 0.48854166666666665 0.03125 0.09791666666666667
0 0.20625 0.4875 0.046875 0.16666666666666666
0 0.51484375 0.5 0.0546875 0.1875
0 0.46015625 0.49895833333333334 0.0578125 0.19375
0 0.15 0.5052083333333334 0.11875 0.45625
0 0.34765625 0.5197916666666667 0.1109375 0.40625
0 0.6140625 0.5166666666666667 0.140625 0.4708333333333333
0 0.35078125 0.503125 0.0515625 0.20208333333333334
0 0.08125 0.47708333333333336 0.034375 0.1125
0 0.275 0.48854166666666665 0.03125 0.09791666666666667
0 0.20625 0.4875 0.046875 0.16666666666666666
0 0.51484375 0.5 0.0546875 0.1875
0 0.46015625 0.49895833333333334 0.0578125 0.19375
0 0.15 0.5052083333333334 0.11875 0.45625
0 0.34765625 0.5197916666666667 0.1109375 0.40625
0 0.6140625 0.5166666666666667 0.140625 0.4708333333333333
0 0.35078125 0.503125 0.0515625 0.20208333333333334