0 0.084375 0.478125 0.034375 0.11458333333333333
0 0.2765625 0.490625 0.03125 0.10208333333333333
0 0.20625 0.4875 0.046875 0.16666666666666666
0 0.5140625 0.50625 0.05625 0.19166666666666668
0 0.4609375 0.5 0.05625 0.19583333333333333
0 0.14375 0.5114583333333333 0.125 0.48125
0 0.62890625 0.521875 0.1515625 0.5020833333333333
0 0.3484375 0.5270833333333333 0.11875 0.425
0 0.34609375 0.503125 0.0515625 0.20208333333333334
0 0.084375 0.478125 0.034375 0.11458333333333333
0 0.2765625 0.490625 0.03125 0.10208333333333333
0 0.20625 0.4875 0.046875 0.16666666666666666
0 0.5140625 0.50625 0.05625 0.19166666666666668
0 0.4609375 0.5 0.05625 0.19583333333333333
0 0.14375 0.5114583333333333 0.125 0.48125
0 0.62890625 0.521875 0.1515625 0.5020833333333333
0 0.3484375 0.5270833333333333 0.11875 0.425
0 0.34609375 0.503125 0.0515625 0.20208333333333334