0 0.2765625 0.49166666666666664 0.03125 0.10416666666666667
0 0.20546875 0.4895833333333333 0.0484375 0.17083333333333334
0 0.515625 0.5072916666666667 0.05625 0.18958333333333333
0 0.459375 0.5020833333333333 0.05625 0.2
0 0.34765625 0.5333333333333333 0.1234375 0.4375
0 0.1359375 0.5166666666666667 0.13125 0.5041666666666667
0 0.6421875 0.5229166666666667 0.159375 0.5208333333333334
0 0.34140625 0.503125 0.0515625 0.20208333333333334
0 0.2765625 0.49166666666666664 0.03125 0.10416666666666667
0 0.20546875 0.4895833333333333 0.0484375 0.17083333333333334
0 0.515625 0.5072916666666667 0.05625 0.18958333333333333
0 0.459375 0.5020833333333333 0.05625 0.2
0 0.34765625 0.5333333333333333 0.1234375 0.4375
0 0.1359375 0.5166666666666667 0.13125 0.5041666666666667
0 0.6421875 0.5229166666666667 0.159375 0.5208333333333334
0 0.34140625 0.503125 0.0515625 0.20208333333333334