0 0.27890625 0.49166666666666664 0.0328125 0.10416666666666667
0 0.2078125 0.48854166666666665 0.05 0.17291666666666666
0 0.5171875 0.5083333333333333 0.05625 0.19166666666666668
0 0.45859375 0.5020833333333333 0.0578125 0.2
0 0.34765625 0.540625 0.1296875 0.46041666666666664
0 0.6609375 0.5166666666666667 0.16875 0.5583333333333333
0 0.125 0.521875 0.1375 0.53125
0 0.33671875 0.5020833333333333 0.0515625 0.2
0 0.27890625 0.49166666666666664 0.0328125 0.10416666666666667
0 0.2078125 0.48854166666666665 0.05 0.17291666666666666
0 0.5171875 0.5083333333333333 0.05625 0.19166666666666668
0 0.45859375 0.5020833333333333 0.0578125 0.2
0 0.34765625 0.540625 0.1296875 0.46041666666666664
0 0.6609375 0.5166666666666667 0.16875 0.5583333333333333
0 0.125 0.521875 0.1375 0.53125
0 0.33671875 0.5020833333333333 0.0515625 0.2