0 0.203125 0.496875 0.05 0.17291666666666666
0 0.51484375 0.515625 0.0578125 0.19375
0 0.453125 0.5104166666666666 0.059375 0.2
0 0.10078125 0.5416666666666666 0.1484375 0.5916666666666667
0 0.6953125 0.53125 0.184375 0.6125
0 0.3390625 0.5510416666666667 0.140625 0.5020833333333333
0 0.33203125 0.5020833333333333 0.0515625 0.2
0 0.203125 0.496875 0.05 0.17291666666666666
0 0.51484375 0.515625 0.0578125 0.19375
0 0.453125 0.5104166666666666 0.059375 0.2
0 0.10078125 0.5416666666666666 0.1484375 0.5916666666666667
0 0.6953125 0.53125 0.184375 0.6125
0 0.3390625 0.5510416666666667 0.140625 0.5020833333333333
0 0.33203125 0.5020833333333333 0.0515625 0.2