0 0.2 0.4979166666666667 0.05 0.175
0 0.5109375 0.5166666666666667 0.05625 0.19166666666666668
0 0.45 0.5114583333333333 0.059375 0.19791666666666666
0 0.08828125 0.5416666666666666 0.1546875 0.6166666666666667
0 0.33359375 0.55 0.1453125 0.525
0 0.71328125 0.5385416666666667 0.2015625 0.6395833333333333
0 0.32734375 0.5020833333333333 0.0515625 0.2
0 0.2 0.4979166666666667 0.05 0.175
0 0.5109375 0.5166666666666667 0.05625 0.19166666666666668
0 0.45 0.5114583333333333 0.059375 0.19791666666666666
0 0.08828125 0.5416666666666666 0.1546875 0.6166666666666667
0 0.33359375 0.55 0.1453125 0.525
0 0.71328125 0.5385416666666667 0.2015625 0.6395833333333333
0 0.32734375 0.5020833333333333 0.0515625 0.2