0 0.18984375 0.49270833333333336 0.0515625 0.18125
0 0.4421875 0.5052083333333334 0.05625 0.19791666666666666
0 0.50234375 0.5104166666666666 0.0546875 0.19166666666666668
0 0.07265625 0.5333333333333333 0.1453125 0.6541666666666667
0 0.7359375 0.5458333333333333 0.21875 0.6916666666666667
0 0.31953125 0.54375 0.1546875 0.5541666666666667
0 0.32265625 0.5020833333333333 0.0515625 0.2
0 0.18984375 0.49270833333333336 0.0515625 0.18125
0 0.4421875 0.5052083333333334 0.05625 0.19791666666666666
0 0.50234375 0.5104166666666666 0.0546875 0.19166666666666668
0 0.07265625 0.5333333333333333 0.1453125 0.6541666666666667
0 0.7359375 0.5458333333333333 0.21875 0.6916666666666667
0 0.31953125 0.54375 0.1546875 0.5541666666666667
0 0.32265625 0.5020833333333333 0.0515625 0.2