0 0.03671875 0.515625 0.0734375 0.70625
0 0.32578125 0.50625 0.0484375 0.19166666666666668
0 0.16328125 0.49583333333333335 0.0546875 0.1875
0 0.48046875 0.5145833333333333 0.0546875 0.19166666666666668
0 0.4203125 0.5114583333333333 0.05625 0.19791666666666666
0 0.28203125 0.5697916666666667 0.1796875 0.65625
0 0.784375 0.5583333333333333 0.23125 0.8416666666666667
0 0.03671875 0.515625 0.0734375 0.70625
0 0.32578125 0.50625 0.0484375 0.19166666666666668
0 0.16328125 0.49583333333333335 0.0546875 0.1875
0 0.48046875 0.5145833333333333 0.0546875 0.19166666666666668
0 0.4203125 0.5114583333333333 0.05625 0.19791666666666666
0 0.28203125 0.5697916666666667 0.1796875 0.65625
0 0.784375 0.5583333333333333 0.23125 0.8416666666666667