0 0.3109375 0.5052083333333334 0.05 0.18958333333333333
0 0.1421875 0.49375 0.05625 0.19583333333333333
0 0.46484375 0.5135416666666667 0.0546875 0.19375
0 0.4046875 0.5104166666666666 0.05625 0.19583333333333333
0 0.828125 0.540625 0.253125 0.8979166666666667
0 0.2515625 0.5864583333333333 0.19375 0.73125
0 0.3109375 0.5052083333333334 0.05 0.18958333333333333
0 0.1421875 0.49375 0.05625 0.19583333333333333
0 0.46484375 0.5135416666666667 0.0546875 0.19375
0 0.4046875 0.5104166666666666 0.05625 0.19583333333333333
0 0.828125 0.540625 0.253125 0.8979166666666667
0 0.2515625 0.5864583333333333 0.19375 0.73125