0 0.1171875 0.5 0.059375 0.20833333333333334
0 0.29140625 0.51875 0.0515625 0.1875
0 0.38203125 0.5125 0.0578125 0.2
0 0.4421875 0.5197916666666667 0.053125 0.18958333333333333
0 0.001346435546875 0.0011371527777777777 0.00042236328125 0.002065972222222222
0 0.00032470703125 0.0012543402777777776 0.00033203124999999997 0.00171875
0 0.1171875 0.5 0.059375 0.20833333333333334
0 0.29140625 0.51875 0.0515625 0.1875
0 0.38203125 0.5125 0.0578125 0.2
0 0.4421875 0.5197916666666667 0.053125 0.18958333333333333
0 0.001346435546875 0.0011371527777777777 0.00042236328125 0.002065972222222222
0 0.00032470703125 0.0012543402777777776 0.00033203124999999997 0.00171875