0 0.1328125 0.49270833333333336 0.040625 0.12708333333333333
0 0.2125 0.4947916666666667 0.053125 0.19375
0 0.3 0.49895833333333334 0.059375 0.20625
0 0.36875 0.5020833333333333 0.05625 0.2
0 0.16640625 0.496875 0.0328125 0.11458333333333333
0 0.02734375 0.4895833333333333 0.0546875 0.2375
0 0.1328125 0.49270833333333336 0.040625 0.12708333333333333
0 0.2125 0.4947916666666667 0.053125 0.19375
0 0.3 0.49895833333333334 0.059375 0.20625
0 0.36875 0.5020833333333333 0.05625 0.2
0 0.16640625 0.496875 0.0328125 0.11458333333333333
0 0.02734375 0.4895833333333333 0.0546875 0.2375