0 0.159375 0.4947916666666667 0.034375 0.11875
0 0.02109375 0.49166666666666664 0.0421875 0.24166666666666667
0 0.125 0.48854166666666665 0.040625 0.12708333333333333
0 0.2046875 0.49270833333333336 0.053125 0.19791666666666666
0 0.290625 0.4979166666666667 0.059375 0.20833333333333334
0 0.3609375 0.5 0.05625 0.2
0 0.159375 0.4947916666666667 0.034375 0.11875
0 0.02109375 0.49166666666666664 0.0421875 0.24166666666666667
0 0.125 0.48854166666666665 0.040625 0.12708333333333333
0 0.2046875 0.49270833333333336 0.053125 0.19791666666666666
0 0.290625 0.4979166666666667 0.059375 0.20833333333333334
0 0.3609375 0.5 0.05625 0.2