0 0.940625 0.4979166666666667 0.06875 0.2375
0 0.240625 0.484375 0.053125 0.19375
0 0.28125 0.47291666666666665 0.05625 0.2125
0 0.3921875 0.4822916666666667 0.08125 0.24375
0 0.87265625 0.5125 0.1015625 0.3
0 0.74765625 0.49375 0.0609375 0.2
0 0.67109375 0.4864583333333333 0.0296875 0.09791666666666667
0 0.940625 0.4979166666666667 0.06875 0.2375
0 0.240625 0.484375 0.053125 0.19375
0 0.28125 0.47291666666666665 0.05625 0.2125
0 0.3921875 0.4822916666666667 0.08125 0.24375
0 0.87265625 0.5125 0.1015625 0.3
0 0.74765625 0.49375 0.0609375 0.2
0 0.67109375 0.4864583333333333 0.0296875 0.09791666666666667