0 0.2203125 0.5052083333333334 0.034375 0.12708333333333333
0 0.18125 0.49583333333333335 0.046875 0.15
0 0.259375 0.496875 0.046875 0.18125
0 0.31484375 0.4979166666666667 0.0609375 0.21666666666666667
0 0.40078125 0.503125 0.0609375 0.20208333333333334
0 0.025 0.49166666666666664 0.05 0.3125
0 0.2203125 0.5052083333333334 0.034375 0.12708333333333333
0 0.18125 0.49583333333333335 0.046875 0.15
0 0.259375 0.496875 0.046875 0.18125
0 0.31484375 0.4979166666666667 0.0609375 0.21666666666666667
0 0.40078125 0.503125 0.0609375 0.20208333333333334
0 0.025 0.49166666666666664 0.05 0.3125