0 0.0265625 0.4947916666666667 0.053125 0.3145833333333333
0 0.2265625 0.5041666666666667 0.034375 0.12916666666666668
0 0.18828125 0.4947916666666667 0.0453125 0.14791666666666667
0 0.26640625 0.496875 0.0453125 0.18125
0 0.32109375 0.49895833333333334 0.0609375 0.21875
0 0.40625 0.5052083333333334 0.059375 0.20208333333333334
0 0.0265625 0.4947916666666667 0.053125 0.3145833333333333
0 0.2265625 0.5041666666666667 0.034375 0.12916666666666668
0 0.18828125 0.4947916666666667 0.0453125 0.14791666666666667
0 0.26640625 0.496875 0.0453125 0.18125
0 0.32109375 0.49895833333333334 0.0609375 0.21875
0 0.40625 0.5052083333333334 0.059375 0.20208333333333334