0 0.2359375 0.50625 0.034375 0.12916666666666668
0 0.0265625 0.496875 0.053125 0.31875
0 0.27578125 0.4979166666666667 0.0453125 0.17916666666666667
0 0.19765625 0.49583333333333335 0.0453125 0.15
0 0.3296875 0.5020833333333333 0.059375 0.2125
0 0.41484375 0.50625 0.0609375 0.20416666666666666
0 0.2359375 0.50625 0.034375 0.12916666666666668
0 0.0265625 0.496875 0.053125 0.31875
0 0.27578125 0.4979166666666667 0.0453125 0.17916666666666667
0 0.19765625 0.49583333333333335 0.0453125 0.15
0 0.3296875 0.5020833333333333 0.059375 0.2125
0 0.41484375 0.50625 0.0609375 0.20416666666666666