0 0.68671875 0.4875 0.0296875 0.09583333333333334
0 0.96328125 0.4979166666666667 0.0609375 0.24583333333333332
0 0.25390625 0.4864583333333333 0.0515625 0.19791666666666666
0 0.915625 0.5114583333333333 0.0875 0.31875
0 0.29375 0.4739583333333333 0.059375 0.21875
0 0.76328125 0.49375 0.0640625 0.20416666666666666
0 0.39921875 0.484375 0.0859375 0.24791666666666667
0 0.68671875 0.4875 0.0296875 0.09583333333333334
0 0.96328125 0.4979166666666667 0.0609375 0.24583333333333332
0 0.25390625 0.4864583333333333 0.0515625 0.19791666666666666
0 0.915625 0.5114583333333333 0.0875 0.31875
0 0.29375 0.4739583333333333 0.059375 0.21875
0 0.76328125 0.49375 0.0640625 0.20416666666666666
0 0.39921875 0.484375 0.0859375 0.24791666666666667