0 0.028125 0.49375 0.05625 0.32916666666666666
0 0.2453125 0.5041666666666667 0.034375 0.12916666666666668
0 0.20546875 0.49270833333333336 0.0453125 0.14791666666666667
0 0.28515625 0.49270833333333336 0.0453125 0.18125
0 0.3375 0.4979166666666667 0.059375 0.2125
0 0.421875 0.5020833333333333 0.059375 0.20416666666666666
0 0.028125 0.49375 0.05625 0.32916666666666666
0 0.2453125 0.5041666666666667 0.034375 0.12916666666666668
0 0.20546875 0.49270833333333336 0.0453125 0.14791666666666667
0 0.28515625 0.49270833333333336 0.0453125 0.18125
0 0.3375 0.4979166666666667 0.059375 0.2125
0 0.421875 0.5020833333333333 0.059375 0.20416666666666666