0 0.0265625 0.490625 0.053125 0.32708333333333334
0 0.24921875 0.5052083333333334 0.0359375 0.13125
0 0.28984375 0.49375 0.0453125 0.17916666666666667
0 0.20859375 0.4947916666666667 0.0484375 0.15208333333333332
0 0.340625 0.49895833333333334 0.059375 0.21458333333333332
0 0.42265625 0.503125 0.0609375 0.20208333333333334
0 0.0265625 0.490625 0.053125 0.32708333333333334
0 0.24921875 0.5052083333333334 0.0359375 0.13125
0 0.28984375 0.49375 0.0453125 0.17916666666666667
0 0.20859375 0.4947916666666667 0.0484375 0.15208333333333332
0 0.340625 0.49895833333333334 0.059375 0.21458333333333332
0 0.42265625 0.503125 0.0609375 0.20208333333333334