0 0.02734375 0.4895833333333333 0.0546875 0.3416666666666667
0 0.2546875 0.50625 0.034375 0.12916666666666668
0 0.21640625 0.4947916666666667 0.0484375 0.15208333333333332
0 0.2953125 0.49583333333333335 0.046875 0.17916666666666667
0 0.428125 0.503125 0.0625 0.20208333333333334
0 0.3453125 0.49895833333333334 0.059375 0.21875
0 0.02734375 0.4895833333333333 0.0546875 0.3416666666666667
0 0.2546875 0.50625 0.034375 0.12916666666666668
0 0.21640625 0.4947916666666667 0.0484375 0.15208333333333332
0 0.2953125 0.49583333333333335 0.046875 0.17916666666666667
0 0.428125 0.503125 0.0625 0.20208333333333334
0 0.3453125 0.49895833333333334 0.059375 0.21875