0 0.03125 0.49375 0.0625 0.3625
0 0.26953125 0.5052083333333334 0.0359375 0.13541666666666666
0 0.3109375 0.49583333333333335 0.04375 0.175
0 0.23046875 0.49583333333333335 0.0484375 0.15416666666666667
0 0.44140625 0.503125 0.0609375 0.20208333333333334
0 0.3578125 0.4979166666666667 0.059375 0.21666666666666667
0 0.03125 0.49375 0.0625 0.3625
0 0.26953125 0.5052083333333334 0.0359375 0.13541666666666666
0 0.3109375 0.49583333333333335 0.04375 0.175
0 0.23046875 0.49583333333333335 0.0484375 0.15416666666666667
0 0.44140625 0.503125 0.0609375 0.20208333333333334
0 0.3578125 0.4979166666666667 0.059375 0.21666666666666667