0 0.0359375 0.496875 0.071875 0.3729166666666667
0 0.278125 0.5072916666666667 0.0375 0.13958333333333334
0 0.32265625 0.4979166666666667 0.0421875 0.175
0 0.36796875 0.49895833333333334 0.0609375 0.21458333333333332
0 0.45 0.5052083333333334 0.059375 0.20208333333333334
0 0.240625 0.49895833333333334 0.05 0.15625
0 0.0359375 0.496875 0.071875 0.3729166666666667
0 0.278125 0.5072916666666667 0.0375 0.13958333333333334
0 0.32265625 0.4979166666666667 0.0421875 0.175
0 0.36796875 0.49895833333333334 0.0609375 0.21458333333333332
0 0.45 0.5052083333333334 0.059375 0.20208333333333334
0 0.240625 0.49895833333333334 0.05 0.15625