0 0.2953125 0.5125 0.0375 0.1375
0 0.0421875 0.503125 0.084375 0.3770833333333333
0 0.25703125 0.5020833333333333 0.0515625 0.15833333333333333
0 0.340625 0.5010416666666667 0.040625 0.17291666666666666
0 0.46640625 0.5104166666666666 0.0546875 0.20416666666666666
0 0.38359375 0.5041666666666667 0.0609375 0.2125
0 0.2953125 0.5125 0.0375 0.1375
0 0.0421875 0.503125 0.084375 0.3770833333333333
0 0.25703125 0.5020833333333333 0.0515625 0.15833333333333333
0 0.340625 0.5010416666666667 0.040625 0.17291666666666666
0 0.46640625 0.5104166666666666 0.0546875 0.20416666666666666
0 0.38359375 0.5041666666666667 0.0609375 0.2125