0 0.31171875 0.5125 0.0390625 0.1375
0 0.27265625 0.49895833333333334 0.0515625 0.16041666666666668
0 0.04765625 0.5052083333333334 0.0953125 0.3854166666666667
0 0.35703125 0.49895833333333334 0.0421875 0.17291666666666666
0 0.4 0.5041666666666667 0.059375 0.2125
0 0.48359375 0.5083333333333333 0.0578125 0.20416666666666666
0 0.31171875 0.5125 0.0390625 0.1375
0 0.27265625 0.49895833333333334 0.0515625 0.16041666666666668
0 0.04765625 0.5052083333333334 0.0953125 0.3854166666666667
0 0.35703125 0.49895833333333334 0.0421875 0.17291666666666666
0 0.4 0.5041666666666667 0.059375 0.2125
0 0.48359375 0.5083333333333333 0.0578125 0.20416666666666666