0 0.325 0.5114583333333333 0.0375 0.13541666666666666
0 0.37109375 0.4979166666666667 0.0421875 0.175
0 0.2859375 0.4979166666666667 0.053125 0.1625
0 0.49609375 0.50625 0.0578125 0.20416666666666666
0 0.41328125 0.503125 0.0578125 0.21041666666666667
0 0.05234375 0.5041666666666667 0.1046875 0.3875
0 0.325 0.5114583333333333 0.0375 0.13541666666666666
0 0.37109375 0.4979166666666667 0.0421875 0.175
0 0.2859375 0.4979166666666667 0.053125 0.1625
0 0.49609375 0.50625 0.0578125 0.20416666666666666
0 0.41328125 0.503125 0.0578125 0.21041666666666667
0 0.05234375 0.5041666666666667 0.1046875 0.3875