0 0.3484375 0.5114583333333333 0.0375 0.13958333333333334
0 0.39609375 0.49583333333333335 0.0421875 0.17083333333333334
0 0.3078125 0.4979166666666667 0.053125 0.1625
0 0.51875 0.503125 0.059375 0.20208333333333334
0 0.4375 0.5 0.059375 0.2125
0 0.06015625 0.5010416666666667 0.1203125 0.39791666666666664
0 0.125 0.48020833333333335 0.04375 0.14375
0 0.3484375 0.5114583333333333 0.0375 0.13958333333333334
0 0.39609375 0.49583333333333335 0.0421875 0.17083333333333334
0 0.3078125 0.4979166666666667 0.053125 0.1625
0 0.51875 0.503125 0.059375 0.20208333333333334
0 0.4375 0.5 0.059375 0.2125
0 0.06015625 0.5010416666666667 0.1203125 0.39791666666666664
0 0.125 0.48020833333333335 0.04375 0.14375