0 0.359375 0.5041666666666667 0.0375 0.14166666666666666
0 0.1359375 0.475 0.040625 0.14166666666666666
0 0.53046875 0.4979166666666667 0.0578125 0.20416666666666666
0 0.4078125 0.490625 0.040625 0.16875
0 0.3203125 0.49375 0.053125 0.1625
0 0.44921875 0.49583333333333335 0.0609375 0.2125
0 0.06640625 0.49375 0.1171875 0.3958333333333333
0 0.359375 0.5041666666666667 0.0375 0.14166666666666666
0 0.1359375 0.475 0.040625 0.14166666666666666
0 0.53046875 0.4979166666666667 0.0578125 0.20416666666666666
0 0.4078125 0.490625 0.040625 0.16875
0 0.3203125 0.49375 0.053125 0.1625
0 0.44921875 0.49583333333333335 0.0609375 0.2125
0 0.06640625 0.49375 0.1171875 0.3958333333333333