0 0.2640625 0.49375 0.053125 0.2
0 0.95390625 0.5166666666666667 0.0828125 0.3333333333333333
0 0.303125 0.48020833333333335 0.059375 0.22291666666666668
0 0.40234375 0.49270833333333336 0.0859375 0.25625
0 0.775 0.4979166666666667 0.065625 0.20833333333333334
0 0.96953125 0.4979166666666667 0.0609375 0.24583333333333332
0 0.69296875 0.490625 0.0296875 0.09375
0 0.2640625 0.49375 0.053125 0.2
0 0.95390625 0.5166666666666667 0.0828125 0.3333333333333333
0 0.303125 0.48020833333333335 0.059375 0.22291666666666668
0 0.40234375 0.49270833333333336 0.0859375 0.25625
0 0.775 0.4979166666666667 0.065625 0.20833333333333334
0 0.96953125 0.4979166666666667 0.0609375 0.24583333333333332
0 0.69296875 0.490625 0.0296875 0.09375