0 0.3734375 0.5083333333333333 0.040625 0.14166666666666666
0 0.1515625 0.47604166666666664 0.04375 0.14375
0 0.33203125 0.496875 0.0515625 0.16458333333333333
0 0.421875 0.4947916666666667 0.040625 0.16458333333333333
0 0.54375 0.5010416666666667 0.059375 0.20625
0 0.4640625 0.49583333333333335 0.059375 0.2125
0 0.07578125 0.49166666666666664 0.1171875 0.4125
0 0.0203125 0.4822916666666667 0.040625 0.3854166666666667
0 0.3734375 0.5083333333333333 0.040625 0.14166666666666666
0 0.1515625 0.47604166666666664 0.04375 0.14375
0 0.33203125 0.496875 0.0515625 0.16458333333333333
0 0.421875 0.4947916666666667 0.040625 0.16458333333333333
0 0.54375 0.5010416666666667 0.059375 0.20625
0 0.4640625 0.49583333333333335 0.059375 0.2125
0 0.07578125 0.49166666666666664 0.1171875 0.4125
0 0.0203125 0.4822916666666667 0.040625 0.3854166666666667