0 0.03203125 0.48333333333333334 0.0640625 0.3958333333333333
0 0.38671875 0.5083333333333333 0.0421875 0.14583333333333334
0 0.165625 0.47604166666666664 0.04375 0.14791666666666667
0 0.434375 0.4947916666666667 0.04375 0.16875
0 0.34375 0.4979166666666667 0.053125 0.17083333333333334
0 0.55546875 0.5041666666666667 0.0609375 0.20416666666666666
0 0.47734375 0.496875 0.0578125 0.21458333333333332
0 0.07734375 0.490625 0.1265625 0.4270833333333333
0 0.03203125 0.48333333333333334 0.0640625 0.3958333333333333
0 0.38671875 0.5083333333333333 0.0421875 0.14583333333333334
0 0.165625 0.47604166666666664 0.04375 0.14791666666666667
0 0.434375 0.4947916666666667 0.04375 0.16875
0 0.34375 0.4979166666666667 0.053125 0.17083333333333334
0 0.55546875 0.5041666666666667 0.0609375 0.20416666666666666
0 0.47734375 0.496875 0.0578125 0.21458333333333332
0 0.07734375 0.490625 0.1265625 0.4270833333333333