0 0.03671875 0.4822916666666667 0.0734375 0.39375
0 0.44375 0.49375 0.04375 0.17083333333333334
0 0.1765625 0.478125 0.04375 0.14375
0 0.396875 0.5104166666666666 0.04375 0.15
0 0.56484375 0.5052083333333334 0.0609375 0.20625
0 0.3515625 0.496875 0.05625 0.17291666666666666
0 0.4875 0.496875 0.059375 0.21458333333333332
0 0.07421875 0.49583333333333335 0.1390625 0.44166666666666665
0 0.03671875 0.4822916666666667 0.0734375 0.39375
0 0.44375 0.49375 0.04375 0.17083333333333334
0 0.1765625 0.478125 0.04375 0.14375
0 0.396875 0.5104166666666666 0.04375 0.15
0 0.56484375 0.5052083333333334 0.0609375 0.20625
0 0.3515625 0.496875 0.05625 0.17291666666666666
0 0.4875 0.496875 0.059375 0.21458333333333332
0 0.07421875 0.49583333333333335 0.1390625 0.44166666666666665