0 0.4578125 0.5041666666666667 0.04375 0.16666666666666666
0 0.1890625 0.4875 0.04375 0.14583333333333334
0 0.409375 0.5208333333333334 0.04375 0.15
0 0.575 0.5145833333333333 0.059375 0.20833333333333334
0 0.49921875 0.5072916666666667 0.0578125 0.21458333333333332
0 0.065625 0.515625 0.13125 0.47708333333333336
0 0.36171875 0.5052083333333334 0.0578125 0.17708333333333334
0 0.4578125 0.5041666666666667 0.04375 0.16666666666666666
0 0.1890625 0.4875 0.04375 0.14583333333333334
0 0.409375 0.5208333333333334 0.04375 0.15
0 0.575 0.5145833333333333 0.059375 0.20833333333333334
0 0.49921875 0.5072916666666667 0.0578125 0.21458333333333332
0 0.065625 0.515625 0.13125 0.47708333333333336
0 0.36171875 0.5052083333333334 0.0578125 0.17708333333333334