0 0.05703125 0.5 0.1140625 0.4791666666666667
0 0.4109375 0.5177083333333333 0.04375 0.15208333333333332
0 0.45859375 0.49895833333333334 0.0421875 0.16458333333333333
0 0.18828125 0.48333333333333334 0.0453125 0.14583333333333334
0 0.49921875 0.5020833333333333 0.0578125 0.2125
0 0.57421875 0.50625 0.0578125 0.20416666666666666
0 0.3609375 0.503125 0.05625 0.18125
0 0.05703125 0.5 0.1140625 0.4791666666666667
0 0.4109375 0.5177083333333333 0.04375 0.15208333333333332
0 0.45859375 0.49895833333333334 0.0421875 0.16458333333333333
0 0.18828125 0.48333333333333334 0.0453125 0.14583333333333334
0 0.49921875 0.5020833333333333 0.0578125 0.2125
0 0.57421875 0.50625 0.0578125 0.20416666666666666
0 0.3609375 0.503125 0.05625 0.18125