0 0.05 0.496875 0.1 0.5020833333333333
0 0.18125 0.4822916666666667 0.046875 0.14791666666666667
0 0.45390625 0.5 0.0421875 0.16666666666666666
0 0.40625 0.51875 0.046875 0.15833333333333333
0 0.56796875 0.5072916666666667 0.0609375 0.20625
0 0.35625 0.5041666666666667 0.059375 0.18333333333333332
0 0.49453125 0.5041666666666667 0.0578125 0.2125
0 0.05 0.496875 0.1 0.5020833333333333
0 0.18125 0.4822916666666667 0.046875 0.14791666666666667
0 0.45390625 0.5 0.0421875 0.16666666666666666
0 0.40625 0.51875 0.046875 0.15833333333333333
0 0.56796875 0.5072916666666667 0.0609375 0.20625
0 0.35625 0.5041666666666667 0.059375 0.18333333333333332
0 0.49453125 0.5041666666666667 0.0578125 0.2125