0 0.45234375 0.4979166666666667 0.0421875 0.16666666666666666
0 0.1765625 0.48020833333333335 0.05 0.14791666666666667
0 0.40546875 0.5177083333333333 0.0484375 0.16041666666666668
0 0.56484375 0.5041666666666667 0.0609375 0.20833333333333334
0 0.48984375 0.5 0.0578125 0.2125
0 0.353125 0.5020833333333333 0.059375 0.1875
0 0.0578125 0.5239583333333333 0.115625 0.8020833333333334
0 0.45234375 0.4979166666666667 0.0421875 0.16666666666666666
0 0.1765625 0.48020833333333335 0.05 0.14791666666666667
0 0.40546875 0.5177083333333333 0.0484375 0.16041666666666668
0 0.56484375 0.5041666666666667 0.0609375 0.20833333333333334
0 0.48984375 0.5 0.0578125 0.2125
0 0.353125 0.5020833333333333 0.059375 0.1875
0 0.0578125 0.5239583333333333 0.115625 0.8020833333333334