0 0.0546875 0.5145833333333333 0.109375 0.825
0 0.44921875 0.4895833333333333 0.0421875 0.16666666666666666
0 0.403125 0.509375 0.046875 0.16041666666666668
0 0.1703125 0.47604166666666664 0.05 0.14791666666666667
0 0.56015625 0.49895833333333334 0.0609375 0.20625
0 0.48359375 0.49270833333333336 0.0609375 0.21458333333333332
0 0.34765625 0.496875 0.0609375 0.18958333333333333
0 0.0546875 0.5145833333333333 0.109375 0.825
0 0.44921875 0.4895833333333333 0.0421875 0.16666666666666666
0 0.403125 0.509375 0.046875 0.16041666666666668
0 0.1703125 0.47604166666666664 0.05 0.14791666666666667
0 0.56015625 0.49895833333333334 0.0609375 0.20625
0 0.48359375 0.49270833333333336 0.0609375 0.21458333333333332
0 0.34765625 0.496875 0.0609375 0.18958333333333333