0 0.0546875 0.5135416666666667 0.109375 0.84375
0 0.44609375 0.490625 0.0421875 0.16458333333333333
0 0.4 0.5072916666666667 0.04375 0.16041666666666668
0 0.16484375 0.47604166666666664 0.0484375 0.15208333333333332
0 0.34296875 0.4979166666666667 0.0609375 0.19166666666666668
0 0.55625 0.5 0.059375 0.20833333333333334
0 0.47890625 0.49270833333333336 0.0609375 0.21458333333333332
0 0.0546875 0.5135416666666667 0.109375 0.84375
0 0.44609375 0.490625 0.0421875 0.16458333333333333
0 0.4 0.5072916666666667 0.04375 0.16041666666666668
0 0.16484375 0.47604166666666664 0.0484375 0.15208333333333332
0 0.34296875 0.4979166666666667 0.0609375 0.19166666666666668
0 0.55625 0.5 0.059375 0.20833333333333334
0 0.47890625 0.49270833333333336 0.0609375 0.21458333333333332