0 0.93984375 0.5020833333333333 0.0703125 0.21666666666666667
0 0.71015625 0.4864583333333333 0.0296875 0.09375
0 0.001527099609375 0.0010611979166666667 0.00011962890625000001 0.0006901041666666667
0 0.3109375 0.475 0.059375 0.225
0 0.2734375 0.48854166666666665 0.05625 0.20208333333333334
0 0.4015625 0.4864583333333333 0.08125 0.2604166666666667
0 0.7875 0.49166666666666664 0.065625 0.20833333333333334
0 0.93984375 0.5020833333333333 0.0703125 0.21666666666666667
0 0.71015625 0.4864583333333333 0.0296875 0.09375
0 0.001527099609375 0.0010611979166666667 0.00011962890625000001 0.0006901041666666667
0 0.3109375 0.475 0.059375 0.225
0 0.2734375 0.48854166666666665 0.05625 0.20208333333333334
0 0.4015625 0.4864583333333333 0.08125 0.2604166666666667
0 0.7875 0.49166666666666664 0.065625 0.20833333333333334