0 0.0609375 0.509375 0.121875 0.8604166666666667
0 0.440625 0.490625 0.040625 0.16458333333333333
0 0.39609375 0.509375 0.0453125 0.16458333333333333
0 0.15546875 0.4739583333333333 0.0484375 0.15208333333333332
0 0.4734375 0.49270833333333336 0.0625 0.21875
0 0.3359375 0.49375 0.0625 0.19583333333333333
0 0.55 0.5010416666666667 0.059375 0.20625
0 0.0609375 0.509375 0.121875 0.8604166666666667
0 0.440625 0.490625 0.040625 0.16458333333333333
0 0.39609375 0.509375 0.0453125 0.16458333333333333
0 0.15546875 0.4739583333333333 0.0484375 0.15208333333333332
0 0.4734375 0.49270833333333336 0.0625 0.21875
0 0.3359375 0.49375 0.0625 0.19583333333333333
0 0.55 0.5010416666666667 0.059375 0.20625