0 0.43671875 0.49375 0.0390625 0.1625
0 0.38984375 0.515625 0.0453125 0.17291666666666666
0 0.14765625 0.47708333333333336 0.0484375 0.15416666666666667
0 0.5453125 0.5041666666666667 0.059375 0.20833333333333334
0 0.46953125 0.496875 0.0609375 0.21458333333333332
0 0.328125 0.496875 0.065625 0.20208333333333334
0 0.059375 0.509375 0.11875 0.8604166666666667
0 0.43671875 0.49375 0.0390625 0.1625
0 0.38984375 0.515625 0.0453125 0.17291666666666666
0 0.14765625 0.47708333333333336 0.0484375 0.15416666666666667
0 0.5453125 0.5041666666666667 0.059375 0.20833333333333334
0 0.46953125 0.496875 0.0609375 0.21458333333333332
0 0.328125 0.496875 0.065625 0.20208333333333334
0 0.059375 0.509375 0.11875 0.8604166666666667