0 0.43671875 0.49375 0.0390625 0.1625
0 0.38984375 0.5145833333333333 0.0453125 0.17083333333333334
0 0.14609375 0.475 0.0484375 0.15416666666666667
0 0.54609375 0.5 0.0578125 0.20833333333333334
0 0.46953125 0.496875 0.0609375 0.21458333333333332
0 0.32734375 0.4979166666666667 0.0671875 0.20416666666666666
0 0.06171875 0.515625 0.1234375 0.8604166666666667
0 0.43671875 0.49375 0.0390625 0.1625
0 0.38984375 0.5145833333333333 0.0453125 0.17083333333333334
0 0.14609375 0.475 0.0484375 0.15416666666666667
0 0.54609375 0.5 0.0578125 0.20833333333333334
0 0.46953125 0.496875 0.0609375 0.21458333333333332
0 0.32734375 0.4979166666666667 0.0671875 0.20416666666666666
0 0.06171875 0.515625 0.1234375 0.8604166666666667