0 0.06953125 0.509375 0.1390625 0.8354166666666667
0 0.14375 0.48125 0.046875 0.15833333333333333
0 0.390625 0.521875 0.046875 0.17708333333333334
0 0.43671875 0.49895833333333334 0.0421875 0.16458333333333333
0 0.54609375 0.5041666666666667 0.0578125 0.20833333333333334
0 0.4703125 0.5020833333333333 0.059375 0.2125
0 0.32421875 0.5041666666666667 0.0703125 0.20416666666666666
0 0.06953125 0.509375 0.1390625 0.8354166666666667
0 0.14375 0.48125 0.046875 0.15833333333333333
0 0.390625 0.521875 0.046875 0.17708333333333334
0 0.43671875 0.49895833333333334 0.0421875 0.16458333333333333
0 0.54609375 0.5041666666666667 0.0578125 0.20833333333333334
0 0.4703125 0.5020833333333333 0.059375 0.2125
0 0.32421875 0.5041666666666667 0.0703125 0.20416666666666666