0 0.07265625 0.515625 0.1453125 0.8229166666666666
0 0.43671875 0.496875 0.0421875 0.16458333333333333
0 0.140625 0.48020833333333335 0.046875 0.16041666666666668
0 0.38828125 0.521875 0.0484375 0.18125
0 0.5453125 0.5041666666666667 0.059375 0.20833333333333334
0 0.47109375 0.5 0.0609375 0.2125
0 0.31953125 0.5052083333333334 0.0734375 0.21041666666666667
0 0.07265625 0.515625 0.1453125 0.8229166666666666
0 0.43671875 0.496875 0.0421875 0.16458333333333333
0 0.140625 0.48020833333333335 0.046875 0.16041666666666668
0 0.38828125 0.521875 0.0484375 0.18125
0 0.5453125 0.5041666666666667 0.059375 0.20833333333333334
0 0.47109375 0.5 0.0609375 0.2125
0 0.31953125 0.5052083333333334 0.0734375 0.21041666666666667