0 0.07890625 0.5177083333333333 0.1578125 0.8270833333333333
0 0.13515625 0.48020833333333335 0.0453125 0.16041666666666668
0 0.4328125 0.49583333333333335 0.04375 0.16666666666666666
0 0.38359375 0.5197916666666667 0.0515625 0.18125
0 0.5421875 0.503125 0.059375 0.21041666666666667
0 0.46796875 0.49895833333333334 0.0609375 0.21458333333333332
0 0.31484375 0.5052083333333334 0.0734375 0.21458333333333332
0 0.07890625 0.5177083333333333 0.1578125 0.8270833333333333
0 0.13515625 0.48020833333333335 0.0453125 0.16041666666666668
0 0.4328125 0.49583333333333335 0.04375 0.16666666666666666
0 0.38359375 0.5197916666666667 0.0515625 0.18125
0 0.5421875 0.503125 0.059375 0.21041666666666667
0 0.46796875 0.49895833333333334 0.0609375 0.21458333333333332
0 0.31484375 0.5052083333333334 0.0734375 0.21458333333333332