0 0.08359375 0.5229166666666667 0.1671875 0.85
0 0.43828125 0.49375 0.0421875 0.1625
0 0.38515625 0.5177083333333333 0.0546875 0.18541666666666667
0 0.4734375 0.496875 0.059375 0.21458333333333332
0 0.5453125 0.5020833333333333 0.059375 0.20833333333333334
0 0.315625 0.5010416666666667 0.071875 0.21875
0 0.08359375 0.5229166666666667 0.1671875 0.85
0 0.43828125 0.49375 0.0421875 0.1625
0 0.38515625 0.5177083333333333 0.0546875 0.18541666666666667
0 0.4734375 0.496875 0.059375 0.21458333333333332
0 0.5453125 0.5020833333333333 0.059375 0.20833333333333334
0 0.315625 0.5010416666666667 0.071875 0.21875