0 0.44609375 0.4947916666666667 0.0421875 0.16041666666666668
0 0.090625 0.5260416666666666 0.18125 0.86875
0 0.38984375 0.5166666666666667 0.0578125 0.19166666666666668
0 0.55234375 0.5020833333333333 0.0578125 0.20833333333333334
0 0.4796875 0.49375 0.059375 0.21666666666666667
0 0.321875 0.4979166666666667 0.071875 0.22916666666666666
0 0.44609375 0.4947916666666667 0.0421875 0.16041666666666668
0 0.090625 0.5260416666666666 0.18125 0.86875
0 0.38984375 0.5166666666666667 0.0578125 0.19166666666666668
0 0.55234375 0.5020833333333333 0.0578125 0.20833333333333334
0 0.4796875 0.49375 0.059375 0.21666666666666667
0 0.321875 0.4979166666666667 0.071875 0.22916666666666666