0 0.45234375 0.49375 0.0421875 0.15833333333333333
0 0.3984375 0.51875 0.053125 0.19583333333333333
0 0.09609375 0.528125 0.1921875 0.86875
0 0.32578125 0.49895833333333334 0.0734375 0.23541666666666666
0 0.55546875 0.5020833333333333 0.0578125 0.20833333333333334
0 0.4859375 0.49375 0.059375 0.21666666666666667
0 0.45234375 0.49375 0.0421875 0.15833333333333333
0 0.3984375 0.51875 0.053125 0.19583333333333333
0 0.09609375 0.528125 0.1921875 0.86875
0 0.32578125 0.49895833333333334 0.0734375 0.23541666666666666
0 0.55546875 0.5020833333333333 0.0578125 0.20833333333333334
0 0.4859375 0.49375 0.059375 0.21666666666666667