0 0.45546875 0.49583333333333335 0.0390625 0.15833333333333333
0 0.39921875 0.525 0.0515625 0.2
0 0.1 0.5302083333333333 0.2 0.8645833333333334
0 0.48828125 0.4979166666666667 0.0578125 0.21666666666666667
0 0.328125 0.5020833333333333 0.071875 0.2375
0 0.55703125 0.503125 0.0578125 0.21041666666666667
0 0.45546875 0.49583333333333335 0.0390625 0.15833333333333333
0 0.39921875 0.525 0.0515625 0.2
0 0.1 0.5302083333333333 0.2 0.8645833333333334
0 0.48828125 0.4979166666666667 0.0578125 0.21666666666666667
0 0.328125 0.5020833333333333 0.071875 0.2375
0 0.55703125 0.503125 0.0578125 0.21041666666666667