0 0.45859375 0.4947916666666667 0.0390625 0.16041666666666668
0 0.12109375 0.5333333333333333 0.2421875 0.8583333333333333
0 0.40234375 0.5260416666666666 0.0546875 0.20208333333333334
0 0.48984375 0.49895833333333334 0.0578125 0.21458333333333332
0 0.55859375 0.503125 0.0609375 0.21041666666666667
0 0.33203125 0.5041666666666667 0.0734375 0.24166666666666667
0 0.45859375 0.4947916666666667 0.0390625 0.16041666666666668
0 0.12109375 0.5333333333333333 0.2421875 0.8583333333333333
0 0.40234375 0.5260416666666666 0.0546875 0.20208333333333334
0 0.48984375 0.49895833333333334 0.0578125 0.21458333333333332
0 0.55859375 0.503125 0.0609375 0.21041666666666667
0 0.33203125 0.5041666666666667 0.0734375 0.24166666666666667