0 0.46484375 0.4895833333333333 0.0390625 0.15833333333333333
0 0.12734375 0.5395833333333333 0.2546875 0.8541666666666666
0 0.40859375 0.5208333333333334 0.0546875 0.21666666666666667
0 0.5640625 0.49895833333333334 0.0625 0.21041666666666667
0 0.49296875 0.49583333333333335 0.0578125 0.21666666666666667
0 0.33671875 0.5010416666666667 0.0765625 0.24791666666666667
0 0.06640625 0.478125 0.1046875 0.36041666666666666
0 0.46484375 0.4895833333333333 0.0390625 0.15833333333333333
0 0.12734375 0.5395833333333333 0.2546875 0.8541666666666666
0 0.40859375 0.5208333333333334 0.0546875 0.21666666666666667
0 0.5640625 0.49895833333333334 0.0625 0.21041666666666667
0 0.49296875 0.49583333333333335 0.0578125 0.21666666666666667
0 0.33671875 0.5010416666666667 0.0765625 0.24791666666666667
0 0.06640625 0.478125 0.1046875 0.36041666666666666