0 0.45546875 0.4979166666666667 0.0390625 0.15833333333333333
0 0.39609375 0.528125 0.0578125 0.22291666666666668
0 0.053125 0.48333333333333334 0.103125 0.3625
0 0.140625 0.534375 0.225 0.84375
0 0.553125 0.5083333333333333 0.0625 0.20833333333333334
0 0.4796875 0.5020833333333333 0.059375 0.21666666666666667
0 0.321875 0.50625 0.084375 0.2625
0 0.45546875 0.4979166666666667 0.0390625 0.15833333333333333
0 0.39609375 0.528125 0.0578125 0.22291666666666668
0 0.053125 0.48333333333333334 0.103125 0.3625
0 0.140625 0.534375 0.225 0.84375
0 0.553125 0.5083333333333333 0.0625 0.20833333333333334
0 0.4796875 0.5020833333333333 0.059375 0.21666666666666667
0 0.321875 0.50625 0.084375 0.2625