0 0.45 0.5 0.040625 0.15833333333333333
0 0.04921875 0.4875 0.0984375 0.36666666666666664
0 0.38828125 0.5302083333333333 0.0609375 0.22708333333333333
0 0.471875 0.5010416666666667 0.059375 0.21458333333333332
0 0.54765625 0.5083333333333333 0.0578125 0.20833333333333334
0 0.31171875 0.5052083333333334 0.0890625 0.26875
0 0.1515625 0.5333333333333333 0.203125 0.8541666666666666
0 0.45 0.5 0.040625 0.15833333333333333
0 0.04921875 0.4875 0.0984375 0.36666666666666664
0 0.38828125 0.5302083333333333 0.0609375 0.22708333333333333
0 0.471875 0.5010416666666667 0.059375 0.21458333333333332
0 0.54765625 0.5083333333333333 0.0578125 0.20833333333333334
0 0.31171875 0.5052083333333334 0.0890625 0.26875
0 0.1515625 0.5333333333333333 0.203125 0.8541666666666666