0 0.44609375 0.49895833333333334 0.0421875 0.16041666666666668
0 0.54296875 0.509375 0.0609375 0.21041666666666667
0 0.38125 0.534375 0.0625 0.23125
0 0.04921875 0.490625 0.0984375 0.3645833333333333
0 0.4671875 0.5020833333333333 0.059375 0.21666666666666667
0 0.16171875 0.54375 0.1953125 0.875
0 0.30390625 0.5104166666666666 0.0921875 0.2791666666666667
0 0.44609375 0.49895833333333334 0.0421875 0.16041666666666668
0 0.54296875 0.509375 0.0609375 0.21041666666666667
0 0.38125 0.534375 0.0625 0.23125
0 0.04921875 0.490625 0.0984375 0.3645833333333333
0 0.4671875 0.5020833333333333 0.059375 0.21666666666666667
0 0.16171875 0.54375 0.1953125 0.875
0 0.30390625 0.5104166666666666 0.0921875 0.2791666666666667