0 0.4484375 0.4979166666666667 0.040625 0.15833333333333333
0 0.46875 0.5020833333333333 0.059375 0.21666666666666667
0 0.5453125 0.5072916666666667 0.059375 0.21041666666666667
0 0.38046875 0.5395833333333333 0.0640625 0.2375
0 0.0515625 0.496875 0.103125 0.36041666666666666
0 0.16640625 0.5479166666666667 0.1984375 0.875
0 0.3046875 0.5135416666666667 0.090625 0.28541666666666665
0 0.4484375 0.4979166666666667 0.040625 0.15833333333333333
0 0.46875 0.5020833333333333 0.059375 0.21666666666666667
0 0.5453125 0.5072916666666667 0.059375 0.21041666666666667
0 0.38046875 0.5395833333333333 0.0640625 0.2375
0 0.0515625 0.496875 0.103125 0.36041666666666666
0 0.16640625 0.5479166666666667 0.1984375 0.875
0 0.3046875 0.5135416666666667 0.090625 0.28541666666666665