0 0.4484375 0.49895833333333334 0.040625 0.16041666666666668
0 0.16484375 0.553125 0.2046875 0.8645833333333334
0 0.47109375 0.5020833333333333 0.0578125 0.2125
0 0.0515625 0.496875 0.103125 0.35625
0 0.54765625 0.5052083333333334 0.0609375 0.21041666666666667
0 0.37734375 0.540625 0.0671875 0.24791666666666667
0 0.3046875 0.515625 0.0875 0.28958333333333336
0 0.4484375 0.49895833333333334 0.040625 0.16041666666666668
0 0.16484375 0.553125 0.2046875 0.8645833333333334
0 0.47109375 0.5020833333333333 0.0578125 0.2125
0 0.0515625 0.496875 0.103125 0.35625
0 0.54765625 0.5052083333333334 0.0609375 0.21041666666666667
0 0.37734375 0.540625 0.0671875 0.24791666666666667
0 0.3046875 0.515625 0.0875 0.28958333333333336