0 0.4484375 0.4979166666666667 0.040625 0.15833333333333333
0 0.4703125 0.5020833333333333 0.059375 0.2125
0 0.1640625 0.5520833333333334 0.215625 0.875
0 0.05 0.4947916666666667 0.1 0.35625
0 0.29921875 0.515625 0.0890625 0.29791666666666666
0 0.5453125 0.5052083333333334 0.0625 0.21041666666666667
0 0.37109375 0.5385416666666667 0.0734375 0.25625
0 0.4484375 0.4979166666666667 0.040625 0.15833333333333333
0 0.4703125 0.5020833333333333 0.059375 0.2125
0 0.1640625 0.5520833333333334 0.215625 0.875
0 0.05 0.4947916666666667 0.1 0.35625
0 0.29921875 0.515625 0.0890625 0.29791666666666666
0 0.5453125 0.5052083333333334 0.0625 0.21041666666666667
0 0.37109375 0.5385416666666667 0.0734375 0.25625