0 0.321875 0.48333333333333334 0.0625 0.23333333333333334
0 0.28515625 0.4979166666666667 0.0609375 0.21666666666666667
0 0.3859375 0.49895833333333334 0.08125 0.28125
0 0.803125 0.5041666666666667 0.06875 0.21666666666666667
0 0.7203125 0.4947916666666667 0.028125 0.09791666666666667
0 0.85078125 0.5010416666666667 0.0609375 0.21041666666666667
0 0.321875 0.48333333333333334 0.0625 0.23333333333333334
0 0.28515625 0.4979166666666667 0.0609375 0.21666666666666667
0 0.3859375 0.49895833333333334 0.08125 0.28125
0 0.803125 0.5041666666666667 0.06875 0.21666666666666667
0 0.7203125 0.4947916666666667 0.028125 0.09791666666666667
0 0.85078125 0.5010416666666667 0.0609375 0.21041666666666667