0 0.446875 0.49895833333333334 0.040625 0.15625
0 0.16953125 0.5541666666666667 0.2140625 0.8791666666666667
0 0.46875 0.5020833333333333 0.059375 0.2125
0 0.2953125 0.5145833333333333 0.090625 0.30833333333333335
0 0.54140625 0.5052083333333334 0.0609375 0.21041666666666667
0 0.05 0.49166666666666664 0.1 0.3541666666666667
0 0.36640625 0.5354166666666667 0.0765625 0.26666666666666666
0 0.446875 0.49895833333333334 0.040625 0.15625
0 0.16953125 0.5541666666666667 0.2140625 0.8791666666666667
0 0.46875 0.5020833333333333 0.059375 0.2125
0 0.2953125 0.5145833333333333 0.090625 0.30833333333333335
0 0.54140625 0.5052083333333334 0.0609375 0.21041666666666667
0 0.05 0.49166666666666664 0.1 0.3541666666666667
0 0.36640625 0.5354166666666667 0.0765625 0.26666666666666666