0 0.45234375 0.4947916666666667 0.0390625 0.15625
0 0.29609375 0.5104166666666666 0.0890625 0.31666666666666665
0 0.3703125 0.5333333333333333 0.071875 0.275
0 0.47421875 0.49895833333333334 0.0578125 0.21458333333333332
0 0.1921875 0.5385416666666667 0.19375 0.8645833333333334
0 0.54609375 0.5052083333333334 0.0578125 0.21041666666666667
0 0.05703125 0.4864583333333333 0.1015625 0.35208333333333336
0 0.1234375 0.48125 0.046875 0.175
0 0.45234375 0.4947916666666667 0.0390625 0.15625
0 0.29609375 0.5104166666666666 0.0890625 0.31666666666666665
0 0.3703125 0.5333333333333333 0.071875 0.275
0 0.47421875 0.49895833333333334 0.0578125 0.21458333333333332
0 0.1921875 0.5385416666666667 0.19375 0.8645833333333334
0 0.54609375 0.5052083333333334 0.0578125 0.21041666666666667
0 0.05703125 0.4864583333333333 0.1015625 0.35208333333333336
0 0.1234375 0.48125 0.046875 0.175