0 0.1265625 0.48541666666666666 0.046875 0.175
0 0.29765625 0.509375 0.0859375 0.31875
0 0.37265625 0.5354166666666667 0.0734375 0.2791666666666667
0 0.54921875 0.50625 0.0609375 0.20833333333333334
0 0.20703125 0.5375 0.1921875 0.8583333333333333
0 0.06328125 0.48854166666666665 0.1015625 0.35208333333333336
0 0.478125 0.5010416666666667 0.059375 0.21458333333333332
0 0.4546875 0.4947916666666667 0.040625 0.15625
0 0.1265625 0.48541666666666666 0.046875 0.175
0 0.29765625 0.509375 0.0859375 0.31875
0 0.37265625 0.5354166666666667 0.0734375 0.2791666666666667
0 0.54921875 0.50625 0.0609375 0.20833333333333334
0 0.20703125 0.5375 0.1921875 0.8583333333333333
0 0.06328125 0.48854166666666665 0.1015625 0.35208333333333336
0 0.478125 0.5010416666666667 0.059375 0.21458333333333332
0 0.4546875 0.4947916666666667 0.040625 0.15625