0 0.46328125 0.496875 0.0390625 0.15625
0 0.29921875 0.509375 0.0921875 0.34375
0 0.1296875 0.4875 0.046875 0.175
0 0.37265625 0.5395833333333333 0.0796875 0.2833333333333333
0 0.55390625 0.50625 0.0578125 0.20833333333333334
0 0.48515625 0.5010416666666667 0.0609375 0.21458333333333332
0 0.2203125 0.5375 0.2 0.8541666666666666
0 0.0703125 0.49375 0.1 0.3541666666666667
0 0.46328125 0.496875 0.0390625 0.15625
0 0.29921875 0.509375 0.0921875 0.34375
0 0.1296875 0.4875 0.046875 0.175
0 0.37265625 0.5395833333333333 0.0796875 0.2833333333333333
0 0.55390625 0.50625 0.0578125 0.20833333333333334
0 0.48515625 0.5010416666666667 0.0609375 0.21458333333333332
0 0.2203125 0.5375 0.2 0.8541666666666666
0 0.0703125 0.49375 0.1 0.3541666666666667