0 0.1328125 0.48541666666666666 0.046875 0.175
0 0.37734375 0.5447916666666667 0.0796875 0.29375
0 0.5578125 0.5052083333333334 0.059375 0.21041666666666667
0 0.240625 0.546875 0.2375 0.8604166666666667
0 0.078125 0.496875 0.1 0.34791666666666665
0 0.490625 0.5010416666666667 0.059375 0.21458333333333332
0 0.46640625 0.496875 0.0390625 0.15625
0 0.30078125 0.509375 0.0921875 0.34375
0 0.1328125 0.48541666666666666 0.046875 0.175
0 0.37734375 0.5447916666666667 0.0796875 0.29375
0 0.5578125 0.5052083333333334 0.059375 0.21041666666666667
0 0.240625 0.546875 0.2375 0.8604166666666667
0 0.078125 0.496875 0.1 0.34791666666666665
0 0.490625 0.5010416666666667 0.059375 0.21458333333333332
0 0.46640625 0.496875 0.0390625 0.15625
0 0.30078125 0.509375 0.0921875 0.34375