0 0.13828125 0.4895833333333333 0.0484375 0.175
0 0.38203125 0.5520833333333334 0.0765625 0.30833333333333335
0 0.5640625 0.5072916666666667 0.059375 0.21041666666666667
0 0.2546875 0.5520833333333334 0.265625 0.8666666666666667
0 0.49609375 0.503125 0.0578125 0.21458333333333332
0 0.08515625 0.5 0.0984375 0.3458333333333333
0 0.471875 0.496875 0.040625 0.15625
0 0.3015625 0.509375 0.09375 0.34375
0 0.13828125 0.4895833333333333 0.0484375 0.175
0 0.38203125 0.5520833333333334 0.0765625 0.30833333333333335
0 0.5640625 0.5072916666666667 0.059375 0.21041666666666667
0 0.2546875 0.5520833333333334 0.265625 0.8666666666666667
0 0.49609375 0.503125 0.0578125 0.21458333333333332
0 0.08515625 0.5 0.0984375 0.3458333333333333
0 0.471875 0.496875 0.040625 0.15625
0 0.3015625 0.509375 0.09375 0.34375