0 0.146875 0.4864583333333333 0.05 0.17708333333333334
0 0.3875 0.546875 0.075 0.3145833333333333
0 0.26171875 0.5572916666666666 0.2734375 0.85625
0 0.571875 0.5052083333333334 0.059375 0.21041666666666667
0 0.09609375 0.49895833333333334 0.1015625 0.34375
0 0.50546875 0.5010416666666667 0.0578125 0.21041666666666667
0 0.45078125 0.49270833333333336 0.0234375 0.08541666666666667
0 0.4796875 0.496875 0.040625 0.15625
0 0.30234375 0.5104166666666666 0.0921875 0.3458333333333333
0 0.146875 0.4864583333333333 0.05 0.17708333333333334
0 0.3875 0.546875 0.075 0.3145833333333333
0 0.26171875 0.5572916666666666 0.2734375 0.85625
0 0.571875 0.5052083333333334 0.059375 0.21041666666666667
0 0.09609375 0.49895833333333334 0.1015625 0.34375
0 0.50546875 0.5010416666666667 0.0578125 0.21041666666666667
0 0.45078125 0.49270833333333336 0.0234375 0.08541666666666667
0 0.4796875 0.496875 0.040625 0.15625
0 0.30234375 0.5104166666666666 0.0921875 0.3458333333333333