0 0.45078125 0.48854166666666665 0.0234375 0.08958333333333333
0 0.4875 0.49375 0.040625 0.15833333333333333
0 0.14765625 0.48333333333333334 0.0484375 0.17916666666666667
0 0.2796875 0.553125 0.26875 0.8604166666666667
0 0.5734375 0.5020833333333333 0.059375 0.20833333333333334
0 0.09921875 0.49270833333333336 0.1015625 0.34791666666666665
0 0.5078125 0.49895833333333334 0.05625 0.21041666666666667
0 0.30390625 0.5104166666666666 0.0921875 0.3458333333333333
0 0.45078125 0.48854166666666665 0.0234375 0.08958333333333333
0 0.4875 0.49375 0.040625 0.15833333333333333
0 0.14765625 0.48333333333333334 0.0484375 0.17916666666666667
0 0.2796875 0.553125 0.26875 0.8604166666666667
0 0.5734375 0.5020833333333333 0.059375 0.20833333333333334
0 0.09921875 0.49270833333333336 0.1015625 0.34791666666666665
0 0.5078125 0.49895833333333334 0.05625 0.21041666666666667
0 0.30390625 0.5104166666666666 0.0921875 0.3458333333333333