0 0.1453125 0.48333333333333334 0.046875 0.17916666666666667
0 0.57421875 0.50625 0.0578125 0.20833333333333334
0 0.50625 0.5010416666666667 0.05625 0.21041666666666667
0 0.1 0.4875 0.1 0.3416666666666667
0 0.31875 0.5385416666666667 0.234375 0.8354166666666667
0 0.3046875 0.5104166666666666 0.09375 0.3458333333333333
0 0.1453125 0.48333333333333334 0.046875 0.17916666666666667
0 0.57421875 0.50625 0.0578125 0.20833333333333334
0 0.50625 0.5010416666666667 0.05625 0.21041666666666667
0 0.1 0.4875 0.1 0.3416666666666667
0 0.31875 0.5385416666666667 0.234375 0.8354166666666667
0 0.3046875 0.5104166666666666 0.09375 0.3458333333333333