0 0.14765625 0.48020833333333335 0.0484375 0.18125
0 0.58203125 0.5041666666666667 0.0609375 0.20833333333333334
0 0.51015625 0.49895833333333334 0.0578125 0.21041666666666667
0 0.28671875 0.5166666666666667 0.1171875 0.4166666666666667
0 0.10546875 0.48854166666666665 0.1015625 0.33958333333333335
0 0.3734375 0.5354166666666667 0.184375 0.8416666666666667
0 0.14765625 0.48020833333333335 0.0484375 0.18125
0 0.58203125 0.5041666666666667 0.0609375 0.20833333333333334
0 0.51015625 0.49895833333333334 0.0578125 0.21041666666666667
0 0.28671875 0.5166666666666667 0.1171875 0.4166666666666667
0 0.10546875 0.48854166666666665 0.1015625 0.33958333333333335
0 0.3734375 0.5354166666666667 0.184375 0.8416666666666667