0 0.15078125 0.484375 0.0484375 0.18125
0 0.5859375 0.5052083333333334 0.059375 0.21041666666666667
0 0.515625 0.49895833333333334 0.059375 0.21458333333333332
0 0.11328125 0.49583333333333335 0.1015625 0.3375
0 0.38828125 0.5458333333333333 0.1828125 0.8458333333333333
0 0.28515625 0.5239583333333333 0.1296875 0.44375
0 0.15078125 0.484375 0.0484375 0.18125
0 0.5859375 0.5052083333333334 0.059375 0.21041666666666667
0 0.515625 0.49895833333333334 0.059375 0.21458333333333332
0 0.11328125 0.49583333333333335 0.1015625 0.3375
0 0.38828125 0.5458333333333333 0.1828125 0.8458333333333333
0 0.28515625 0.5239583333333333 0.1296875 0.44375