0 0.14921875 0.4864583333333333 0.0484375 0.18125
0 0.5859375 0.5052083333333334 0.059375 0.21041666666666667
0 0.4 0.5520833333333334 0.19375 0.8708333333333333
0 0.51640625 0.5010416666666667 0.0609375 0.21458333333333332
0 0.115625 0.49895833333333334 0.1 0.33541666666666664
0 0.2796875 0.5291666666666667 0.140625 0.4583333333333333
0 0.14921875 0.4864583333333333 0.0484375 0.18125
0 0.5859375 0.5052083333333334 0.059375 0.21041666666666667
0 0.4 0.5520833333333334 0.19375 0.8708333333333333
0 0.51640625 0.5010416666666667 0.0609375 0.21458333333333332
0 0.115625 0.49895833333333334 0.1 0.33541666666666664
0 0.2796875 0.5291666666666667 0.140625 0.4583333333333333