0 0.14140625 0.49166666666666664 0.0453125 0.16666666666666666
0 0.4109375 0.559375 0.209375 0.8604166666666667
0 0.515625 0.5010416666666667 0.059375 0.21458333333333332
0 0.58203125 0.5052083333333334 0.0609375 0.21041666666666667
0 0.1109375 0.496875 0.1 0.33125
0 0.25859375 0.5364583333333334 0.1515625 0.4895833333333333
0 0.353125 0.5729166666666666 0.103125 0.42083333333333334
0 0.14140625 0.49166666666666664 0.0453125 0.16666666666666666
0 0.4109375 0.559375 0.209375 0.8604166666666667
0 0.515625 0.5010416666666667 0.059375 0.21458333333333332
0 0.58203125 0.5052083333333334 0.0609375 0.21041666666666667
0 0.1109375 0.496875 0.1 0.33125
0 0.25859375 0.5364583333333334 0.1515625 0.4895833333333333
0 0.353125 0.5729166666666666 0.103125 0.42083333333333334