0 0.5140625 0.5041666666666667 0.053125 0.20833333333333334
0 0.4203125 0.5541666666666667 0.215625 0.85
0 0.5796875 0.50625 0.059375 0.20833333333333334
0 0.34296875 0.5760416666666667 0.1046875 0.4479166666666667
0 0.11015625 0.4947916666666667 0.1015625 0.33125
0 0.246875 0.540625 0.15625 0.5104166666666666
0 0.5140625 0.5041666666666667 0.053125 0.20833333333333334
0 0.4203125 0.5541666666666667 0.215625 0.85
0 0.5796875 0.50625 0.059375 0.20833333333333334
0 0.34296875 0.5760416666666667 0.1046875 0.4479166666666667
0 0.11015625 0.4947916666666667 0.1015625 0.33125
0 0.246875 0.540625 0.15625 0.5104166666666666