0 0.5734375 0.5041666666666667 0.059375 0.2125
0 0.109375 0.48854166666666665 0.096875 0.32708333333333334
0 0.31484375 0.571875 0.1203125 0.4895833333333333
0 0.209375 0.5354166666666667 0.171875 0.5666666666666667
0 0.46796875 0.5364583333333334 0.1796875 0.84375
0 0.378125 0.490625 0.025 0.09375
0 0.5734375 0.5041666666666667 0.059375 0.2125
0 0.109375 0.48854166666666665 0.096875 0.32708333333333334
0 0.31484375 0.571875 0.1203125 0.4895833333333333
0 0.209375 0.5354166666666667 0.171875 0.5666666666666667
0 0.46796875 0.5364583333333334 0.1796875 0.84375
0 0.378125 0.490625 0.025 0.09375