0 0.37265625 0.4864583333333333 0.0265625 0.09791666666666667
0 0.56953125 0.5010416666666667 0.0578125 0.21041666666666667
0 0.1890625 0.5302083333333333 0.178125 0.59375
0 0.10546875 0.4822916666666667 0.0953125 0.32708333333333334
0 0.3 0.578125 0.125 0.5229166666666667
0 0.47734375 0.5385416666666667 0.1828125 0.8645833333333334
0 0.37265625 0.4864583333333333 0.0265625 0.09791666666666667
0 0.56953125 0.5010416666666667 0.0578125 0.21041666666666667
0 0.1890625 0.5302083333333333 0.178125 0.59375
0 0.10546875 0.4822916666666667 0.0953125 0.32708333333333334
0 0.3 0.578125 0.125 0.5229166666666667
0 0.47734375 0.5385416666666667 0.1828125 0.8645833333333334