0 0.56328125 0.5041666666666667 0.0515625 0.20833333333333334
0 0.0984375 0.4875 0.1 0.3375
0 0.3640625 0.4895833333333333 0.028125 0.1
0 0.1609375 0.5375 0.1875 0.6333333333333333
0 0.2765625 0.6010416666666667 0.134375 0.56875
0 0.48828125 0.5489583333333333 0.1921875 0.8770833333333333
0 0.56328125 0.5041666666666667 0.0515625 0.20833333333333334
0 0.0984375 0.4875 0.1 0.3375
0 0.3640625 0.4895833333333333 0.028125 0.1
0 0.1609375 0.5375 0.1875 0.6333333333333333
0 0.2765625 0.6010416666666667 0.134375 0.56875
0 0.48828125 0.5489583333333333 0.1921875 0.8770833333333333