0 0.3609375 0.490625 0.028125 0.10208333333333333
0 0.49765625 0.5520833333333334 0.1953125 0.8625
0 0.14140625 0.553125 0.2046875 0.6854166666666667
0 0.259375 0.615625 0.14375 0.60625
0 0.409375 0.490625 0.028125 0.10208333333333333
0 0.1 0.4875 0.1 0.3375
0 0.5640625 0.5041666666666667 0.053125 0.20833333333333334
0 0.3609375 0.490625 0.028125 0.10208333333333333
0 0.49765625 0.5520833333333334 0.1953125 0.8625
0 0.14140625 0.553125 0.2046875 0.6854166666666667
0 0.259375 0.615625 0.14375 0.60625
0 0.409375 0.490625 0.028125 0.10208333333333333
0 0.1 0.4875 0.1 0.3375
0 0.5640625 0.5041666666666667 0.053125 0.20833333333333334