0 0.409375 0.49166666666666664 0.028125 0.1
0 0.36015625 0.4895833333333333 0.0296875 0.10416666666666667
0 0.12109375 0.5625 0.2140625 0.7291666666666666
0 0.50546875 0.5604166666666667 0.1984375 0.8666666666666667
0 0.2421875 0.634375 0.15 0.66875
0 0.43359375 0.490625 0.0265625 0.09791666666666667
0 0.1015625 0.4875 0.1 0.3375
0 0.56484375 0.5041666666666667 0.0515625 0.20833333333333334
0 0.409375 0.49166666666666664 0.028125 0.1
0 0.36015625 0.4895833333333333 0.0296875 0.10416666666666667
0 0.12109375 0.5625 0.2140625 0.7291666666666666
0 0.50546875 0.5604166666666667 0.1984375 0.8666666666666667
0 0.2421875 0.634375 0.15 0.66875
0 0.43359375 0.490625 0.0265625 0.09791666666666667
0 0.1015625 0.4875 0.1 0.3375
0 0.56484375 0.5041666666666667 0.0515625 0.20833333333333334