0 0.4078125 0.49270833333333336 0.028125 0.09791666666666667
0 0.43359375 0.4895833333333333 0.0296875 0.10416666666666667
0 0.35859375 0.49166666666666664 0.0296875 0.10416666666666667
0 0.10625 0.5822916666666667 0.2125 0.8020833333333334
0 0.51796875 0.5541666666666667 0.1953125 0.85
0 0.22421875 0.6354166666666666 0.1578125 0.7125
0 0.10234375 0.4875 0.0984375 0.3375
0 0.565625 0.5041666666666667 0.053125 0.20833333333333334
0 0.4078125 0.49270833333333336 0.028125 0.09791666666666667
0 0.43359375 0.4895833333333333 0.0296875 0.10416666666666667
0 0.35859375 0.49166666666666664 0.0296875 0.10416666666666667
0 0.10625 0.5822916666666667 0.2125 0.8020833333333334
0 0.51796875 0.5541666666666667 0.1953125 0.85
0 0.22421875 0.6354166666666666 0.1578125 0.7125
0 0.10234375 0.4875 0.0984375 0.3375
0 0.565625 0.5041666666666667 0.053125 0.20833333333333334