0 0.43203125 0.49166666666666664 0.0296875 0.10416666666666667
0 0.35546875 0.490625 0.0296875 0.10625
0 0.40546875 0.490625 0.0296875 0.10208333333333333
0 0.09921875 0.578125 0.1984375 0.84375
0 0.20078125 0.6291666666666667 0.1671875 0.7416666666666667
0 0.5296875 0.5479166666666667 0.19375 0.8458333333333333
0 0.103125 0.4875 0.1 0.3375
0 0.56640625 0.5041666666666667 0.0515625 0.20833333333333334
0 0.43203125 0.49166666666666664 0.0296875 0.10416666666666667
0 0.35546875 0.490625 0.0296875 0.10625
0 0.40546875 0.490625 0.0296875 0.10208333333333333
0 0.09921875 0.578125 0.1984375 0.84375
0 0.20078125 0.6291666666666667 0.1671875 0.7416666666666667
0 0.5296875 0.5479166666666667 0.19375 0.8458333333333333
0 0.103125 0.4875 0.1 0.3375
0 0.56640625 0.5041666666666667 0.0515625 0.20833333333333334