0 0.35078125 0.49166666666666664 0.0296875 0.10833333333333334
0 0.40078125 0.49375 0.0296875 0.1
0 0.428125 0.49270833333333336 0.03125 0.10208333333333333
0 0 0.0010416666666666667 0 0.0020833333333333333
0 0.00024658203125 0.0013281249999999999 0.0002978515625 0.0016840277777777778
0 0.54609375 0.5427083333333333 0.1859375 0.8479166666666667
0 0.1046875 0.4875 0.1 0.3375
0 0.5671875 0.5041666666666667 0.053125 0.20833333333333334
0 0.35078125 0.49166666666666664 0.0296875 0.10833333333333334
0 0.40078125 0.49375 0.0296875 0.1
0 0.428125 0.49270833333333336 0.03125 0.10208333333333333
0 0 0.0010416666666666667 0 0.0020833333333333333
0 0.00024658203125 0.0013281249999999999 0.0002978515625 0.0016840277777777778
0 0.54609375 0.5427083333333333 0.1859375 0.8479166666666667
0 0.1046875 0.4875 0.1 0.3375
0 0.5671875 0.5041666666666667 0.053125 0.20833333333333334