0 0 0.0010416666666666667 0 0.0020833333333333333
0 0.3984375 0.4947916666666667 0.028125 0.09791666666666667
0 0.42578125 0.49375 0.0296875 0.10416666666666667
0 0.346875 0.49270833333333336 0.03125 0.10625
0 0.0001953125 0.0013411458333333335 0.00033691406250000003 0.0017881944444444442
0 0.55234375 0.54375 0.1859375 0.85
0 0.4890625 0.503125 0.053125 0.20625
0 0.10625 0.4875 0.1 0.3375
0 0.56796875 0.5041666666666667 0.0515625 0.20833333333333334
0 0 0.0010416666666666667 0 0.0020833333333333333
0 0.3984375 0.4947916666666667 0.028125 0.09791666666666667
0 0.42578125 0.49375 0.0296875 0.10416666666666667
0 0.346875 0.49270833333333336 0.03125 0.10625
0 0.0001953125 0.0013411458333333335 0.00033691406250000003 0.0017881944444444442
0 0.55234375 0.54375 0.1859375 0.85
0 0.4890625 0.503125 0.053125 0.20625
0 0.10625 0.4875 0.1 0.3375
0 0.56796875 0.5041666666666667 0.0515625 0.20833333333333334