0 0.39453125 0.49166666666666664 0.0265625 0.1
0 0.4234375 0.490625 0.028125 0.10208333333333333
0 0.34375 0.490625 0.028125 0.10625
0 0.48671875 0.49895833333333334 0.0546875 0.21041666666666667
0 0 0.0010416666666666667 0 0.0020833333333333333
0 0.56171875 0.546875 0.1859375 0.85625
0 0 0.0010416666666666667 0 0.0020833333333333333
0 0.10703125 0.4875 0.0984375 0.3375
0 0.56875 0.5041666666666667 0.053125 0.20833333333333334
0 0.39453125 0.49166666666666664 0.0265625 0.1
0 0.4234375 0.490625 0.028125 0.10208333333333333
0 0.34375 0.490625 0.028125 0.10625
0 0.48671875 0.49895833333333334 0.0546875 0.21041666666666667
0 0 0.0010416666666666667 0 0.0020833333333333333
0 0.56171875 0.546875 0.1859375 0.85625
0 0 0.0010416666666666667 0 0.0020833333333333333
0 0.10703125 0.4875 0.0984375 0.3375
0 0.56875 0.5041666666666667 0.053125 0.20833333333333334