0 0.39296875 0.4895833333333333 0.0296875 0.1
0 0 0.0010416666666666667 0 0.0020833333333333333
0 0.421875 0.48854166666666665 0.028125 0.10208333333333333
0 0.340625 0.4875 0.028125 0.10833333333333334
0 0.48359375 0.4947916666666667 0.0578125 0.21458333333333332
0 0.56640625 0.5552083333333333 0.1828125 0.86875
0 0.10859375 0.4875 0.0984375 0.3375
0 0.2234375 0.48125 0.04375 0.1125
0 0.56953125 0.5041666666666667 0.0515625 0.20833333333333334
0 0.39296875 0.4895833333333333 0.0296875 0.1
0 0 0.0010416666666666667 0 0.0020833333333333333
0 0.421875 0.48854166666666665 0.028125 0.10208333333333333
0 0.340625 0.4875 0.028125 0.10833333333333334
0 0.48359375 0.4947916666666667 0.0578125 0.21458333333333332
0 0.56640625 0.5552083333333333 0.1828125 0.86875
0 0.10859375 0.4875 0.0984375 0.3375
0 0.2234375 0.48125 0.04375 0.1125
0 0.56953125 0.5041666666666667 0.0515625 0.20833333333333334