0 0.234375 0.4791666666666667 0.040625 0.1125
0 0.3921875 0.4875 0.028125 0.1
0 0.42265625 0.48541666666666666 0.0296875 0.10833333333333334
0 0.0953125 0.48125 0.0875 0.3125
0 0.340625 0.48541666666666666 0.03125 0.10833333333333334
0 0.48359375 0.49270833333333336 0.0609375 0.21875
0 0.578125 0.559375 0.18125 0.8604166666666667
0 0.07421875 0.5260416666666666 0.1484375 0.5604166666666667
0 0.5703125 0.5041666666666667 0.053125 0.20833333333333334
0 0.234375 0.4791666666666667 0.040625 0.1125
0 0.3921875 0.4875 0.028125 0.1
0 0.42265625 0.48541666666666666 0.0296875 0.10833333333333334
0 0.0953125 0.48125 0.0875 0.3125
0 0.340625 0.48541666666666666 0.03125 0.10833333333333334
0 0.48359375 0.49270833333333336 0.0609375 0.21875
0 0.578125 0.559375 0.18125 0.8604166666666667
0 0.07421875 0.5260416666666666 0.1484375 0.5604166666666667
0 0.5703125 0.5041666666666667 0.053125 0.20833333333333334