0 0.234375 0.4791666666666667 0.0375 0.1125
0 0.42109375 0.48854166666666665 0.0296875 0.10625
0 0.390625 0.4895833333333333 0.028125 0.1
0 0.33984375 0.4875 0.0296875 0.1125
0 0.10078125 0.48020833333333335 0.0796875 0.3145833333333333
0 0.06953125 0.5302083333333333 0.1390625 0.5770833333333333
0 0.48359375 0.496875 0.0640625 0.21875
0 0.58046875 0.5479166666666667 0.1796875 0.8333333333333334
0 0.57109375 0.5041666666666667 0.0515625 0.20833333333333334
0 0.234375 0.4791666666666667 0.0375 0.1125
0 0.42109375 0.48854166666666665 0.0296875 0.10625
0 0.390625 0.4895833333333333 0.028125 0.1
0 0.33984375 0.4875 0.0296875 0.1125
0 0.10078125 0.48020833333333335 0.0796875 0.3145833333333333
0 0.06953125 0.5302083333333333 0.1390625 0.5770833333333333
0 0.48359375 0.496875 0.0640625 0.21875
0 0.58046875 0.5479166666666667 0.1796875 0.8333333333333334
0 0.57109375 0.5041666666666667 0.0515625 0.20833333333333334