0 0.88359375 0.4947916666666667 0.0609375 0.21458333333333332
0 0.43671875 0.484375 0.0390625 0.12291666666666666
0 0.3765625 0.49583333333333335 0.090625 0.3
0 0.3078125 0.49583333333333335 0.065625 0.22083333333333333
0 0.834375 0.496875 0.071875 0.22291666666666668
0 0.74921875 0.4895833333333333 0.0296875 0.09583333333333334
0 0.33984375 0.48125 0.0640625 0.24166666666666667
0 0.88359375 0.4947916666666667 0.0609375 0.21458333333333332
0 0.43671875 0.484375 0.0390625 0.12291666666666666
0 0.3765625 0.49583333333333335 0.090625 0.3
0 0.3078125 0.49583333333333335 0.065625 0.22083333333333333
0 0.834375 0.496875 0.071875 0.22291666666666668
0 0.74921875 0.4895833333333333 0.0296875 0.09583333333333334
0 0.33984375 0.48125 0.0640625 0.24166666666666667