0 0.23984375 0.478125 0.0390625 0.11458333333333333
0 0.39375 0.4864583333333333 0.028125 0.10625
0 0.42421875 0.4875 0.0296875 0.10833333333333334
0 0.3421875 0.484375 0.03125 0.11041666666666666
0 0.10625 0.4739583333333333 0.090625 0.3145833333333333
0 0.07109375 0.525 0.1421875 0.5583333333333333
0 0.48671875 0.49583333333333335 0.0640625 0.21666666666666667
0 0.59296875 0.540625 0.1828125 0.8270833333333333
0 0.571875 0.5041666666666667 0.053125 0.20833333333333334
0 0.23984375 0.478125 0.0390625 0.11458333333333333
0 0.39375 0.4864583333333333 0.028125 0.10625
0 0.42421875 0.4875 0.0296875 0.10833333333333334
0 0.3421875 0.484375 0.03125 0.11041666666666666
0 0.10625 0.4739583333333333 0.090625 0.3145833333333333
0 0.07109375 0.525 0.1421875 0.5583333333333333
0 0.48671875 0.49583333333333335 0.0640625 0.21666666666666667
0 0.59296875 0.540625 0.1828125 0.8270833333333333
0 0.571875 0.5041666666666667 0.053125 0.20833333333333334