0 0.3015625 0.4791666666666667 0.03125 0.1125
0 0.4046875 0.4875 0.028125 0.10416666666666667
0 0.2546875 0.4791666666666667 0.04375 0.1125
0 0.43515625 0.4875 0.0296875 0.1125
0 0.3515625 0.48541666666666666 0.03125 0.1125
0 0.0890625 0.5354166666666667 0.178125 0.5333333333333333
0 0.49765625 0.49583333333333335 0.0609375 0.2125
0 0.61328125 0.5385416666666667 0.1828125 0.8354166666666667
0 0.5734375 0.5041666666666667 0.053125 0.20833333333333334
0 0.1234375 0.478125 0.1 0.3229166666666667
0 0.3015625 0.4791666666666667 0.03125 0.1125
0 0.4046875 0.4875 0.028125 0.10416666666666667
0 0.2546875 0.4791666666666667 0.04375 0.1125
0 0.43515625 0.4875 0.0296875 0.1125
0 0.3515625 0.48541666666666666 0.03125 0.1125
0 0.0890625 0.5354166666666667 0.178125 0.5333333333333333
0 0.49765625 0.49583333333333335 0.0609375 0.2125
0 0.61328125 0.5385416666666667 0.1828125 0.8354166666666667
0 0.5734375 0.5041666666666667 0.053125 0.20833333333333334
0 0.1234375 0.478125 0.1 0.3229166666666667