0 0.559375 0.50625 0.05 0.20416666666666666
0 0.2640625 0.48541666666666666 0.04375 0.1125
0 0.440625 0.49375 0.03125 0.1125
0 0.4109375 0.49270833333333336 0.03125 0.11041666666666666
0 0.3578125 0.49270833333333336 0.03125 0.11458333333333333
0 0.50546875 0.5 0.0609375 0.2125
0 0.1078125 0.5364583333333334 0.165625 0.51875
0 0.62578125 0.5510416666666667 0.1796875 0.83125
0 0.07109375 0.475 0.0578125 0.20833333333333334
0 0.125 0.478125 0.1 0.3229166666666667
0 0.30546875 0.4822916666666667 0.0328125 0.11458333333333333
0 0.559375 0.50625 0.05 0.20416666666666666
0 0.2640625 0.48541666666666666 0.04375 0.1125
0 0.440625 0.49375 0.03125 0.1125
0 0.4109375 0.49270833333333336 0.03125 0.11041666666666666
0 0.3578125 0.49270833333333336 0.03125 0.11458333333333333
0 0.50546875 0.5 0.0609375 0.2125
0 0.1078125 0.5364583333333334 0.165625 0.51875
0 0.62578125 0.5510416666666667 0.1796875 0.83125
0 0.07109375 0.475 0.0578125 0.20833333333333334
0 0.125 0.478125 0.1 0.3229166666666667
0 0.30546875 0.4822916666666667 0.0328125 0.11458333333333333