0 0.41640625 0.49375 0.0296875 0.10833333333333334
0 0.27109375 0.4864583333333333 0.0453125 0.11458333333333333
0 0.4453125 0.49375 0.03125 0.1125
0 0.56484375 0.5072916666666667 0.0515625 0.20625
0 0.07421875 0.478125 0.0609375 0.21875
0 0.36171875 0.4947916666666667 0.0328125 0.11458333333333333
0 0.5109375 0.5 0.059375 0.2125
0 0.13515625 0.528125 0.1484375 0.5020833333333333
0 0.63828125 0.5572916666666666 0.1796875 0.8270833333333333
0 0.1265625 0.478125 0.1 0.3229166666666667
0 0.3125 0.48333333333333334 0.03125 0.1125
0 0.41640625 0.49375 0.0296875 0.10833333333333334
0 0.27109375 0.4864583333333333 0.0453125 0.11458333333333333
0 0.4453125 0.49375 0.03125 0.1125
0 0.56484375 0.5072916666666667 0.0515625 0.20625
0 0.07421875 0.478125 0.0609375 0.21875
0 0.36171875 0.4947916666666667 0.0328125 0.11458333333333333
0 0.5109375 0.5 0.059375 0.2125
0 0.13515625 0.528125 0.1484375 0.5020833333333333
0 0.63828125 0.5572916666666666 0.1796875 0.8270833333333333
0 0.1265625 0.478125 0.1 0.3229166666666667
0 0.3125 0.48333333333333334 0.03125 0.1125