0 0.2828125 0.4864583333333333 0.04375 0.11458333333333333
0 0.421875 0.49583333333333335 0.03125 0.10833333333333334
0 0.36796875 0.49375 0.0328125 0.11666666666666667
0 0.45234375 0.4947916666666667 0.0328125 0.11458333333333333
0 0.07890625 0.48020833333333335 0.0609375 0.22291666666666668
0 0.57265625 0.5072916666666667 0.0515625 0.20625
0 0.51875 0.49895833333333334 0.059375 0.21458333333333332
0 0.1734375 0.528125 0.1625 0.4979166666666667
0 0.6578125 0.5677083333333334 0.18125 0.8395833333333333
0 0.128125 0.478125 0.1 0.3229166666666667
0 0.3171875 0.484375 0.03125 0.11458333333333333
0 0.2828125 0.4864583333333333 0.04375 0.11458333333333333
0 0.421875 0.49583333333333335 0.03125 0.10833333333333334
0 0.36796875 0.49375 0.0328125 0.11666666666666667
0 0.45234375 0.4947916666666667 0.0328125 0.11458333333333333
0 0.07890625 0.48020833333333335 0.0609375 0.22291666666666668
0 0.57265625 0.5072916666666667 0.0515625 0.20625
0 0.51875 0.49895833333333334 0.059375 0.21458333333333332
0 0.1734375 0.528125 0.1625 0.4979166666666667
0 0.6578125 0.5677083333333334 0.18125 0.8395833333333333
0 0.128125 0.478125 0.1 0.3229166666666667
0 0.3171875 0.484375 0.03125 0.11458333333333333