0 0.33203125 0.490625 0.0390625 0.11041666666666666
0 0.290625 0.4875 0.040625 0.11666666666666667
0 0.1515625 0.496875 0.090625 0.3229166666666667
0 0.4265625 0.49583333333333335 0.03125 0.1125
0 0.37265625 0.49270833333333336 0.0328125 0.11875
0 0.45703125 0.49375 0.0328125 0.11666666666666667
0 0.0828125 0.48020833333333335 0.0625 0.22291666666666668
0 0.578125 0.5104166666666666 0.053125 0.20416666666666666
0 0.5234375 0.5010416666666667 0.059375 0.21458333333333332
0 0.19296875 0.53125 0.1546875 0.4875
0 0.6671875 0.5625 0.18125 0.8291666666666667
0 0.33203125 0.490625 0.0390625 0.11041666666666666
0 0.290625 0.4875 0.040625 0.11666666666666667
0 0.1515625 0.496875 0.090625 0.3229166666666667
0 0.4265625 0.49583333333333335 0.03125 0.1125
0 0.37265625 0.49270833333333336 0.0328125 0.11875
0 0.45703125 0.49375 0.0328125 0.11666666666666667
0 0.0828125 0.48020833333333335 0.0625 0.22291666666666668
0 0.578125 0.5104166666666666 0.053125 0.20416666666666666
0 0.5234375 0.5010416666666667 0.059375 0.21458333333333332
0 0.19296875 0.53125 0.1546875 0.4875
0 0.6671875 0.5625 0.18125 0.8291666666666667