0 0.4671875 0.4875 0.034375 0.11666666666666667
0 0.16328125 0.48333333333333334 0.0890625 0.3125
0 0.4359375 0.4864583333333333 0.03125 0.11458333333333333
0 0.38125 0.48541666666666666 0.034375 0.12083333333333333
0 0.0921875 0.471875 0.0625 0.22291666666666668
0 0.59140625 0.5010416666666667 0.0546875 0.20625
0 0.53359375 0.49375 0.0578125 0.21666666666666667
0 0.215625 0.528125 0.1625 0.47708333333333336
0 0.68671875 0.5458333333333333 0.1828125 0.825
0 0.296875 0.48854166666666665 0.040625 0.11458333333333333
0 0.33984375 0.49270833333333336 0.0390625 0.11041666666666666
0 0.4671875 0.4875 0.034375 0.11666666666666667
0 0.16328125 0.48333333333333334 0.0890625 0.3125
0 0.4359375 0.4864583333333333 0.03125 0.11458333333333333
0 0.38125 0.48541666666666666 0.034375 0.12083333333333333
0 0.0921875 0.471875 0.0625 0.22291666666666668
0 0.59140625 0.5010416666666667 0.0546875 0.20625
0 0.53359375 0.49375 0.0578125 0.21666666666666667
0 0.215625 0.528125 0.1625 0.47708333333333336
0 0.68671875 0.5458333333333333 0.1828125 0.825
0 0.296875 0.48854166666666665 0.040625 0.11458333333333333
0 0.33984375 0.49270833333333336 0.0390625 0.11041666666666666