0 0.31171875 0.4791666666666667 0.0359375 0.11666666666666667
0 0.35 0.48333333333333334 0.04375 0.10833333333333334
0 0.4390625 0.4864583333333333 0.034375 0.11458333333333333
0 0.47109375 0.48854166666666665 0.0359375 0.11875
0 0.16796875 0.4822916666666667 0.0859375 0.3145833333333333
0 0.38359375 0.4875 0.0328125 0.12083333333333333
0 0.09375 0.471875 0.0625 0.22291666666666668
0 0.5953125 0.5010416666666667 0.05625 0.20625
0 0.53828125 0.4947916666666667 0.0578125 0.21458333333333332
0 0.22890625 0.5302083333333333 0.1703125 0.47708333333333336
0 0.69609375 0.5427083333333333 0.1828125 0.8229166666666666
0 0.31171875 0.4791666666666667 0.0359375 0.11666666666666667
0 0.35 0.48333333333333334 0.04375 0.10833333333333334
0 0.4390625 0.4864583333333333 0.034375 0.11458333333333333
0 0.47109375 0.48854166666666665 0.0359375 0.11875
0 0.16796875 0.4822916666666667 0.0859375 0.3145833333333333
0 0.38359375 0.4875 0.0328125 0.12083333333333333
0 0.09375 0.471875 0.0625 0.22291666666666668
0 0.5953125 0.5010416666666667 0.05625 0.20625
0 0.53828125 0.4947916666666667 0.0578125 0.21458333333333332
0 0.22890625 0.5302083333333333 0.1703125 0.47708333333333336
0 0.69609375 0.5427083333333333 0.1828125 0.8229166666666666