0 0.3640625 0.484375 0.034375 0.11041666666666666
0 0.44609375 0.49166666666666664 0.0328125 0.11666666666666667
0 0.47890625 0.49270833333333336 0.0359375 0.11875
0 0.390625 0.49166666666666664 0.034375 0.12083333333333333
0 0.0984375 0.4739583333333333 0.0625 0.22708333333333333
0 0.6046875 0.5052083333333334 0.05625 0.20625
0 0.54453125 0.5010416666666667 0.0578125 0.21458333333333332
0 0.175 0.48333333333333334 0.084375 0.30833333333333335
0 0.25703125 0.5239583333333333 0.1515625 0.46458333333333335
0 0.71640625 0.553125 0.1953125 0.83125
0 0.31875 0.4791666666666667 0.0375 0.11666666666666667
0 0.3640625 0.484375 0.034375 0.11041666666666666
0 0.44609375 0.49166666666666664 0.0328125 0.11666666666666667
0 0.47890625 0.49270833333333336 0.0359375 0.11875
0 0.390625 0.49166666666666664 0.034375 0.12083333333333333
0 0.0984375 0.4739583333333333 0.0625 0.22708333333333333
0 0.6046875 0.5052083333333334 0.05625 0.20625
0 0.54453125 0.5010416666666667 0.0578125 0.21458333333333332
0 0.175 0.48333333333333334 0.084375 0.30833333333333335
0 0.25703125 0.5239583333333333 0.1515625 0.46458333333333335
0 0.71640625 0.553125 0.1953125 0.83125
0 0.31875 0.4791666666666667 0.0375 0.11666666666666667