0 0.7640625 0.5010416666666667 0.03125 0.09791666666666667
0 0.43984375 0.49270833333333336 0.0390625 0.12291666666666666
0 0.36484375 0.5041666666666667 0.0890625 0.30833333333333335
0 0.31328125 0.5041666666666667 0.0640625 0.22916666666666666
0 0.84453125 0.5072916666666667 0.0734375 0.22708333333333333
0 0.34296875 0.4822916666666667 0.0640625 0.24375
0 0.7640625 0.5010416666666667 0.03125 0.09791666666666667
0 0.43984375 0.49270833333333336 0.0390625 0.12291666666666666
0 0.36484375 0.5041666666666667 0.0890625 0.30833333333333335
0 0.31328125 0.5041666666666667 0.0640625 0.22916666666666666
0 0.84453125 0.5072916666666667 0.0734375 0.22708333333333333
0 0.34296875 0.4822916666666667 0.0640625 0.24375