0 0.3296875 0.48333333333333334 0.034375 0.12083333333333333
0 0.371875 0.48333333333333334 0.03125 0.1125
0 0.45078125 0.49270833333333336 0.0328125 0.11875
0 0.484375 0.490625 0.034375 0.11458333333333333
0 0.3953125 0.49166666666666664 0.034375 0.12083333333333333
0 0.10390625 0.4739583333333333 0.0640625 0.22708333333333333
0 0.6109375 0.5052083333333334 0.0625 0.20625
0 0.54921875 0.5010416666666667 0.0578125 0.21458333333333332
0 0.18125 0.4822916666666667 0.084375 0.3020833333333333
0 0.26640625 0.5197916666666667 0.1421875 0.46041666666666664
0 0.721875 0.55625 0.190625 0.8333333333333334
0 0.3296875 0.48333333333333334 0.034375 0.12083333333333333
0 0.371875 0.48333333333333334 0.03125 0.1125
0 0.45078125 0.49270833333333336 0.0328125 0.11875
0 0.484375 0.490625 0.034375 0.11458333333333333
0 0.3953125 0.49166666666666664 0.034375 0.12083333333333333
0 0.10390625 0.4739583333333333 0.0640625 0.22708333333333333
0 0.6109375 0.5052083333333334 0.0625 0.20625
0 0.54921875 0.5010416666666667 0.0578125 0.21458333333333332
0 0.18125 0.4822916666666667 0.084375 0.3020833333333333
0 0.26640625 0.5197916666666667 0.1421875 0.46041666666666664
0 0.721875 0.55625 0.190625 0.8333333333333334