0 0.3875 0.484375 0.028125 0.11041666666666666
0 0.46015625 0.49270833333333336 0.0328125 0.11875
0 0.4953125 0.49270833333333336 0.034375 0.12291666666666666
0 0.11484375 0.47604166666666664 0.0640625 0.22708333333333333
0 0.40546875 0.49166666666666664 0.0359375 0.125
0 0.62265625 0.50625 0.0609375 0.20833333333333334
0 0.5609375 0.5010416666666667 0.059375 0.21458333333333332
0 0.19609375 0.48541666666666666 0.0828125 0.29583333333333334
0 0.284375 0.5208333333333334 0.125 0.45416666666666666
0 0.7390625 0.56875 0.2 0.85
0 0.3875 0.484375 0.028125 0.11041666666666666
0 0.46015625 0.49270833333333336 0.0328125 0.11875
0 0.4953125 0.49270833333333336 0.034375 0.12291666666666666
0 0.11484375 0.47604166666666664 0.0640625 0.22708333333333333
0 0.40546875 0.49166666666666664 0.0359375 0.125
0 0.62265625 0.50625 0.0609375 0.20833333333333334
0 0.5609375 0.5010416666666667 0.059375 0.21458333333333332
0 0.19609375 0.48541666666666666 0.0828125 0.29583333333333334
0 0.284375 0.5208333333333334 0.125 0.45416666666666666
0 0.7390625 0.56875 0.2 0.85