0 0.5046875 0.49375 0.034375 0.12083333333333333
0 0.46953125 0.4947916666666667 0.0328125 0.11875
0 0.12421875 0.4791666666666667 0.0640625 0.22916666666666666
0 0.415625 0.49270833333333336 0.0375 0.12708333333333333
0 0.6328125 0.5083333333333333 0.059375 0.20833333333333334
0 0.5703125 0.5010416666666667 0.059375 0.21458333333333332
0 0.303125 0.5260416666666666 0.128125 0.44375
0 0.75078125 0.5729166666666666 0.2015625 0.8458333333333333
0 0.20703125 0.48854166666666665 0.0828125 0.29375
0 0.5046875 0.49375 0.034375 0.12083333333333333
0 0.46953125 0.4947916666666667 0.0328125 0.11875
0 0.12421875 0.4791666666666667 0.0640625 0.22916666666666666
0 0.415625 0.49270833333333336 0.0375 0.12708333333333333
0 0.6328125 0.5083333333333333 0.059375 0.20833333333333334
0 0.5703125 0.5010416666666667 0.059375 0.21458333333333332
0 0.303125 0.5260416666666666 0.128125 0.44375
0 0.75078125 0.5729166666666666 0.2015625 0.8458333333333333
0 0.20703125 0.48854166666666665 0.0828125 0.29375