0 0.4796875 0.49583333333333335 0.034375 0.12083333333333333
0 0.515625 0.4947916666666667 0.034375 0.12291666666666666
0 0.425 0.49375 0.0375 0.12916666666666668
0 0.13515625 0.48125 0.0640625 0.22916666666666666
0 0.64453125 0.5104166666666666 0.0609375 0.20833333333333334
0 0.5828125 0.5010416666666667 0.059375 0.21458333333333332
0 0.221875 0.4895833333333333 0.084375 0.2916666666666667
0 0.321875 0.5333333333333333 0.13125 0.4375
0 0.7609375 0.5739583333333333 0.196875 0.8479166666666667
0 0.4796875 0.49583333333333335 0.034375 0.12083333333333333
0 0.515625 0.4947916666666667 0.034375 0.12291666666666666
0 0.425 0.49375 0.0375 0.12916666666666668
0 0.13515625 0.48125 0.0640625 0.22916666666666666
0 0.64453125 0.5104166666666666 0.0609375 0.20833333333333334
0 0.5828125 0.5010416666666667 0.059375 0.21458333333333332
0 0.221875 0.4895833333333333 0.084375 0.2916666666666667
0 0.321875 0.5333333333333333 0.13125 0.4375
0 0.7609375 0.5739583333333333 0.196875 0.8479166666666667