0 0.48046875 0.496875 0.0328125 0.11875
0 0.42734375 0.4947916666666667 0.0390625 0.13125
0 0.51875 0.49583333333333335 0.0375 0.125
0 0.1359375 0.4791666666666667 0.0625 0.22916666666666666
0 0.646875 0.5104166666666666 0.059375 0.20833333333333334
0 0.5859375 0.5010416666666667 0.059375 0.21458333333333332
0 0.22578125 0.48854166666666665 0.0859375 0.28958333333333336
0 0.32890625 0.5322916666666667 0.1296875 0.4354166666666667
0 0.765625 0.5583333333333333 0.196875 0.8291666666666667
0 0.48046875 0.496875 0.0328125 0.11875
0 0.42734375 0.4947916666666667 0.0390625 0.13125
0 0.51875 0.49583333333333335 0.0375 0.125
0 0.1359375 0.4791666666666667 0.0625 0.22916666666666666
0 0.646875 0.5104166666666666 0.059375 0.20833333333333334
0 0.5859375 0.5010416666666667 0.059375 0.21458333333333332
0 0.22578125 0.48854166666666665 0.0859375 0.28958333333333336
0 0.32890625 0.5322916666666667 0.1296875 0.4354166666666667
0 0.765625 0.5583333333333333 0.196875 0.8291666666666667