0 0.48515625 0.496875 0.0328125 0.11875
0 0.43203125 0.4947916666666667 0.0359375 0.13125
0 0.52421875 0.496875 0.0328125 0.12708333333333333
0 0.14296875 0.48020833333333335 0.0609375 0.22708333333333333
0 0.59296875 0.503125 0.0578125 0.21458333333333332
0 0.65390625 0.5104166666666666 0.0609375 0.20833333333333334
0 0.234375 0.48541666666666666 0.084375 0.2875
0 0.353125 0.525 0.125 0.425
0 0.7703125 0.5572916666666666 0.190625 0.8270833333333333
0 0.48515625 0.496875 0.0328125 0.11875
0 0.43203125 0.4947916666666667 0.0359375 0.13125
0 0.52421875 0.496875 0.0328125 0.12708333333333333
0 0.14296875 0.48020833333333335 0.0609375 0.22708333333333333
0 0.59296875 0.503125 0.0578125 0.21458333333333332
0 0.65390625 0.5104166666666666 0.0609375 0.20833333333333334
0 0.234375 0.48541666666666666 0.084375 0.2875
0 0.353125 0.525 0.125 0.425
0 0.7703125 0.5572916666666666 0.190625 0.8270833333333333