0 0.4421875 0.48854166666666665 0.034375 0.13125
0 0.534375 0.490625 0.034375 0.12708333333333333
0 0.49375 0.490625 0.034375 0.12291666666666666
0 0.1515625 0.47604166666666664 0.0625 0.23125
0 0.60546875 0.4979166666666667 0.0578125 0.2125
0 0.66484375 0.5 0.0578125 0.20833333333333334
0 0.246875 0.4791666666666667 0.084375 0.2875
0 0.38359375 0.515625 0.1296875 0.42291666666666666
0 0.7875 0.5447916666666667 0.19375 0.8354166666666667
0 0.4421875 0.48854166666666665 0.034375 0.13125
0 0.534375 0.490625 0.034375 0.12708333333333333
0 0.49375 0.490625 0.034375 0.12291666666666666
0 0.1515625 0.47604166666666664 0.0625 0.23125
0 0.60546875 0.4979166666666667 0.0578125 0.2125
0 0.66484375 0.5 0.0578125 0.20833333333333334
0 0.246875 0.4791666666666667 0.084375 0.2875
0 0.38359375 0.515625 0.1296875 0.42291666666666666
0 0.7875 0.5447916666666667 0.19375 0.8354166666666667