0 0.44296875 0.48541666666666666 0.0359375 0.1375
0 0.49609375 0.4875 0.0328125 0.125
0 0.5359375 0.48541666666666666 0.034375 0.125
0 0.15390625 0.471875 0.0609375 0.23125
0 0.6078125 0.49375 0.059375 0.21666666666666667
0 0.6671875 0.4979166666666667 0.059375 0.20833333333333334
0 0.25 0.47604166666666664 0.084375 0.28541666666666665
0 0.7953125 0.54375 0.203125 0.8416666666666667
0 0.39296875 0.5145833333333333 0.1296875 0.42083333333333334
0 0.44296875 0.48541666666666666 0.0359375 0.1375
0 0.49609375 0.4875 0.0328125 0.125
0 0.5359375 0.48541666666666666 0.034375 0.125
0 0.15390625 0.471875 0.0609375 0.23125
0 0.6078125 0.49375 0.059375 0.21666666666666667
0 0.6671875 0.4979166666666667 0.059375 0.20833333333333334
0 0.25 0.47604166666666664 0.084375 0.28541666666666665
0 0.7953125 0.54375 0.203125 0.8416666666666667
0 0.39296875 0.5145833333333333 0.1296875 0.42083333333333334