0 0.49453125 0.49270833333333336 0.0328125 0.12291666666666666
0 0.5359375 0.4875 0.034375 0.12916666666666668
0 0.153125 0.47291666666666665 0.065625 0.23333333333333334
0 0.609375 0.4979166666666667 0.059375 0.21666666666666667
0 0.6671875 0.5010416666666667 0.059375 0.21041666666666667
0 0.24921875 0.48125 0.0828125 0.2833333333333333
0 0.403125 0.5229166666666667 0.128125 0.4125
0 0.796875 0.5625 0.203125 0.8541666666666666
0 0.328125 0.47708333333333336 0.028125 0.09583333333333334
0 0.49453125 0.49270833333333336 0.0328125 0.12291666666666666
0 0.5359375 0.4875 0.034375 0.12916666666666668
0 0.153125 0.47291666666666665 0.065625 0.23333333333333334
0 0.609375 0.4979166666666667 0.059375 0.21666666666666667
0 0.6671875 0.5010416666666667 0.059375 0.21041666666666667
0 0.24921875 0.48125 0.0828125 0.2833333333333333
0 0.403125 0.5229166666666667 0.128125 0.4125
0 0.796875 0.5625 0.203125 0.8541666666666666
0 0.328125 0.47708333333333336 0.028125 0.09583333333333334