0 0.328125 0.4791666666666667 0.028125 0.1
0 0.49375 0.49270833333333336 0.034375 0.12708333333333333
0 0.53671875 0.490625 0.0359375 0.13541666666666666
0 0.15390625 0.47291666666666665 0.0703125 0.23333333333333334
0 0.66953125 0.5020833333333333 0.0578125 0.20833333333333334
0 0.6109375 0.4979166666666667 0.059375 0.21666666666666667
0 0.4109375 0.5260416666666666 0.125 0.41458333333333336
0 0.25078125 0.484375 0.0828125 0.28125
0 0.8 0.5708333333333333 0.2 0.8583333333333333
0 0.328125 0.4791666666666667 0.028125 0.1
0 0.49375 0.49270833333333336 0.034375 0.12708333333333333
0 0.53671875 0.490625 0.0359375 0.13541666666666666
0 0.15390625 0.47291666666666665 0.0703125 0.23333333333333334
0 0.66953125 0.5020833333333333 0.0578125 0.20833333333333334
0 0.6109375 0.4979166666666667 0.059375 0.21666666666666667
0 0.4109375 0.5260416666666666 0.125 0.41458333333333336
0 0.25078125 0.484375 0.0828125 0.28125
0 0.8 0.5708333333333333 0.2 0.8583333333333333