0 0.7703125 0.503125 0.028125 0.09791666666666667
0 0.44453125 0.4947916666666667 0.0390625 0.12291666666666666
0 0.31796875 0.5041666666666667 0.0609375 0.23333333333333334
0 0.36015625 0.5041666666666667 0.0859375 0.31666666666666665
0 0.85234375 0.509375 0.0734375 0.23125
0 0.346875 0.4822916666666667 0.065625 0.24375
0 0.7703125 0.503125 0.028125 0.09791666666666667
0 0.44453125 0.4947916666666667 0.0390625 0.12291666666666666
0 0.31796875 0.5041666666666667 0.0609375 0.23333333333333334
0 0.36015625 0.5041666666666667 0.0859375 0.31666666666666665
0 0.85234375 0.509375 0.0734375 0.23125
0 0.346875 0.4822916666666667 0.065625 0.24375