0 0.33046875 0.47708333333333336 0.0296875 0.1
0 0.4953125 0.490625 0.034375 0.13125
0 0.5390625 0.48854166666666665 0.0375 0.13541666666666666
0 0.15625 0.4708333333333333 0.075 0.23333333333333334
0 0.67265625 0.5020833333333333 0.0578125 0.20833333333333334
0 0.615625 0.49583333333333335 0.059375 0.21666666666666667
0 0.253125 0.4822916666666667 0.08125 0.28125
0 0.42421875 0.51875 0.1203125 0.4
0 0.8125 0.5708333333333333 0.2 0.8583333333333333
0 0.33046875 0.47708333333333336 0.0296875 0.1
0 0.4953125 0.490625 0.034375 0.13125
0 0.5390625 0.48854166666666665 0.0375 0.13541666666666666
0 0.15625 0.4708333333333333 0.075 0.23333333333333334
0 0.67265625 0.5020833333333333 0.0578125 0.20833333333333334
0 0.615625 0.49583333333333335 0.059375 0.21666666666666667
0 0.253125 0.4822916666666667 0.08125 0.28125
0 0.42421875 0.51875 0.1203125 0.4
0 0.8125 0.5708333333333333 0.2 0.8583333333333333