0 0.33203125 0.4791666666666667 0.0296875 0.1
0 0.49765625 0.49166666666666664 0.0359375 0.12916666666666668
0 0.54375 0.490625 0.0375 0.13541666666666666
0 0.6765625 0.503125 0.05625 0.21041666666666667
0 0.159375 0.4739583333333333 0.075 0.23541666666666666
0 0.61953125 0.49583333333333335 0.0609375 0.21666666666666667
0 0.434375 0.5197916666666667 0.121875 0.40208333333333335
0 0.2578125 0.484375 0.08125 0.28125
0 0.81484375 0.565625 0.1953125 0.8479166666666667
0 0.33203125 0.4791666666666667 0.0296875 0.1
0 0.49765625 0.49166666666666664 0.0359375 0.12916666666666668
0 0.54375 0.490625 0.0375 0.13541666666666666
0 0.6765625 0.503125 0.05625 0.21041666666666667
0 0.159375 0.4739583333333333 0.075 0.23541666666666666
0 0.61953125 0.49583333333333335 0.0609375 0.21666666666666667
0 0.434375 0.5197916666666667 0.121875 0.40208333333333335
0 0.2578125 0.484375 0.08125 0.28125
0 0.81484375 0.565625 0.1953125 0.8479166666666667