0 0.3296875 0.484375 0.03125 0.10208333333333333
0 0.5421875 0.49895833333333334 0.0375 0.13958333333333334
0 0.49453125 0.496875 0.0359375 0.13958333333333334
0 0.6171875 0.5010416666666667 0.059375 0.21875
0 0.1515625 0.48020833333333335 0.071875 0.23541666666666666
0 0.6765625 0.5072916666666667 0.059375 0.21458333333333332
0 0.43515625 0.5239583333333333 0.1140625 0.39791666666666664
0 0.25390625 0.4875 0.0828125 0.2791666666666667
0 0.8171875 0.5572916666666666 0.19375 0.8354166666666667
0 0.3296875 0.484375 0.03125 0.10208333333333333
0 0.5421875 0.49895833333333334 0.0375 0.13958333333333334
0 0.49453125 0.496875 0.0359375 0.13958333333333334
0 0.6171875 0.5010416666666667 0.059375 0.21875
0 0.1515625 0.48020833333333335 0.071875 0.23541666666666666
0 0.6765625 0.5072916666666667 0.059375 0.21458333333333332
0 0.43515625 0.5239583333333333 0.1140625 0.39791666666666664
0 0.25390625 0.4875 0.0828125 0.2791666666666667
0 0.8171875 0.5572916666666666 0.19375 0.8354166666666667