0 0.3234375 0.478125 0.03125 0.10208333333333333
0 0.4890625 0.4895833333333333 0.034375 0.1375
0 0.5375 0.49270833333333336 0.0375 0.13958333333333334
0 0.67265625 0.5020833333333333 0.0609375 0.2125
0 0.61328125 0.4979166666666667 0.0609375 0.21666666666666667
0 0.140625 0.47291666666666665 0.071875 0.2375
0 0.24765625 0.48020833333333335 0.0828125 0.28125
0 0.43359375 0.5197916666666667 0.1078125 0.39791666666666664
0 0.815625 0.5489583333333333 0.196875 0.8354166666666667
0 0.3234375 0.478125 0.03125 0.10208333333333333
0 0.4890625 0.4895833333333333 0.034375 0.1375
0 0.5375 0.49270833333333336 0.0375 0.13958333333333334
0 0.67265625 0.5020833333333333 0.0609375 0.2125
0 0.61328125 0.4979166666666667 0.0609375 0.21666666666666667
0 0.140625 0.47291666666666665 0.071875 0.2375
0 0.24765625 0.48020833333333335 0.0828125 0.28125
0 0.43359375 0.5197916666666667 0.1078125 0.39791666666666664
0 0.815625 0.5489583333333333 0.196875 0.8354166666666667