0 0.3171875 0.48125 0.03125 0.10416666666666667
0 0.48203125 0.49583333333333335 0.0359375 0.14166666666666666
0 0.5328125 0.496875 0.0375 0.14375
0 0.60859375 0.5010416666666667 0.0578125 0.21458333333333332
0 0.66796875 0.50625 0.0609375 0.2125
0 0.1328125 0.475 0.071875 0.24166666666666667
0 0.2421875 0.48333333333333334 0.084375 0.2833333333333333
0 0.43125 0.5260416666666666 0.10625 0.39375
0 0.8125 0.5572916666666666 0.2 0.8395833333333333
0 0.3171875 0.48125 0.03125 0.10416666666666667
0 0.48203125 0.49583333333333335 0.0359375 0.14166666666666666
0 0.5328125 0.496875 0.0375 0.14375
0 0.60859375 0.5010416666666667 0.0578125 0.21458333333333332
0 0.66796875 0.50625 0.0609375 0.2125
0 0.1328125 0.475 0.071875 0.24166666666666667
0 0.2421875 0.48333333333333334 0.084375 0.2833333333333333
0 0.43125 0.5260416666666666 0.10625 0.39375
0 0.8125 0.5572916666666666 0.2 0.8395833333333333