0 0.31328125 0.48020833333333335 0.0296875 0.10208333333333333
0 0.53046875 0.49270833333333336 0.0390625 0.13958333333333334
0 0.60546875 0.5 0.0578125 0.2125
0 0.66484375 0.5041666666666667 0.0609375 0.2125
0 0.1265625 0.47604166666666664 0.075 0.24375
0 0.2390625 0.48541666666666666 0.084375 0.2833333333333333
0 0.434375 0.5291666666666667 0.103125 0.3875
0 0.80625 0.5614583333333333 0.203125 0.84375
0 0.31328125 0.48020833333333335 0.0296875 0.10208333333333333
0 0.53046875 0.49270833333333336 0.0390625 0.13958333333333334
0 0.60546875 0.5 0.0578125 0.2125
0 0.66484375 0.5041666666666667 0.0609375 0.2125
0 0.1265625 0.47604166666666664 0.075 0.24375
0 0.2390625 0.48541666666666666 0.084375 0.2833333333333333
0 0.434375 0.5291666666666667 0.103125 0.3875
0 0.80625 0.5614583333333333 0.203125 0.84375