0 0.30703125 0.47708333333333336 0.0296875 0.10416666666666667
0 0.5265625 0.48854166666666665 0.0375 0.14375
0 0.6 0.49583333333333335 0.059375 0.21666666666666667
0 0.66171875 0.5020833333333333 0.0609375 0.2125
0 0.11953125 0.4739583333333333 0.0765625 0.24791666666666667
0 0.2359375 0.484375 0.084375 0.28125
0 0.44375 0.51875 0.1125 0.3875
0 0.8015625 0.5708333333333333 0.209375 0.8541666666666666
0 0.30703125 0.47708333333333336 0.0296875 0.10416666666666667
0 0.5265625 0.48854166666666665 0.0375 0.14375
0 0.6 0.49583333333333335 0.059375 0.21666666666666667
0 0.66171875 0.5020833333333333 0.0609375 0.2125
0 0.11953125 0.4739583333333333 0.0765625 0.24791666666666667
0 0.2359375 0.484375 0.084375 0.28125
0 0.44375 0.51875 0.1125 0.3875
0 0.8015625 0.5708333333333333 0.209375 0.8541666666666666