0 0.29453125 0.48333333333333334 0.0296875 0.10416666666666667
0 0.51640625 0.4979166666666667 0.0390625 0.15
0 0.6515625 0.5125 0.059375 0.2125
0 0.58984375 0.503125 0.0609375 0.21875
0 0.7859375 0.5666666666666667 0.2 0.8208333333333333
0 0.10390625 0.48020833333333335 0.0765625 0.2520833333333333
0 0.44453125 0.5260416666666666 0.1140625 0.3854166666666667
0 0.225 0.490625 0.084375 0.28125
0 0.29453125 0.48333333333333334 0.0296875 0.10416666666666667
0 0.51640625 0.4979166666666667 0.0390625 0.15
0 0.6515625 0.5125 0.059375 0.2125
0 0.58984375 0.503125 0.0609375 0.21875
0 0.7859375 0.5666666666666667 0.2 0.8208333333333333
0 0.10390625 0.48020833333333335 0.0765625 0.2520833333333333
0 0.44453125 0.5260416666666666 0.1140625 0.3854166666666667
0 0.225 0.490625 0.084375 0.28125