0 0.2921875 0.484375 0.03125 0.10208333333333333
0 0.515625 0.5010416666666667 0.040625 0.15208333333333332
0 0.4453125 0.5291666666666667 0.109375 0.37916666666666665
0 0.64921875 0.5125 0.0609375 0.2125
0 0.58828125 0.5041666666666667 0.0609375 0.21666666666666667
0 0.1 0.4791666666666667 0.078125 0.25416666666666665
0 0.225 0.4895833333333333 0.084375 0.2791666666666667
0 0.78125 0.559375 0.2 0.8145833333333333
0 0.5546875 0.509375 0.03125 0.12708333333333333
0 0.39921875 0.49166666666666664 0.0421875 0.15
0 0.2921875 0.484375 0.03125 0.10208333333333333
0 0.515625 0.5010416666666667 0.040625 0.15208333333333332
0 0.4453125 0.5291666666666667 0.109375 0.37916666666666665
0 0.64921875 0.5125 0.0609375 0.2125
0 0.58828125 0.5041666666666667 0.0609375 0.21666666666666667
0 0.1 0.4791666666666667 0.078125 0.25416666666666665
0 0.225 0.4895833333333333 0.084375 0.2791666666666667
0 0.78125 0.559375 0.2 0.8145833333333333
0 0.5546875 0.509375 0.03125 0.12708333333333333
0 0.39921875 0.49166666666666664 0.0421875 0.15