0 0.328125 0.490625 0.0625 0.26875
0 0.36875 0.48854166666666665 0.06875 0.26458333333333334
0 0.3484375 0.49895833333333334 0.078125 0.3229166666666667
0 0.453125 0.49270833333333336 0.040625 0.12291666666666666
0 0.86875 0.5083333333333333 0.075 0.23333333333333334
0 0.7765625 0.5020833333333333 0.028125 0.09583333333333334
0 0.328125 0.490625 0.0625 0.26875
0 0.36875 0.48854166666666665 0.06875 0.26458333333333334
0 0.3484375 0.49895833333333334 0.078125 0.3229166666666667
0 0.453125 0.49270833333333336 0.040625 0.12291666666666666
0 0.86875 0.5083333333333333 0.075 0.23333333333333334
0 0.7765625 0.5020833333333333 0.028125 0.09583333333333334