0 0.55859375 0.5072916666666667 0.0328125 0.13541666666666666
0 0.29296875 0.48541666666666666 0.0296875 0.10416666666666667
0 0.40078125 0.4947916666666667 0.0453125 0.16458333333333333
0 0.65390625 0.509375 0.0609375 0.21041666666666667
0 0.51875 0.5010416666666667 0.040625 0.15625
0 0.5921875 0.503125 0.059375 0.21875
0 0.4546875 0.5333333333333333 0.10625 0.37916666666666665
0 0.23046875 0.4895833333333333 0.0828125 0.2791666666666667
0 0.10078125 0.48333333333333334 0.0796875 0.25833333333333336
0 0.78046875 0.5510416666666667 0.1953125 0.8145833333333333
0 0.55859375 0.5072916666666667 0.0328125 0.13541666666666666
0 0.29296875 0.48541666666666666 0.0296875 0.10416666666666667
0 0.40078125 0.4947916666666667 0.0453125 0.16458333333333333
0 0.65390625 0.509375 0.0609375 0.21041666666666667
0 0.51875 0.5010416666666667 0.040625 0.15625
0 0.5921875 0.503125 0.059375 0.21875
0 0.4546875 0.5333333333333333 0.10625 0.37916666666666665
0 0.23046875 0.4895833333333333 0.0828125 0.2791666666666667
0 0.10078125 0.48333333333333334 0.0796875 0.25833333333333336
0 0.78046875 0.5510416666666667 0.1953125 0.8145833333333333