0 0.55859375 0.5041666666666667 0.0328125 0.14583333333333334
0 0.2921875 0.48541666666666666 0.03125 0.10416666666666667
0 0.3984375 0.49166666666666664 0.046875 0.15833333333333333
0 0.5171875 0.5 0.040625 0.15833333333333333
0 0.65234375 0.509375 0.0609375 0.21041666666666667
0 0.59296875 0.5041666666666667 0.0578125 0.21666666666666667
0 0.45390625 0.53125 0.1078125 0.375
0 0.78046875 0.5510416666666667 0.1984375 0.81875
0 0.22890625 0.4895833333333333 0.0828125 0.2833333333333333
0 0.09765625 0.484375 0.0828125 0.2604166666666667
0 0.55859375 0.5041666666666667 0.0328125 0.14583333333333334
0 0.2921875 0.48541666666666666 0.03125 0.10416666666666667
0 0.3984375 0.49166666666666664 0.046875 0.15833333333333333
0 0.5171875 0.5 0.040625 0.15833333333333333
0 0.65234375 0.509375 0.0609375 0.21041666666666667
0 0.59296875 0.5041666666666667 0.0578125 0.21666666666666667
0 0.45390625 0.53125 0.1078125 0.375
0 0.78046875 0.5510416666666667 0.1984375 0.81875
0 0.22890625 0.4895833333333333 0.0828125 0.2833333333333333
0 0.09765625 0.484375 0.0828125 0.2604166666666667