0 0.55390625 0.503125 0.0328125 0.13958333333333334
0 0.2859375 0.48125 0.03125 0.10833333333333334
0 0.39140625 0.49270833333333336 0.0484375 0.17291666666666666
0 0.51328125 0.4947916666666667 0.0421875 0.16041666666666668
0 0.58828125 0.5020833333333333 0.0578125 0.21666666666666667
0 0.64765625 0.5041666666666667 0.0609375 0.2125
0 0.45390625 0.5208333333333334 0.1078125 0.36666666666666664
0 0.0859375 0.478125 0.084375 0.26458333333333334
0 0.22265625 0.48854166666666665 0.0828125 0.28125
0 0.77421875 0.5625 0.1953125 0.8416666666666667
0 0.55390625 0.503125 0.0328125 0.13958333333333334
0 0.2859375 0.48125 0.03125 0.10833333333333334
0 0.39140625 0.49270833333333336 0.0484375 0.17291666666666666
0 0.51328125 0.4947916666666667 0.0421875 0.16041666666666668
0 0.58828125 0.5020833333333333 0.0578125 0.21666666666666667
0 0.64765625 0.5041666666666667 0.0609375 0.2125
0 0.45390625 0.5208333333333334 0.1078125 0.36666666666666664
0 0.0859375 0.478125 0.084375 0.26458333333333334
0 0.22265625 0.48854166666666665 0.0828125 0.28125
0 0.77421875 0.5625 0.1953125 0.8416666666666667