0 0.553125 0.5 0.034375 0.14583333333333334
0 0.28203125 0.48020833333333335 0.0296875 0.10625
0 0.51015625 0.49375 0.0421875 0.1625
0 0.3859375 0.49270833333333336 0.05 0.18125
0 0.58671875 0.5020833333333333 0.0578125 0.21666666666666667
0 0.64609375 0.5041666666666667 0.0578125 0.2125
0 0.21953125 0.48541666666666666 0.0828125 0.2791666666666667
0 0.45390625 0.5177083333333333 0.1046875 0.3645833333333333
0 0.07890625 0.475 0.0890625 0.26666666666666666
0 0.7703125 0.5666666666666667 0.190625 0.8375
0 0.553125 0.5 0.034375 0.14583333333333334
0 0.28203125 0.48020833333333335 0.0296875 0.10625
0 0.51015625 0.49375 0.0421875 0.1625
0 0.3859375 0.49270833333333336 0.05 0.18125
0 0.58671875 0.5020833333333333 0.0578125 0.21666666666666667
0 0.64609375 0.5041666666666667 0.0578125 0.2125
0 0.21953125 0.48541666666666666 0.0828125 0.2791666666666667
0 0.45390625 0.5177083333333333 0.1046875 0.3645833333333333
0 0.07890625 0.475 0.0890625 0.26666666666666666
0 0.7703125 0.5666666666666667 0.190625 0.8375