0 0.55546875 0.5 0.0359375 0.14583333333333334
0 0.28203125 0.478125 0.0296875 0.10625
0 0.51171875 0.490625 0.0421875 0.16875
0 0.58984375 0.4979166666666667 0.0578125 0.21666666666666667
0 0.384375 0.49270833333333336 0.053125 0.18541666666666667
0 0.6484375 0.5020833333333333 0.05625 0.20833333333333334
0 0.075 0.4739583333333333 0.090625 0.26875
0 0.459375 0.5177083333333333 0.103125 0.3645833333333333
0 0.21953125 0.484375 0.0828125 0.27708333333333335
0 0.7703125 0.5645833333333333 0.184375 0.8375
0 0.55546875 0.5 0.0359375 0.14583333333333334
0 0.28203125 0.478125 0.0296875 0.10625
0 0.51171875 0.490625 0.0421875 0.16875
0 0.58984375 0.4979166666666667 0.0578125 0.21666666666666667
0 0.384375 0.49270833333333336 0.053125 0.18541666666666667
0 0.6484375 0.5020833333333333 0.05625 0.20833333333333334
0 0.075 0.4739583333333333 0.090625 0.26875
0 0.459375 0.5177083333333333 0.103125 0.3645833333333333
0 0.21953125 0.484375 0.0828125 0.27708333333333335
0 0.7703125 0.5645833333333333 0.184375 0.8375