0 0.559375 0.49583333333333335 0.0375 0.15
0 0.51328125 0.48854166666666665 0.0421875 0.17291666666666666
0 0.3828125 0.49375 0.05625 0.19166666666666668
0 0.59375 0.49375 0.059375 0.22083333333333333
0 0.6515625 0.5 0.05625 0.20833333333333334
0 0.46328125 0.5166666666666667 0.0984375 0.35833333333333334
0 0.2203125 0.4822916666666667 0.08125 0.27708333333333335
0 0.07421875 0.471875 0.0921875 0.26875
0 0.771875 0.55 0.1875 0.825
0 0.28359375 0.47604166666666664 0.0296875 0.10625
0 0.559375 0.49583333333333335 0.0375 0.15
0 0.51328125 0.48854166666666665 0.0421875 0.17291666666666666
0 0.3828125 0.49375 0.05625 0.19166666666666668
0 0.59375 0.49375 0.059375 0.22083333333333333
0 0.6515625 0.5 0.05625 0.20833333333333334
0 0.46328125 0.5166666666666667 0.0984375 0.35833333333333334
0 0.2203125 0.4822916666666667 0.08125 0.27708333333333335
0 0.07421875 0.471875 0.0921875 0.26875
0 0.771875 0.55 0.1875 0.825
0 0.28359375 0.47604166666666664 0.0296875 0.10625