0 0.55390625 0.5125 0.0328125 0.125
0 0.27734375 0.478125 0.0328125 0.11041666666666666
0 0.51015625 0.490625 0.0421875 0.17291666666666666
0 0.590625 0.496875 0.059375 0.21875
0 0.37578125 0.49375 0.0578125 0.19583333333333333
0 0.646875 0.5020833333333333 0.05625 0.20833333333333334
0 0.46328125 0.521875 0.0953125 0.35625
0 0.21328125 0.4822916666666667 0.0796875 0.27708333333333335
0 0.06328125 0.475 0.0890625 0.2708333333333333
0 0.765625 0.5395833333333333 0.184375 0.8
0 0.55390625 0.5125 0.0328125 0.125
0 0.27734375 0.478125 0.0328125 0.11041666666666666
0 0.51015625 0.490625 0.0421875 0.17291666666666666
0 0.590625 0.496875 0.059375 0.21875
0 0.37578125 0.49375 0.0578125 0.19583333333333333
0 0.646875 0.5020833333333333 0.05625 0.20833333333333334
0 0.46328125 0.521875 0.0953125 0.35625
0 0.21328125 0.4822916666666667 0.0796875 0.27708333333333335
0 0.06328125 0.475 0.0890625 0.2708333333333333
0 0.765625 0.5395833333333333 0.184375 0.8