0 0.27109375 0.47604166666666664 0.0328125 0.11041666666666666
0 0.55234375 0.4979166666666667 0.0390625 0.15
0 0.50546875 0.49270833333333336 0.0453125 0.17708333333333334
0 0.64375 0.5020833333333333 0.05625 0.20833333333333334
0 0.58671875 0.4947916666666667 0.0578125 0.21875
0 0.3671875 0.490625 0.0625 0.20208333333333334
0 0.76015625 0.5416666666666666 0.1859375 0.8125
0 0.20546875 0.478125 0.0828125 0.27708333333333335
0 0.465625 0.5177083333333333 0.1 0.34791666666666665
0 0.05078125 0.471875 0.0921875 0.27708333333333335
0 0.42890625 0.490625 0.0453125 0.17291666666666666
0 0.27109375 0.47604166666666664 0.0328125 0.11041666666666666
0 0.55234375 0.4979166666666667 0.0390625 0.15
0 0.50546875 0.49270833333333336 0.0453125 0.17708333333333334
0 0.64375 0.5020833333333333 0.05625 0.20833333333333334
0 0.58671875 0.4947916666666667 0.0578125 0.21875
0 0.3671875 0.490625 0.0625 0.20208333333333334
0 0.76015625 0.5416666666666666 0.1859375 0.8125
0 0.20546875 0.478125 0.0828125 0.27708333333333335
0 0.465625 0.5177083333333333 0.1 0.34791666666666665
0 0.05078125 0.471875 0.0921875 0.27708333333333335
0 0.42890625 0.490625 0.0453125 0.17291666666666666