0 0.421875 0.49583333333333335 0.046875 0.1875
0 0.553125 0.496875 0.040625 0.16041666666666668
0 0.26484375 0.4739583333333333 0.0328125 0.11041666666666666
0 0.503125 0.490625 0.046875 0.18125
0 0.64140625 0.5010416666666667 0.0578125 0.21041666666666667
0 0.58515625 0.4947916666666667 0.0578125 0.21875
0 0.359375 0.4895833333333333 0.0625 0.20833333333333334
0 0.75546875 0.5416666666666666 0.1921875 0.8208333333333333
0 0.04375 0.46979166666666666 0.0875 0.28125
0 0.20078125 0.47604166666666664 0.0828125 0.28125
0 0.46640625 0.5135416666666667 0.1046875 0.34791666666666665
0 0.421875 0.49583333333333335 0.046875 0.1875
0 0.553125 0.496875 0.040625 0.16041666666666668
0 0.26484375 0.4739583333333333 0.0328125 0.11041666666666666
0 0.503125 0.490625 0.046875 0.18125
0 0.64140625 0.5010416666666667 0.0578125 0.21041666666666667
0 0.58515625 0.4947916666666667 0.0578125 0.21875
0 0.359375 0.4895833333333333 0.0625 0.20833333333333334
0 0.75546875 0.5416666666666666 0.1921875 0.8208333333333333
0 0.04375 0.46979166666666666 0.0875 0.28125
0 0.20078125 0.47604166666666664 0.0828125 0.28125
0 0.46640625 0.5135416666666667 0.1046875 0.34791666666666665