0 0.5546875 0.4947916666666667 0.040625 0.16458333333333333
0 0.42109375 0.4979166666666667 0.0484375 0.19166666666666668
0 0.503125 0.490625 0.046875 0.18541666666666667
0 0.26328125 0.47604166666666664 0.0328125 0.11458333333333333
0 0.64296875 0.5010416666666667 0.0578125 0.21041666666666667
0 0.58671875 0.4947916666666667 0.0578125 0.21875
0 0.35625 0.49166666666666664 0.0625 0.2125
0 0.2 0.4791666666666667 0.08125 0.2791666666666667
0 0.04140625 0.471875 0.0828125 0.28125
0 0.75078125 0.55 0.1921875 0.825
0 0.46640625 0.5135416666666667 0.1046875 0.34375
0 0.5546875 0.4947916666666667 0.040625 0.16458333333333333
0 0.42109375 0.4979166666666667 0.0484375 0.19166666666666668
0 0.503125 0.490625 0.046875 0.18541666666666667
0 0.26328125 0.47604166666666664 0.0328125 0.11458333333333333
0 0.64296875 0.5010416666666667 0.0578125 0.21041666666666667
0 0.58671875 0.4947916666666667 0.0578125 0.21875
0 0.35625 0.49166666666666664 0.0625 0.2125
0 0.2 0.4791666666666667 0.08125 0.2791666666666667
0 0.04140625 0.471875 0.0828125 0.28125
0 0.75078125 0.55 0.1921875 0.825
0 0.46640625 0.5135416666666667 0.1046875 0.34375