0 0.26328125 0.4822916666666667 0.0328125 0.11041666666666666
0 0.41796875 0.5041666666666667 0.0484375 0.19583333333333333
0 0.50546875 0.49583333333333335 0.0484375 0.19166666666666668
0 0.5890625 0.49895833333333334 0.059375 0.21875
0 0.64453125 0.5041666666666667 0.0578125 0.2125
0 0.35 0.5 0.0625 0.2125
0 0.7484375 0.5635416666666667 0.2 0.83125
0 0.0390625 0.478125 0.078125 0.28125
0 0.2 0.48854166666666665 0.084375 0.27708333333333335
0 0.46796875 0.521875 0.0984375 0.33958333333333335
0 0.55625 0.5 0.040625 0.1625
0 0.26328125 0.4822916666666667 0.0328125 0.11041666666666666
0 0.41796875 0.5041666666666667 0.0484375 0.19583333333333333
0 0.50546875 0.49583333333333335 0.0484375 0.19166666666666668
0 0.5890625 0.49895833333333334 0.059375 0.21875
0 0.64453125 0.5041666666666667 0.0578125 0.2125
0 0.35 0.5 0.0625 0.2125
0 0.7484375 0.5635416666666667 0.2 0.83125
0 0.0390625 0.478125 0.078125 0.28125
0 0.2 0.48854166666666665 0.084375 0.27708333333333335
0 0.46796875 0.521875 0.0984375 0.33958333333333335
0 0.55625 0.5 0.040625 0.1625