0 0.26015625 0.48020833333333335 0.0328125 0.10625
0 0.41484375 0.4947916666666667 0.0484375 0.18958333333333333
0 0.503125 0.49270833333333336 0.046875 0.19375
0 0.5890625 0.49895833333333334 0.059375 0.21875
0 0.6421875 0.503125 0.05625 0.21041666666666667
0 0.03515625 0.47604166666666664 0.0703125 0.28541666666666665
0 0.3421875 0.4979166666666667 0.0625 0.22083333333333333
0 0.75078125 0.5625 0.1984375 0.8291666666666667
0 0.19765625 0.4864583333333333 0.0828125 0.27291666666666664
0 0.46640625 0.5239583333333333 0.0953125 0.33958333333333335
0 0.55625 0.5 0.040625 0.1625
0 0.26015625 0.48020833333333335 0.0328125 0.10625
0 0.41484375 0.4947916666666667 0.0484375 0.18958333333333333
0 0.503125 0.49270833333333336 0.046875 0.19375
0 0.5890625 0.49895833333333334 0.059375 0.21875
0 0.6421875 0.503125 0.05625 0.21041666666666667
0 0.03515625 0.47604166666666664 0.0703125 0.28541666666666665
0 0.3421875 0.4979166666666667 0.0625 0.22083333333333333
0 0.75078125 0.5625 0.1984375 0.8291666666666667
0 0.19765625 0.4864583333333333 0.0828125 0.27291666666666664
0 0.46640625 0.5239583333333333 0.0953125 0.33958333333333335
0 0.55625 0.5 0.040625 0.1625