0 0.5578125 0.49895833333333334 0.04375 0.17291666666666666
0 0.25703125 0.48125 0.0328125 0.1125
0 0.5 0.4947916666666667 0.05 0.19791666666666666
0 0.409375 0.5 0.053125 0.2
0 0.63984375 0.5052083333333334 0.0578125 0.21041666666666667
0 0.58671875 0.5010416666666667 0.0578125 0.21875
0 0.03125 0.47708333333333336 0.0625 0.2875
0 0.334375 0.5010416666666667 0.0625 0.22708333333333333
0 0.46484375 0.5239583333333333 0.0921875 0.33541666666666664
0 0.1953125 0.4895833333333333 0.08125 0.275
0 0.74140625 0.55625 0.1890625 0.8166666666666667
0 0.5578125 0.49895833333333334 0.04375 0.17291666666666666
0 0.25703125 0.48125 0.0328125 0.1125
0 0.5 0.4947916666666667 0.05 0.19791666666666666
0 0.409375 0.5 0.053125 0.2
0 0.63984375 0.5052083333333334 0.0578125 0.21041666666666667
0 0.58671875 0.5010416666666667 0.0578125 0.21875
0 0.03125 0.47708333333333336 0.0625 0.2875
0 0.334375 0.5010416666666667 0.0625 0.22708333333333333
0 0.46484375 0.5239583333333333 0.0921875 0.33541666666666664
0 0.1953125 0.4895833333333333 0.08125 0.275
0 0.74140625 0.55625 0.1890625 0.8166666666666667