0 0.5 0.496875 0.05 0.20208333333333334
0 0.0296875 0.47708333333333336 0.059375 0.2916666666666667
0 0.40625 0.5 0.05625 0.20416666666666666
0 0.5890625 0.5 0.059375 0.22083333333333333
0 0.640625 0.50625 0.059375 0.2125
0 0.4671875 0.51875 0.09375 0.3333333333333333
0 0.19609375 0.48854166666666665 0.0828125 0.27708333333333335
0 0.32734375 0.5 0.0640625 0.2375
0 0.7359375 0.5458333333333333 0.18125 0.8
0 0.25703125 0.48125 0.0328125 0.1125
0 0.5578125 0.5010416666666667 0.04375 0.17291666666666666
0 0.5 0.496875 0.05 0.20208333333333334
0 0.0296875 0.47708333333333336 0.059375 0.2916666666666667
0 0.40625 0.5 0.05625 0.20416666666666666
0 0.5890625 0.5 0.059375 0.22083333333333333
0 0.640625 0.50625 0.059375 0.2125
0 0.4671875 0.51875 0.09375 0.3333333333333333
0 0.19609375 0.48854166666666665 0.0828125 0.27708333333333335
0 0.32734375 0.5 0.0640625 0.2375
0 0.7359375 0.5458333333333333 0.18125 0.8
0 0.25703125 0.48125 0.0328125 0.1125
0 0.5578125 0.5010416666666667 0.04375 0.17291666666666666