0 0.56328125 0.515625 0.0390625 0.13958333333333334
0 0.50078125 0.4947916666666667 0.0515625 0.20625
0 0.2578125 0.4791666666666667 0.034375 0.1125
0 0.03125 0.4739583333333333 0.0625 0.28958333333333336
0 0.40625 0.4947916666666667 0.05625 0.20208333333333334
0 0.5921875 0.4947916666666667 0.059375 0.21875
0 0.6421875 0.5020833333333333 0.05625 0.2125
0 0.46953125 0.5125 0.0953125 0.32916666666666666
0 0.325 0.49583333333333335 0.065625 0.24166666666666667
0 0.1984375 0.4822916666666667 0.08125 0.27291666666666664
0 0.734375 0.5354166666666667 0.178125 0.8
0 0.56328125 0.515625 0.0390625 0.13958333333333334
0 0.50078125 0.4947916666666667 0.0515625 0.20625
0 0.2578125 0.4791666666666667 0.034375 0.1125
0 0.03125 0.4739583333333333 0.0625 0.28958333333333336
0 0.40625 0.4947916666666667 0.05625 0.20208333333333334
0 0.5921875 0.4947916666666667 0.059375 0.21875
0 0.6421875 0.5020833333333333 0.05625 0.2125
0 0.46953125 0.5125 0.0953125 0.32916666666666666
0 0.325 0.49583333333333335 0.065625 0.24166666666666667
0 0.1984375 0.4822916666666667 0.08125 0.27291666666666664
0 0.734375 0.5354166666666667 0.178125 0.8