0 0.496875 0.49270833333333336 0.053125 0.20625
0 0.25546875 0.47708333333333336 0.0328125 0.11666666666666667
0 0.5625 0.515625 0.0375 0.13958333333333334
0 0.03046875 0.471875 0.0609375 0.28958333333333336
0 0.403125 0.49583333333333335 0.05625 0.20416666666666666
0 0.640625 0.49895833333333334 0.05625 0.21041666666666667
0 0.59296875 0.49270833333333336 0.0578125 0.21875
0 0.31796875 0.4947916666666667 0.0671875 0.24791666666666667
0 0.196875 0.4791666666666667 0.08125 0.275
0 0.46796875 0.5135416666666667 0.0953125 0.32708333333333334
0 0.734375 0.534375 0.175 0.7979166666666667
0 0.496875 0.49270833333333336 0.053125 0.20625
0 0.25546875 0.47708333333333336 0.0328125 0.11666666666666667
0 0.5625 0.515625 0.0375 0.13958333333333334
0 0.03046875 0.471875 0.0609375 0.28958333333333336
0 0.403125 0.49583333333333335 0.05625 0.20416666666666666
0 0.640625 0.49895833333333334 0.05625 0.21041666666666667
0 0.59296875 0.49270833333333336 0.0578125 0.21875
0 0.31796875 0.4947916666666667 0.0671875 0.24791666666666667
0 0.196875 0.4791666666666667 0.08125 0.275
0 0.46796875 0.5135416666666667 0.0953125 0.32708333333333334
0 0.734375 0.534375 0.175 0.7979166666666667