0 0.559375 0.5208333333333334 0.0375 0.14166666666666666
0 0.49296875 0.49583333333333335 0.0546875 0.2125
0 0.25 0.478125 0.034375 0.11458333333333333
0 0.0265625 0.4708333333333333 0.053125 0.2916666666666667
0 0.63671875 0.5020833333333333 0.0578125 0.2125
0 0.39765625 0.49895833333333334 0.0578125 0.21041666666666667
0 0.58984375 0.49583333333333335 0.0578125 0.22083333333333333
0 0.1921875 0.48125 0.08125 0.275
0 0.30703125 0.5 0.0703125 0.25416666666666665
0 0.46328125 0.5177083333333333 0.0953125 0.32708333333333334
0 0.73359375 0.55 0.1765625 0.8125
0 0.559375 0.5208333333333334 0.0375 0.14166666666666666
0 0.49296875 0.49583333333333335 0.0546875 0.2125
0 0.25 0.478125 0.034375 0.11458333333333333
0 0.0265625 0.4708333333333333 0.053125 0.2916666666666667
0 0.63671875 0.5020833333333333 0.0578125 0.2125
0 0.39765625 0.49895833333333334 0.0578125 0.21041666666666667
0 0.58984375 0.49583333333333335 0.0578125 0.22083333333333333
0 0.1921875 0.48125 0.08125 0.275
0 0.30703125 0.5 0.0703125 0.25416666666666665
0 0.46328125 0.5177083333333333 0.0953125 0.32708333333333334
0 0.73359375 0.55 0.1765625 0.8125