0 0.246875 0.478125 0.034375 0.11458333333333333
0 0.5578125 0.5229166666666667 0.0375 0.1375
0 0.48984375 0.49270833333333336 0.0578125 0.21875
0 0.021875 0.46875 0.04375 0.29583333333333334
0 0.6359375 0.5010416666666667 0.059375 0.21458333333333332
0 0.58984375 0.4947916666666667 0.0578125 0.22291666666666668
0 0.39296875 0.496875 0.0578125 0.21875
0 0.46171875 0.5177083333333333 0.0953125 0.3229166666666667
0 0.2984375 0.4979166666666667 0.071875 0.2625
0 0.190625 0.4791666666666667 0.08125 0.275
0 0.73203125 0.5614583333333333 0.1796875 0.8270833333333333
0 0.246875 0.478125 0.034375 0.11458333333333333
0 0.5578125 0.5229166666666667 0.0375 0.1375
0 0.48984375 0.49270833333333336 0.0578125 0.21875
0 0.021875 0.46875 0.04375 0.29583333333333334
0 0.6359375 0.5010416666666667 0.059375 0.21458333333333332
0 0.58984375 0.4947916666666667 0.0578125 0.22291666666666668
0 0.39296875 0.496875 0.0578125 0.21875
0 0.46171875 0.5177083333333333 0.0953125 0.3229166666666667
0 0.2984375 0.4979166666666667 0.071875 0.2625
0 0.190625 0.4791666666666667 0.08125 0.275
0 0.73203125 0.5614583333333333 0.1796875 0.8270833333333333