0 0.5609375 0.5208333333333334 0.0375 0.14166666666666666
0 0.24765625 0.47708333333333336 0.0328125 0.11666666666666667
0 0.490625 0.49270833333333336 0.059375 0.22708333333333333
0 0.02109375 0.46979166666666666 0.0421875 0.29791666666666666
0 0.63828125 0.5020833333333333 0.0578125 0.21666666666666667
0 0.3921875 0.49375 0.059375 0.225
0 0.46484375 0.5145833333333333 0.0984375 0.32083333333333336
0 0.59296875 0.49583333333333335 0.0578125 0.225
0 0.29375 0.4979166666666667 0.071875 0.2708333333333333
0 0.18984375 0.48125 0.0796875 0.2708333333333333
0 0.73359375 0.5666666666666667 0.1765625 0.8291666666666667
0 0.5609375 0.5208333333333334 0.0375 0.14166666666666666
0 0.24765625 0.47708333333333336 0.0328125 0.11666666666666667
0 0.490625 0.49270833333333336 0.059375 0.22708333333333333
0 0.02109375 0.46979166666666666 0.0421875 0.29791666666666666
0 0.63828125 0.5020833333333333 0.0578125 0.21666666666666667
0 0.3921875 0.49375 0.059375 0.225
0 0.46484375 0.5145833333333333 0.0984375 0.32083333333333336
0 0.59296875 0.49583333333333335 0.0578125 0.225
0 0.29375 0.4979166666666667 0.071875 0.2708333333333333
0 0.18984375 0.48125 0.0796875 0.2708333333333333
0 0.73359375 0.5666666666666667 0.1765625 0.8291666666666667