0 0.24921875 0.48020833333333335 0.0328125 0.11875
0 0.56328125 0.5229166666666667 0.0390625 0.14166666666666666
0 0.4921875 0.496875 0.059375 0.23125
0 0.02109375 0.475 0.0421875 0.3
0 0.64140625 0.503125 0.0578125 0.21458333333333332
0 0.59765625 0.49895833333333334 0.0578125 0.22291666666666668
0 0.39296875 0.49583333333333335 0.0609375 0.22916666666666666
0 0.465625 0.5125 0.096875 0.31666666666666665
0 0.190625 0.48541666666666666 0.078125 0.2708333333333333
0 0.290625 0.5 0.075 0.2791666666666667
0 0.73984375 0.5666666666666667 0.1828125 0.8333333333333334
0 0.24921875 0.48020833333333335 0.0328125 0.11875
0 0.56328125 0.5229166666666667 0.0390625 0.14166666666666666
0 0.4921875 0.496875 0.059375 0.23125
0 0.02109375 0.475 0.0421875 0.3
0 0.64140625 0.503125 0.0578125 0.21458333333333332
0 0.59765625 0.49895833333333334 0.0578125 0.22291666666666668
0 0.39296875 0.49583333333333335 0.0609375 0.22916666666666666
0 0.465625 0.5125 0.096875 0.31666666666666665
0 0.190625 0.48541666666666666 0.078125 0.2708333333333333
0 0.290625 0.5 0.075 0.2791666666666667
0 0.73984375 0.5666666666666667 0.1828125 0.8333333333333334