0 0.49296875 0.49895833333333334 0.0578125 0.23541666666666666
0 0.56171875 0.5229166666666667 0.0390625 0.15
0 0.0203125 0.47708333333333336 0.040625 0.3
0 0.64140625 0.50625 0.0578125 0.21666666666666667
0 0.5984375 0.49895833333333334 0.059375 0.22291666666666668
0 0.38671875 0.49895833333333334 0.0640625 0.23541666666666666
0 0.459375 0.5125 0.090625 0.3125
0 0.18984375 0.4875 0.0796875 0.2708333333333333
0 0.27734375 0.5020833333333333 0.0765625 0.2875
0 0.73984375 0.5427083333333333 0.1828125 0.7854166666666667
0 0.49296875 0.49895833333333334 0.0578125 0.23541666666666666
0 0.56171875 0.5229166666666667 0.0390625 0.15
0 0.0203125 0.47708333333333336 0.040625 0.3
0 0.64140625 0.50625 0.0578125 0.21666666666666667
0 0.5984375 0.49895833333333334 0.059375 0.22291666666666668
0 0.38671875 0.49895833333333334 0.0640625 0.23541666666666666
0 0.459375 0.5125 0.090625 0.3125
0 0.18984375 0.4875 0.0796875 0.2708333333333333
0 0.27734375 0.5020833333333333 0.0765625 0.2875
0 0.73984375 0.5427083333333333 0.1828125 0.7854166666666667