0 0.01953125 0.475 0.0390625 0.3
0 0.55859375 0.5208333333333334 0.0421875 0.15
0 0.4921875 0.4979166666666667 0.059375 0.2375
0 0.640625 0.5041666666666667 0.059375 0.21666666666666667
0 0.5984375 0.496875 0.059375 0.22291666666666668
0 0.3828125 0.49895833333333334 0.065625 0.23958333333333334
0 0.1875 0.4822916666666667 0.08125 0.26875
0 0.45546875 0.5135416666666667 0.0859375 0.3104166666666667
0 0.7390625 0.5395833333333333 0.184375 0.7833333333333333
0 0.26953125 0.5 0.0796875 0.3
0 0.01953125 0.475 0.0390625 0.3
0 0.55859375 0.5208333333333334 0.0421875 0.15
0 0.4921875 0.4979166666666667 0.059375 0.2375
0 0.640625 0.5041666666666667 0.059375 0.21666666666666667
0 0.5984375 0.496875 0.059375 0.22291666666666668
0 0.3828125 0.49895833333333334 0.065625 0.23958333333333334
0 0.1875 0.4822916666666667 0.08125 0.26875
0 0.45546875 0.5135416666666667 0.0859375 0.3104166666666667
0 0.7390625 0.5395833333333333 0.184375 0.7833333333333333
0 0.26953125 0.5 0.0796875 0.3