0 0.01875 0.4739583333333333 0.0375 0.3020833333333333
0 0.55546875 0.521875 0.0453125 0.15625
0 0.63984375 0.503125 0.0578125 0.21875
0 0.4921875 0.5010416666666667 0.059375 0.24375
0 0.596875 0.49583333333333335 0.059375 0.225
0 0.4515625 0.5166666666666667 0.08125 0.30833333333333335
0 0.184375 0.48020833333333335 0.078125 0.27291666666666664
0 0.37578125 0.4979166666666667 0.0640625 0.24166666666666667
0 0.73984375 0.540625 0.1890625 0.7895833333333333
0 0.25546875 0.5020833333333333 0.0859375 0.3125
0 0.01875 0.4739583333333333 0.0375 0.3020833333333333
0 0.55546875 0.521875 0.0453125 0.15625
0 0.63984375 0.503125 0.0578125 0.21875
0 0.4921875 0.5010416666666667 0.059375 0.24375
0 0.596875 0.49583333333333335 0.059375 0.225
0 0.4515625 0.5166666666666667 0.08125 0.30833333333333335
0 0.184375 0.48020833333333335 0.078125 0.27291666666666664
0 0.37578125 0.4979166666666667 0.0640625 0.24166666666666667
0 0.73984375 0.540625 0.1890625 0.7895833333333333
0 0.25546875 0.5020833333333333 0.0859375 0.3125