0 0.5515625 0.51875 0.04375 0.15833333333333333
0 0.64296875 0.49583333333333335 0.0578125 0.21666666666666667
0 0.49453125 0.49166666666666664 0.0640625 0.25833333333333336
0 0.5984375 0.490625 0.05625 0.22708333333333333
0 0.44453125 0.50625 0.0796875 0.30416666666666664
0 0.18046875 0.47708333333333336 0.0765625 0.275
0 0.36796875 0.49375 0.0671875 0.25833333333333336
0 0.23515625 0.5010416666666667 0.0890625 0.33958333333333335
0 0.7375 0.5489583333333333 0.2 0.8104166666666667
0 0.01796875 0.46979166666666666 0.0359375 0.3020833333333333
0 0.5515625 0.51875 0.04375 0.15833333333333333
0 0.64296875 0.49583333333333335 0.0578125 0.21666666666666667
0 0.49453125 0.49166666666666664 0.0640625 0.25833333333333336
0 0.5984375 0.490625 0.05625 0.22708333333333333
0 0.44453125 0.50625 0.0796875 0.30416666666666664
0 0.18046875 0.47708333333333336 0.0765625 0.275
0 0.36796875 0.49375 0.0671875 0.25833333333333336
0 0.23515625 0.5010416666666667 0.0890625 0.33958333333333335
0 0.7375 0.5489583333333333 0.2 0.8104166666666667
0 0.01796875 0.46979166666666666 0.0359375 0.3020833333333333