0 0.55 0.5208333333333334 0.046875 0.1625
0 0.44140625 0.503125 0.0796875 0.3020833333333333
0 0.18046875 0.48020833333333335 0.0796875 0.27291666666666664
0 0.64140625 0.496875 0.0578125 0.21875
0 0.59765625 0.49270833333333336 0.0578125 0.22291666666666668
0 0.49609375 0.49166666666666664 0.0703125 0.26666666666666666
0 0.225 0.5 0.090625 0.3541666666666667
0 0.73671875 0.5520833333333334 0.1953125 0.8041666666666667
0 0.36328125 0.4947916666666667 0.0734375 0.26458333333333334
0 0.39453125 0.48125 0.0359375 0.14583333333333334
0 0.01640625 0.471875 0.0328125 0.3020833333333333
0 0.55 0.5208333333333334 0.046875 0.1625
0 0.44140625 0.503125 0.0796875 0.3020833333333333
0 0.18046875 0.48020833333333335 0.0796875 0.27291666666666664
0 0.64140625 0.496875 0.0578125 0.21875
0 0.59765625 0.49270833333333336 0.0578125 0.22291666666666668
0 0.49609375 0.49166666666666664 0.0703125 0.26666666666666666
0 0.225 0.5 0.090625 0.3541666666666667
0 0.73671875 0.5520833333333334 0.1953125 0.8041666666666667
0 0.36328125 0.4947916666666667 0.0734375 0.26458333333333334
0 0.39453125 0.48125 0.0359375 0.14583333333333334
0 0.01640625 0.471875 0.0328125 0.3020833333333333