0 0.39375 0.48020833333333335 0.034375 0.14375
0 0.5484375 0.5229166666666667 0.04375 0.1625
0 0.18671875 0.48333333333333334 0.0828125 0.2708333333333333
0 0.5984375 0.496875 0.05625 0.22291666666666668
0 0.64140625 0.5010416666666667 0.0546875 0.21875
0 0.49765625 0.49583333333333335 0.0734375 0.2791666666666667
0 0.35703125 0.496875 0.0796875 0.27708333333333335
0 0.2125 0.5 0.096875 0.36666666666666664
0 0.7328125 0.5520833333333334 0.184375 0.8
0 0.43671875 0.5041666666666667 0.0828125 0.3
0 0.015625 0.471875 0.03125 0.3020833333333333
0 0.39375 0.48020833333333335 0.034375 0.14375
0 0.5484375 0.5229166666666667 0.04375 0.1625
0 0.18671875 0.48333333333333334 0.0828125 0.2708333333333333
0 0.5984375 0.496875 0.05625 0.22291666666666668
0 0.64140625 0.5010416666666667 0.0546875 0.21875
0 0.49765625 0.49583333333333335 0.0734375 0.2791666666666667
0 0.35703125 0.496875 0.0796875 0.27708333333333335
0 0.2125 0.5 0.096875 0.36666666666666664
0 0.7328125 0.5520833333333334 0.184375 0.8
0 0.43671875 0.5041666666666667 0.0828125 0.3
0 0.015625 0.471875 0.03125 0.3020833333333333