0 0.39609375 0.48333333333333334 0.0359375 0.15
0 0.18671875 0.4864583333333333 0.0796875 0.26458333333333334
0 0.55078125 0.525 0.0453125 0.17083333333333334
0 0.6 0.4979166666666667 0.05625 0.225
0 0.50078125 0.5 0.0765625 0.2875
0 0.64375 0.5052083333333334 0.05625 0.21875
0 0.35625 0.5 0.078125 0.2791666666666667
0 0.20703125 0.5010416666666667 0.1015625 0.38125
0 0.4390625 0.5083333333333333 0.08125 0.29583333333333334
0 0.73203125 0.55 0.1796875 0.7958333333333333
0 0.0015209960937499999 0.0010850694444444445 0.0002978515625 0.001501736111111111
0 0.0140625 0.4708333333333333 0.028125 0.3
0 0.39609375 0.48333333333333334 0.0359375 0.15
0 0.18671875 0.4864583333333333 0.0796875 0.26458333333333334
0 0.55078125 0.525 0.0453125 0.17083333333333334
0 0.6 0.4979166666666667 0.05625 0.225
0 0.50078125 0.5 0.0765625 0.2875
0 0.64375 0.5052083333333334 0.05625 0.21875
0 0.35625 0.5 0.078125 0.2791666666666667
0 0.20703125 0.5010416666666667 0.1015625 0.38125
0 0.4390625 0.5083333333333333 0.08125 0.29583333333333334
0 0.73203125 0.55 0.1796875 0.7958333333333333
0 0.0015209960937499999 0.0010850694444444445 0.0002978515625 0.001501736111111111
0 0.0140625 0.4708333333333333 0.028125 0.3