0 0.403125 0.4864583333333333 0.0375 0.15208333333333332
0 0.001492919921875 0.0010308159722222222 0.00026123046874999996 0.0014019097222222224
0 0.56015625 0.5302083333333333 0.0453125 0.17291666666666666
0 0.60703125 0.5010416666666667 0.0578125 0.22708333333333333
0 0.509375 0.5072916666666667 0.078125 0.29375
0 0.6515625 0.5083333333333333 0.05625 0.21666666666666667
0 0.359375 0.5041666666666667 0.078125 0.2916666666666667
0 0.20078125 0.5083333333333333 0.1078125 0.4041666666666667
0 0.4453125 0.5145833333333333 0.08125 0.2916666666666667
0 0.74140625 0.5375 0.1765625 0.775
0 0.0140625 0.4635416666666667 0.028125 0.3020833333333333
0 0.403125 0.4864583333333333 0.0375 0.15208333333333332
0 0.001492919921875 0.0010308159722222222 0.00026123046874999996 0.0014019097222222224
0 0.56015625 0.5302083333333333 0.0453125 0.17291666666666666
0 0.60703125 0.5010416666666667 0.0578125 0.22708333333333333
0 0.509375 0.5072916666666667 0.078125 0.29375
0 0.6515625 0.5083333333333333 0.05625 0.21666666666666667
0 0.359375 0.5041666666666667 0.078125 0.2916666666666667
0 0.20078125 0.5083333333333333 0.1078125 0.4041666666666667
0 0.4453125 0.5145833333333333 0.08125 0.2916666666666667
0 0.74140625 0.5375 0.1765625 0.775
0 0.0140625 0.4635416666666667 0.028125 0.3020833333333333