0 0.48828125 0.490625 0.0390625 0.12708333333333333
0 0.4125 0.48125 0.071875 0.275
0 0.92578125 0.5114583333333333 0.0828125 0.24791666666666667
0 0.334375 0.5 0.1375 0.3375
0 0.375 0.496875 0.0625 0.24375
0 0.80234375 0.50625 0.0296875 0.09583333333333334
0 0.48828125 0.490625 0.0390625 0.12708333333333333
0 0.4125 0.48125 0.071875 0.275
0 0.92578125 0.5114583333333333 0.0828125 0.24791666666666667
0 0.334375 0.5 0.1375 0.3375
0 0.375 0.496875 0.0625 0.24375
0 0.80234375 0.50625 0.0296875 0.09583333333333334