0 0.4234375 0.490625 0.034375 0.14791666666666667
0 0.02890625 0.4822916666666667 0.0578125 0.3229166666666667
0 0.58359375 0.5416666666666666 0.0484375 0.17083333333333334
0 0.46328125 0.5177083333333333 0.0796875 0.28541666666666665
0 0.00148681640625 0.0010481770833333335 0.000244140625 0.0012543402777777776
0 0.53125 0.5166666666666667 0.084375 0.3125
0 0.67421875 0.5104166666666666 0.0578125 0.21666666666666667
0 0.37109375 0.5166666666666667 0.0796875 0.30416666666666664
0 0.625 0.5041666666666667 0.059375 0.22916666666666666
0 0.2015625 0.5260416666666666 0.11875 0.4395833333333333
0 0.7671875 0.54375 0.178125 0.7791666666666667
0 0.22890625 0.48854166666666665 0.0734375 0.26875
0 0.4234375 0.490625 0.034375 0.14791666666666667
0 0.02890625 0.4822916666666667 0.0578125 0.3229166666666667
0 0.58359375 0.5416666666666666 0.0484375 0.17083333333333334
0 0.46328125 0.5177083333333333 0.0796875 0.28541666666666665
0 0.00148681640625 0.0010481770833333335 0.000244140625 0.0012543402777777776
0 0.53125 0.5166666666666667 0.084375 0.3125
0 0.67421875 0.5104166666666666 0.0578125 0.21666666666666667
0 0.37109375 0.5166666666666667 0.0796875 0.30416666666666664
0 0.625 0.5041666666666667 0.059375 0.22916666666666666
0 0.2015625 0.5260416666666666 0.11875 0.4395833333333333
0 0.7671875 0.54375 0.178125 0.7791666666666667
0 0.22890625 0.48854166666666665 0.0734375 0.26875