0 0.43359375 0.490625 0.0359375 0.15625
0 0.24140625 0.4864583333333333 0.0734375 0.26458333333333334
0 0.596875 0.5364583333333334 0.05 0.18125
0 0.0328125 0.478125 0.065625 0.33125
0 0.63671875 0.5 0.0609375 0.22916666666666666
0 0.6859375 0.50625 0.059375 0.22083333333333333
0 0.001485595703125 0.001072048611111111 0.00022705078125 0.0012239583333333334
0 0.4734375 0.5114583333333333 0.078125 0.28541666666666665
0 0.54375 0.509375 0.084375 0.32708333333333334
0 0.3765625 0.509375 0.08125 0.31875
0 0.19296875 0.5197916666666667 0.1203125 0.46875
0 0.7875 0.5572916666666666 0.18125 0.80625
0 0.43359375 0.490625 0.0359375 0.15625
0 0.24140625 0.4864583333333333 0.0734375 0.26458333333333334
0 0.596875 0.5364583333333334 0.05 0.18125
0 0.0328125 0.478125 0.065625 0.33125
0 0.63671875 0.5 0.0609375 0.22916666666666666
0 0.6859375 0.50625 0.059375 0.22083333333333333
0 0.001485595703125 0.001072048611111111 0.00022705078125 0.0012239583333333334
0 0.4734375 0.5114583333333333 0.078125 0.28541666666666665
0 0.54375 0.509375 0.084375 0.32708333333333334
0 0.3765625 0.509375 0.08125 0.31875
0 0.19296875 0.5197916666666667 0.1203125 0.46875
0 0.7875 0.5572916666666666 0.18125 0.80625