0 0.440625 0.48854166666666665 0.0375 0.15208333333333332
0 0.60390625 0.5364583333333334 0.0515625 0.18541666666666667
0 0.0014807128906249999 0.0010546874999999999 0.00022216796874999998 0.0012152777777777778
0 0.03671875 0.4791666666666667 0.0734375 0.3333333333333333
0 0.25234375 0.4895833333333333 0.0703125 0.2625
0 0.69453125 0.5072916666666667 0.0609375 0.22291666666666668
0 0.4796875 0.5114583333333333 0.078125 0.28125
0 0.64453125 0.5020833333333333 0.0609375 0.22916666666666666
0 0.55234375 0.5072916666666667 0.0828125 0.33125
0 0.3796875 0.5083333333333333 0.084375 0.32916666666666666
0 0.19140625 0.5177083333333333 0.1234375 0.48541666666666666
0 0.79765625 0.5645833333333333 0.1859375 0.8208333333333333
0 0.440625 0.48854166666666665 0.0375 0.15208333333333332
0 0.60390625 0.5364583333333334 0.0515625 0.18541666666666667
0 0.0014807128906249999 0.0010546874999999999 0.00022216796874999998 0.0012152777777777778
0 0.03671875 0.4791666666666667 0.0734375 0.3333333333333333
0 0.25234375 0.4895833333333333 0.0703125 0.2625
0 0.69453125 0.5072916666666667 0.0609375 0.22291666666666668
0 0.4796875 0.5114583333333333 0.078125 0.28125
0 0.64453125 0.5020833333333333 0.0609375 0.22916666666666666
0 0.55234375 0.5072916666666667 0.0828125 0.33125
0 0.3796875 0.5083333333333333 0.084375 0.32916666666666666
0 0.19140625 0.5177083333333333 0.1234375 0.48541666666666666
0 0.79765625 0.5645833333333333 0.1859375 0.8208333333333333