0 0.45234375 0.4895833333333333 0.0359375 0.15416666666666667
0 0.001484375 0.0010177951388888888 0.00022949218750000001 0.0011501736111111111
0 0.61796875 0.5375 0.0515625 0.19166666666666668
0 0.490625 0.515625 0.078125 0.27708333333333335
0 0.559375 0.5104166666666666 0.096875 0.3541666666666667
0 0.04140625 0.48125 0.0828125 0.3333333333333333
0 0.6578125 0.5041666666666667 0.0625 0.22916666666666666
0 0.70703125 0.5083333333333333 0.0609375 0.22083333333333333
0 0.26484375 0.49166666666666664 0.0734375 0.25833333333333336
0 0.3859375 0.5072916666666667 0.0875 0.33541666666666664
0 0.184375 0.5166666666666667 0.128125 0.5083333333333333
0 0.81328125 0.5666666666666667 0.1796875 0.825
0 0.45234375 0.4895833333333333 0.0359375 0.15416666666666667
0 0.001484375 0.0010177951388888888 0.00022949218750000001 0.0011501736111111111
0 0.61796875 0.5375 0.0515625 0.19166666666666668
0 0.490625 0.515625 0.078125 0.27708333333333335
0 0.559375 0.5104166666666666 0.096875 0.3541666666666667
0 0.04140625 0.48125 0.0828125 0.3333333333333333
0 0.6578125 0.5041666666666667 0.0625 0.22916666666666666
0 0.70703125 0.5083333333333333 0.0609375 0.22083333333333333
0 0.26484375 0.49166666666666664 0.0734375 0.25833333333333336
0 0.3859375 0.5072916666666667 0.0875 0.33541666666666664
0 0.184375 0.5166666666666667 0.128125 0.5083333333333333
0 0.81328125 0.5666666666666667 0.1796875 0.825