0 0.4625 0.48854166666666665 0.0375 0.15208333333333332
0 0.001492919921875 0.0010177951388888888 0.00023681640625 0.0010894097222222223
0 0.63203125 0.540625 0.0515625 0.19791666666666666
0 0.571875 0.515625 0.103125 0.3770833333333333
0 0.66953125 0.5041666666666667 0.0609375 0.22916666666666666
0 0.5015625 0.515625 0.078125 0.27291666666666664
0 0.71953125 0.5083333333333333 0.0609375 0.225
0 0.04609375 0.48125 0.0921875 0.3333333333333333
0 0.27734375 0.49166666666666664 0.0734375 0.25416666666666665
0 0.3890625 0.5104166666666666 0.09375 0.35
0 0.83125 0.5552083333333333 0.184375 0.80625
0 0.16875 0.5270833333333333 0.146875 0.55
0 0.4625 0.48854166666666665 0.0375 0.15208333333333332
0 0.001492919921875 0.0010177951388888888 0.00023681640625 0.0010894097222222223
0 0.63203125 0.540625 0.0515625 0.19791666666666666
0 0.571875 0.515625 0.103125 0.3770833333333333
0 0.66953125 0.5041666666666667 0.0609375 0.22916666666666666
0 0.5015625 0.515625 0.078125 0.27291666666666664
0 0.71953125 0.5083333333333333 0.0609375 0.225
0 0.04609375 0.48125 0.0921875 0.3333333333333333
0 0.27734375 0.49166666666666664 0.0734375 0.25416666666666665
0 0.3890625 0.5104166666666666 0.09375 0.35
0 0.83125 0.5552083333333333 0.184375 0.80625
0 0.16875 0.5270833333333333 0.146875 0.55