0 0.46953125 0.49166666666666664 0.0359375 0.15416666666666667
0 0.001495361328125 0.0010481770833333335 0.00023193359375 0.0010546874999999999
0 0.64140625 0.546875 0.0546875 0.20625
0 0.57578125 0.5208333333333334 0.1140625 0.3875
0 0.728125 0.5125 0.0625 0.225
0 0.50703125 0.5177083333333333 0.0765625 0.27291666666666664
0 0.67578125 0.5083333333333333 0.0609375 0.22916666666666666
0 0.04921875 0.4822916666666667 0.0984375 0.33541666666666664
0 0.8421875 0.55 0.1875 0.7916666666666666
0 0.28515625 0.49375 0.0734375 0.25833333333333336
0 0.1484375 0.5375 0.171875 0.575
0 0.3890625 0.5166666666666667 0.103125 0.3625
0 0.46953125 0.49166666666666664 0.0359375 0.15416666666666667
0 0.001495361328125 0.0010481770833333335 0.00023193359375 0.0010546874999999999
0 0.64140625 0.546875 0.0546875 0.20625
0 0.57578125 0.5208333333333334 0.1140625 0.3875
0 0.728125 0.5125 0.0625 0.225
0 0.50703125 0.5177083333333333 0.0765625 0.27291666666666664
0 0.67578125 0.5083333333333333 0.0609375 0.22916666666666666
0 0.04921875 0.4822916666666667 0.0984375 0.33541666666666664
0 0.8421875 0.55 0.1875 0.7916666666666666
0 0.28515625 0.49375 0.0734375 0.25833333333333336
0 0.1484375 0.5375 0.171875 0.575
0 0.3890625 0.5166666666666667 0.103125 0.3625