0 0.00148193359375 0.0010698784722222223 0.00020507812500000002 0.0010460069444444445
0 0.4875 0.49895833333333334 0.040625 0.15625
0 0.59296875 0.5322916666666667 0.1296875 0.41041666666666665
0 0.6609375 0.55625 0.053125 0.20833333333333334
0 0.7453125 0.5177083333333333 0.0625 0.22708333333333333
0 0.69453125 0.5114583333333333 0.0609375 0.23541666666666666
0 0.0578125 0.4875 0.103125 0.3375
0 0.525 0.51875 0.078125 0.2708333333333333
0 0.3046875 0.4947916666666667 0.071875 0.25625
0 0.13671875 0.5541666666666667 0.1859375 0.6375
0 0.3953125 0.5270833333333333 0.10625 0.37916666666666665
0 0.87265625 0.553125 0.1890625 0.7979166666666667
0 0.00148193359375 0.0010698784722222223 0.00020507812500000002 0.0010460069444444445
0 0.4875 0.49895833333333334 0.040625 0.15625
0 0.59296875 0.5322916666666667 0.1296875 0.41041666666666665
0 0.6609375 0.55625 0.053125 0.20833333333333334
0 0.7453125 0.5177083333333333 0.0625 0.22708333333333333
0 0.69453125 0.5114583333333333 0.0609375 0.23541666666666666
0 0.0578125 0.4875 0.103125 0.3375
0 0.525 0.51875 0.078125 0.2708333333333333
0 0.3046875 0.4947916666666667 0.071875 0.25625
0 0.13671875 0.5541666666666667 0.1859375 0.6375
0 0.3953125 0.5270833333333333 0.10625 0.37916666666666665
0 0.87265625 0.553125 0.1890625 0.7979166666666667