0 0.0014721679687499998 0.0010785590277777777 0.00021484375000000003 0.0010546874999999999
0 0.49609375 0.496875 0.0390625 0.15625
0 0.75859375 0.51875 0.0609375 0.225
0 0.6734375 0.5552083333333333 0.05625 0.21458333333333332
0 0.6078125 0.5322916666666667 0.128125 0.42291666666666666
0 0.70703125 0.5104166666666666 0.0609375 0.23333333333333334
0 0.07109375 0.490625 0.1046875 0.33958333333333335
0 0.5359375 0.51875 0.08125 0.2708333333333333
0 0.3171875 0.49583333333333335 0.071875 0.25833333333333336
0 0.1375 0.553125 0.178125 0.6645833333333333
0 0.8875 0.5520833333333334 0.1875 0.8
0 0.40078125 0.53125 0.1046875 0.39166666666666666
0 0.0014721679687499998 0.0010785590277777777 0.00021484375000000003 0.0010546874999999999
0 0.49609375 0.496875 0.0390625 0.15625
0 0.75859375 0.51875 0.0609375 0.225
0 0.6734375 0.5552083333333333 0.05625 0.21458333333333332
0 0.6078125 0.5322916666666667 0.128125 0.42291666666666666
0 0.70703125 0.5104166666666666 0.0609375 0.23333333333333334
0 0.07109375 0.490625 0.1046875 0.33958333333333335
0 0.5359375 0.51875 0.08125 0.2708333333333333
0 0.3171875 0.49583333333333335 0.071875 0.25833333333333336
0 0.1375 0.553125 0.178125 0.6645833333333333
0 0.8875 0.5520833333333334 0.1875 0.8
0 0.40078125 0.53125 0.1046875 0.39166666666666666