0 0.08984375 0.5010416666666667 0.1046875 0.34791666666666665
0 0.51328125 0.5 0.0390625 0.15833333333333333
0 0.696875 0.5572916666666666 0.05625 0.22708333333333333
0 0.7796875 0.51875 0.0625 0.225
0 0.72734375 0.509375 0.0609375 0.23541666666666666
0 0.00143798828125 0.001174045138888889 0.0003076171875 0.0016970486111111112
0 0.5546875 0.5229166666666667 0.078125 0.26666666666666666
0 0.63359375 0.53125 0.1296875 0.44583333333333336
0 0.3375 0.5 0.071875 0.25416666666666665
0 0.12421875 0.5520833333333334 0.1703125 0.7083333333333334
0 0.4125 0.5333333333333333 0.103125 0.4083333333333333
0 0.08984375 0.5010416666666667 0.1046875 0.34791666666666665
0 0.51328125 0.5 0.0390625 0.15833333333333333
0 0.696875 0.5572916666666666 0.05625 0.22708333333333333
0 0.7796875 0.51875 0.0625 0.225
0 0.72734375 0.509375 0.0609375 0.23541666666666666
0 0.00143798828125 0.001174045138888889 0.0003076171875 0.0016970486111111112
0 0.5546875 0.5229166666666667 0.078125 0.26666666666666666
0 0.63359375 0.53125 0.1296875 0.44583333333333336
0 0.3375 0.5 0.071875 0.25416666666666665
0 0.12421875 0.5520833333333334 0.1703125 0.7083333333333334
0 0.4125 0.5333333333333333 0.103125 0.4083333333333333