0 0.50625 0.4947916666666667 0.040625 0.12708333333333333
0 0.3890625 0.4979166666666667 0.0625 0.24166666666666667
0 0.434375 0.4875 0.071875 0.2791666666666667
0 0.9546875 0.51875 0.084375 0.25416666666666665
0 0.34375 0.503125 0.1375 0.34791666666666665
0 0.8109375 0.5072916666666667 0.028125 0.09791666666666667
0 0.50625 0.4947916666666667 0.040625 0.12708333333333333
0 0.3890625 0.4979166666666667 0.0625 0.24166666666666667
0 0.434375 0.4875 0.071875 0.2791666666666667
0 0.9546875 0.51875 0.084375 0.25416666666666665
0 0.34375 0.503125 0.1375 0.34791666666666665
0 0.8109375 0.5072916666666667 0.028125 0.09791666666666667