0 0.1046875 0.5020833333333333 0.103125 0.325
0 0.00150634765625 0.001169704861111111 0.0002978515625 0.0016710069444444446
0 0.734375 0.565625 0.059375 0.23958333333333334
0 0.809375 0.5177083333333333 0.065625 0.23125
0 0.53515625 0.5 0.0421875 0.1625
0 0.75703125 0.5125 0.0640625 0.24583333333333332
0 0.36953125 0.5010416666666667 0.0734375 0.2520833333333333
0 0.58515625 0.5239583333333333 0.0765625 0.2604166666666667
0 0.08671875 0.5614583333333333 0.1734375 0.83125
0 0.67265625 0.534375 0.1296875 0.49375
0 0.41875 0.528125 0.11875 0.4479166666666667
0 0.1046875 0.5020833333333333 0.103125 0.325
0 0.00150634765625 0.001169704861111111 0.0002978515625 0.0016710069444444446
0 0.734375 0.565625 0.059375 0.23958333333333334
0 0.809375 0.5177083333333333 0.065625 0.23125
0 0.53515625 0.5 0.0421875 0.1625
0 0.75703125 0.5125 0.0640625 0.24583333333333332
0 0.36953125 0.5010416666666667 0.0734375 0.2520833333333333
0 0.58515625 0.5239583333333333 0.0765625 0.2604166666666667
0 0.08671875 0.5614583333333333 0.1734375 0.83125
0 0.67265625 0.534375 0.1296875 0.49375
0 0.41875 0.528125 0.11875 0.4479166666666667