0 0.00152587890625 0.0011414930555555558 0.00029296875 0.0016319444444444443
0 0.54375 0.496875 0.040625 0.16041666666666668
0 0.8203125 0.5177083333333333 0.065625 0.23125
0 0.121875 0.49270833333333336 0.096875 0.33958333333333335
0 0.74765625 0.5677083333333334 0.0578125 0.23541666666666666
0 0.76640625 0.5104166666666666 0.0640625 0.24166666666666667
0 0.378125 0.5010416666666667 0.071875 0.24791666666666667
0 0.078125 0.5541666666666667 0.15625 0.8583333333333333
0 0.5953125 0.5197916666666667 0.075 0.2604166666666667
0 0.6796875 0.5364583333333334 0.13125 0.51875
0 0.41953125 0.5291666666666667 0.1234375 0.4666666666666667
0 0.00152587890625 0.0011414930555555558 0.00029296875 0.0016319444444444443
0 0.54375 0.496875 0.040625 0.16041666666666668
0 0.8203125 0.5177083333333333 0.065625 0.23125
0 0.121875 0.49270833333333336 0.096875 0.33958333333333335
0 0.74765625 0.5677083333333334 0.0578125 0.23541666666666666
0 0.76640625 0.5104166666666666 0.0640625 0.24166666666666667
0 0.378125 0.5010416666666667 0.071875 0.24791666666666667
0 0.078125 0.5541666666666667 0.15625 0.8583333333333333
0 0.5953125 0.5197916666666667 0.075 0.2604166666666667
0 0.6796875 0.5364583333333334 0.13125 0.51875
0 0.41953125 0.5291666666666667 0.1234375 0.4666666666666667