0 0.0625 0.5333333333333333 0.125 0.9041666666666667
0 0.0015478515625 0.0011263020833333333 0.000283203125 0.0016449652777777777
0 0.5515625 0.49270833333333336 0.040625 0.16041666666666668
0 0.775 0.5083333333333333 0.0625 0.24583333333333332
0 0.83125 0.5135416666666667 0.065625 0.23125
0 0.7640625 0.5604166666666667 0.065625 0.25
0 0.60703125 0.5125 0.0734375 0.2625
0 0.1203125 0.48854166666666665 0.103125 0.35208333333333336
0 0.6875 0.5395833333333333 0.134375 0.5458333333333333
0 0.4171875 0.5322916666666667 0.128125 0.49375
0 0.0625 0.5333333333333333 0.125 0.9041666666666667
0 0.0015478515625 0.0011263020833333333 0.000283203125 0.0016449652777777777
0 0.5515625 0.49270833333333336 0.040625 0.16041666666666668
0 0.775 0.5083333333333333 0.0625 0.24583333333333332
0 0.83125 0.5135416666666667 0.065625 0.23125
0 0.7640625 0.5604166666666667 0.065625 0.25
0 0.60703125 0.5125 0.0734375 0.2625
0 0.1203125 0.48854166666666665 0.103125 0.35208333333333336
0 0.6875 0.5395833333333333 0.134375 0.5458333333333333
0 0.4171875 0.5322916666666667 0.128125 0.49375