0 0.7734375 0.50625 0.0625 0.24583333333333332
0 0.0015490722656250002 0.0011263020833333333 0.00029541015625 0.0016710069444444446
0 0.5515625 0.4895833333333333 0.040625 0.1625
0 0.83125 0.5114583333333333 0.06875 0.23125
0 0.609375 0.5114583333333333 0.075 0.2604166666666667
0 0.76640625 0.5583333333333333 0.0640625 0.25833333333333336
0 0.11015625 0.48541666666666666 0.1078125 0.35833333333333334
0 0.6859375 0.5416666666666666 0.1375 0.5833333333333334
0 0.40625 0.5364583333333334 0.134375 0.51875
0 0.94296875 0.5010416666666667 0.1140625 0.3645833333333333
0 0.05703125 0.534375 0.1140625 0.90625
0 0.7734375 0.50625 0.0625 0.24583333333333332
0 0.0015490722656250002 0.0011263020833333333 0.00029541015625 0.0016710069444444446
0 0.5515625 0.4895833333333333 0.040625 0.1625
0 0.83125 0.5114583333333333 0.06875 0.23125
0 0.609375 0.5114583333333333 0.075 0.2604166666666667
0 0.76640625 0.5583333333333333 0.0640625 0.25833333333333336
0 0.11015625 0.48541666666666666 0.1078125 0.35833333333333334
0 0.6859375 0.5416666666666666 0.1375 0.5833333333333334
0 0.40625 0.5364583333333334 0.134375 0.51875
0 0.94296875 0.5010416666666667 0.1140625 0.3645833333333333
0 0.05703125 0.534375 0.1140625 0.90625