0 0.0015625 0.001134982638888889 0.00027832031250000003 0.0016796875
0 0.6046875 0.5125 0.06875 0.25833333333333336
0 0.76640625 0.5041666666666667 0.0609375 0.24166666666666667
0 0.93671875 0.49895833333333334 0.1140625 0.38125
0 0.8234375 0.5114583333333333 0.065625 0.23125
0 0.54609375 0.4875 0.0421875 0.1625
0 0.76328125 0.5625 0.0703125 0.2708333333333333
0 0.09921875 0.48125 0.1109375 0.36666666666666664
0 0.67265625 0.5416666666666666 0.1484375 0.6125
0 0.38984375 0.5395833333333333 0.1421875 0.55
0 0.0515625 0.5354166666666667 0.103125 0.9041666666666667
0 0.0015625 0.001134982638888889 0.00027832031250000003 0.0016796875
0 0.6046875 0.5125 0.06875 0.25833333333333336
0 0.76640625 0.5041666666666667 0.0609375 0.24166666666666667
0 0.93671875 0.49895833333333334 0.1140625 0.38125
0 0.8234375 0.5114583333333333 0.065625 0.23125
0 0.54609375 0.4875 0.0421875 0.1625
0 0.76328125 0.5625 0.0703125 0.2708333333333333
0 0.09921875 0.48125 0.1109375 0.36666666666666664
0 0.67265625 0.5416666666666666 0.1484375 0.6125
0 0.38984375 0.5395833333333333 0.1421875 0.55
0 0.0515625 0.5354166666666667 0.103125 0.9041666666666667