0 0.7359375 0.5020833333333333 0.0625 0.24166666666666667
0 0.7890625 0.5083333333333333 0.0625 0.22916666666666666
0 0.51484375 0.4875 0.0421875 0.16666666666666666
0 0.001539306640625 0.001174045138888889 0.00028564453125 0.0016796875
0 0.7375 0.5739583333333333 0.071875 0.27708333333333335
0 0.890625 0.5020833333333333 0.103125 0.375
0 0.05234375 0.4791666666666667 0.1046875 0.38333333333333336
0 0.63125 0.5364583333333334 0.184375 0.69375
0 0.3296875 0.534375 0.1625 0.61875
0 0.040625 0.5364583333333334 0.08125 0.90625
0 0.58359375 0.5177083333333333 0.0703125 0.2520833333333333
0 0.7359375 0.5020833333333333 0.0625 0.24166666666666667
0 0.7890625 0.5083333333333333 0.0625 0.22916666666666666
0 0.51484375 0.4875 0.0421875 0.16666666666666666
0 0.001539306640625 0.001174045138888889 0.00028564453125 0.0016796875
0 0.7375 0.5739583333333333 0.071875 0.27708333333333335
0 0.890625 0.5020833333333333 0.103125 0.375
0 0.05234375 0.4791666666666667 0.1046875 0.38333333333333336
0 0.63125 0.5364583333333334 0.184375 0.69375
0 0.3296875 0.534375 0.1625 0.61875
0 0.040625 0.5364583333333334 0.08125 0.90625
0 0.58359375 0.5177083333333333 0.0703125 0.2520833333333333