0 0.715625 0.5041666666666667 0.0625 0.24166666666666667
0 0.4984375 0.4875 0.04375 0.16666666666666666
0 0.001522216796875 0.00119140625 0.00029052734375 0.0016710069444444446
0 0.0375 0.48020833333333335 0.075 0.38958333333333334
0 0.76953125 0.5104166666666666 0.0640625 0.22916666666666666
0 0.72109375 0.5760416666666667 0.0734375 0.28958333333333336
0 0.86953125 0.4979166666666667 0.1015625 0.37083333333333335
0 0.60703125 0.5541666666666667 0.2046875 0.7666666666666667
0 0.290625 0.5333333333333333 0.175 0.65
0 0.35078125 0.49270833333333336 0.0609375 0.24791666666666667
0 0.03515625 0.5375 0.0703125 0.9041666666666667
0 0.5890625 0.5177083333333333 0.06875 0.2520833333333333
0 0.715625 0.5041666666666667 0.0625 0.24166666666666667
0 0.4984375 0.4875 0.04375 0.16666666666666666
0 0.001522216796875 0.00119140625 0.00029052734375 0.0016710069444444446
0 0.0375 0.48020833333333335 0.075 0.38958333333333334
0 0.76953125 0.5104166666666666 0.0640625 0.22916666666666666
0 0.72109375 0.5760416666666667 0.0734375 0.28958333333333336
0 0.86953125 0.4979166666666667 0.1015625 0.37083333333333335
0 0.60703125 0.5541666666666667 0.2046875 0.7666666666666667
0 0.290625 0.5333333333333333 0.175 0.65
0 0.35078125 0.49270833333333336 0.0609375 0.24791666666666667
0 0.03515625 0.5375 0.0703125 0.9041666666666667
0 0.5890625 0.5177083333333333 0.06875 0.2520833333333333