0 0.68984375 0.5020833333333333 0.0609375 0.24166666666666667
0 0.7453125 0.5083333333333333 0.0625 0.22916666666666666
0 0.70078125 0.571875 0.0734375 0.3020833333333333
0 0.00149169921875 0.001169704861111111 0.00029296875 0.0016276041666666667
0 0.33203125 0.490625 0.0640625 0.2520833333333333
0 0.8390625 0.49166666666666664 0.096875 0.35
0 0.22421875 0.546875 0.2140625 0.71875
0 0.5734375 0.56875 0.23125 0.8333333333333334
0 0.471875 0.490625 0.040625 0.16041666666666668
0 0.0296875 0.5385416666666667 0.059375 0.90625
0 0.59375 0.5177083333333333 0.06875 0.2520833333333333
0 0.68984375 0.5020833333333333 0.0609375 0.24166666666666667
0 0.7453125 0.5083333333333333 0.0625 0.22916666666666666
0 0.70078125 0.571875 0.0734375 0.3020833333333333
0 0.00149169921875 0.001169704861111111 0.00029296875 0.0016276041666666667
0 0.33203125 0.490625 0.0640625 0.2520833333333333
0 0.8390625 0.49166666666666664 0.096875 0.35
0 0.22421875 0.546875 0.2140625 0.71875
0 0.5734375 0.56875 0.23125 0.8333333333333334
0 0.471875 0.490625 0.040625 0.16041666666666668
0 0.0296875 0.5385416666666667 0.059375 0.90625
0 0.59375 0.5177083333333333 0.06875 0.2520833333333333