0 0.45546875 0.496875 0.0421875 0.15625
0 0.671875 0.5083333333333333 0.059375 0.2375
0 0.72578125 0.5145833333333333 0.0609375 0.225
0 0.15625 0.559375 0.271875 0.7729166666666667
0 0.3125 0.49583333333333335 0.065625 0.25416666666666665
0 0.68515625 0.578125 0.0765625 0.31875
0 0.81640625 0.49895833333333334 0.0953125 0.33541666666666664
0 0.001461181640625 0.0011588541666666668 0.00028564453125 0.001579861111111111
0 0.0008520507812499999 0.0012131076388888888 0.000400390625 0.0018619791666666667
0 0.02421875 0.5395833333333333 0.0484375 0.9041666666666667
0 0.59921875 0.5177083333333333 0.0703125 0.2520833333333333
0 0.45546875 0.496875 0.0421875 0.15625
0 0.671875 0.5083333333333333 0.059375 0.2375
0 0.72578125 0.5145833333333333 0.0609375 0.225
0 0.15625 0.559375 0.271875 0.7729166666666667
0 0.3125 0.49583333333333335 0.065625 0.25416666666666665
0 0.68515625 0.578125 0.0765625 0.31875
0 0.81640625 0.49895833333333334 0.0953125 0.33541666666666664
0 0.001461181640625 0.0011588541666666668 0.00028564453125 0.001579861111111111
0 0.0008520507812499999 0.0012131076388888888 0.000400390625 0.0018619791666666667
0 0.02421875 0.5395833333333333 0.0484375 0.9041666666666667
0 0.59921875 0.5177083333333333 0.0703125 0.2520833333333333