0 0.0015332031249999998 0.0010655381944444445 0.00010742187500000001 0.0005425347222222222
0 0.7953125 0.503125 0.03125 0.10625
0 0.53203125 0.49166666666666664 0.0390625 0.12916666666666668
0 0.4125 0.503125 0.065625 0.2604166666666667
0 0.46015625 0.4864583333333333 0.0734375 0.28958333333333336
0 0.35234375 0.5010416666666667 0.1234375 0.35625
0 0.0015332031249999998 0.0010655381944444445 0.00010742187500000001 0.0005425347222222222
0 0.7953125 0.503125 0.03125 0.10625
0 0.53203125 0.49166666666666664 0.0390625 0.12916666666666668
0 0.4125 0.503125 0.065625 0.2604166666666667
0 0.46015625 0.4864583333333333 0.0734375 0.28958333333333336
0 0.35234375 0.5010416666666667 0.1234375 0.35625