0 0.69375 0.5177083333333333 0.059375 0.22291666666666668
0 0.2828125 0.4979166666666667 0.06875 0.25833333333333336
0 0.6578125 0.5927083333333333 0.08125 0.33541666666666664
0 0.11171875 0.559375 0.2234375 0.8229166666666666
0 0.78046875 0.5052083333333334 0.0984375 0.3229166666666667
0 0.90703125 0.5479166666666667 0.1796875 0.7333333333333333
0 0.00078369140625 0.0012109375 0.0004638671875 0.002048611111111111
0 0.01875 0.5395833333333333 0.0375 0.9041666666666667
0 0.60390625 0.5177083333333333 0.0703125 0.2520833333333333
0 0.65703125 0.5125 0.0578125 0.2375
0 0.69375 0.5177083333333333 0.059375 0.22291666666666668
0 0.2828125 0.4979166666666667 0.06875 0.25833333333333336
0 0.6578125 0.5927083333333333 0.08125 0.33541666666666664
0 0.11171875 0.559375 0.2234375 0.8229166666666666
0 0.78046875 0.5052083333333334 0.0984375 0.3229166666666667
0 0.90703125 0.5479166666666667 0.1796875 0.7333333333333333
0 0.00078369140625 0.0012109375 0.0004638671875 0.002048611111111111
0 0.01875 0.5395833333333333 0.0375 0.9041666666666667
0 0.60390625 0.5177083333333333 0.0703125 0.2520833333333333
0 0.65703125 0.5125 0.0578125 0.2375