0 0.67890625 0.5177083333333333 0.0578125 0.22291666666666668
0 0.08828125 0.5447916666666667 0.1765625 0.8645833333333334
0 0.26796875 0.49375 0.0703125 0.25833333333333336
0 0.64375 0.5958333333333333 0.084375 0.3458333333333333
0 0.7625 0.5041666666666667 0.09375 0.31666666666666665
0 0.89453125 0.5458333333333333 0.1828125 0.7291666666666666
0 0.0007373046875 0.0012022569444444444 0.0005029296875 0.0021614583333333334
0 0.01328125 0.540625 0.0265625 0.90625
0 0.609375 0.5177083333333333 0.06875 0.2520833333333333
0 0.640625 0.5177083333333333 0.059375 0.23541666666666666
0 0.67890625 0.5177083333333333 0.0578125 0.22291666666666668
0 0.08828125 0.5447916666666667 0.1765625 0.8645833333333334
0 0.26796875 0.49375 0.0703125 0.25833333333333336
0 0.64375 0.5958333333333333 0.084375 0.3458333333333333
0 0.7625 0.5041666666666667 0.09375 0.31666666666666665
0 0.89453125 0.5458333333333333 0.1828125 0.7291666666666666
0 0.0007373046875 0.0012022569444444444 0.0005029296875 0.0021614583333333334
0 0.01328125 0.540625 0.0265625 0.90625
0 0.609375 0.5177083333333333 0.06875 0.2520833333333333
0 0.640625 0.5177083333333333 0.059375 0.23541666666666666