0 0 0.0010416666666666667 0 0.0020833333333333333
0 0.66015625 0.5125 0.0578125 0.22083333333333333
0 0.2484375 0.49270833333333336 0.071875 0.2604166666666667
0 0.63359375 0.6 0.0859375 0.35833333333333334
0 0.7390625 0.49583333333333335 0.0875 0.31666666666666665
0 0.8734375 0.5479166666666667 0.178125 0.725
0 0.000692138671875 0.001189236111111111 0.0005151367187500001 0.0023697916666666667
0 0.6140625 0.5177083333333333 0.06875 0.2520833333333333
0 0.640625 0.5177083333333333 0.059375 0.23541666666666666
0 0 0.0010416666666666667 0 0.0020833333333333333
0 0.66015625 0.5125 0.0578125 0.22083333333333333
0 0.2484375 0.49270833333333336 0.071875 0.2604166666666667
0 0.63359375 0.6 0.0859375 0.35833333333333334
0 0.7390625 0.49583333333333335 0.0875 0.31666666666666665
0 0.8734375 0.5479166666666667 0.178125 0.725
0 0.000692138671875 0.001189236111111111 0.0005151367187500001 0.0023697916666666667
0 0.6140625 0.5177083333333333 0.06875 0.2520833333333333
0 0.640625 0.5177083333333333 0.059375 0.23541666666666666