0 0.64140625 0.509375 0.0578125 0.22291666666666668
0 0.5890625 0.5 0.0625 0.22916666666666666
0 0.228125 0.490625 0.071875 0.26458333333333334
0 0.71796875 0.490625 0.0859375 0.3020833333333333
0 0.85390625 0.5520833333333334 0.1765625 0.725
0 0.61796875 0.596875 0.0890625 0.36875
0 0.00078125 0.0010416666666666667 0 0.0020833333333333333
0 0.640625 0.5177083333333333 0.059375 0.23541666666666666
0 0.64140625 0.509375 0.0578125 0.22291666666666668
0 0.5890625 0.5 0.0625 0.22916666666666666
0 0.228125 0.490625 0.071875 0.26458333333333334
0 0.71796875 0.490625 0.0859375 0.3020833333333333
0 0.85390625 0.5520833333333334 0.1765625 0.725
0 0.61796875 0.596875 0.0890625 0.36875
0 0.00078125 0.0010416666666666667 0 0.0020833333333333333
0 0.640625 0.5177083333333333 0.059375 0.23541666666666666