0 0.62109375 0.5020833333333333 0.0546875 0.21666666666666667
0 0.5671875 0.4947916666666667 0.059375 0.22291666666666668
0 0.00078125 0.0010416666666666667 0 0.0020833333333333333
0 0.8296875 0.5520833333333334 0.171875 0.7166666666666667
0 0.69296875 0.490625 0.0828125 0.28541666666666665
0 0.59609375 0.59375 0.0921875 0.3875
0 0.4640625 0.4864583333333333 0.04375 0.17291666666666666
0 0.21015625 0.4895833333333333 0.0734375 0.2625
0 0.63984375 0.51875 0.0578125 0.2375
0 0.62109375 0.5020833333333333 0.0546875 0.21666666666666667
0 0.5671875 0.4947916666666667 0.059375 0.22291666666666668
0 0.00078125 0.0010416666666666667 0 0.0020833333333333333
0 0.8296875 0.5520833333333334 0.171875 0.7166666666666667
0 0.69296875 0.490625 0.0828125 0.28541666666666665
0 0.59609375 0.59375 0.0921875 0.3875
0 0.4640625 0.4864583333333333 0.04375 0.17291666666666666
0 0.21015625 0.4895833333333333 0.0734375 0.2625
0 0.63984375 0.51875 0.0578125 0.2375