0 0.4484375 0.49166666666666664 0.04375 0.17083333333333334
0 0.55 0.4979166666666667 0.059375 0.22083333333333333
0 0 0.0010416666666666667 0 0.0020833333333333333
0 0.675 0.49583333333333335 0.08125 0.2791666666666667
0 0.809375 0.5541666666666667 0.165625 0.7083333333333334
0 0.58203125 0.6041666666666666 0.0953125 0.4083333333333333
0 0.42421875 0.509375 0.0609375 0.23125
0 0.19140625 0.4895833333333333 0.0734375 0.2625
0 0.61328125 0.50625 0.0546875 0.21666666666666667
0 0.63984375 0.5197916666666667 0.0578125 0.23541666666666666
0 0.4484375 0.49166666666666664 0.04375 0.17083333333333334
0 0.55 0.4979166666666667 0.059375 0.22083333333333333
0 0 0.0010416666666666667 0 0.0020833333333333333
0 0.675 0.49583333333333335 0.08125 0.2791666666666667
0 0.809375 0.5541666666666667 0.165625 0.7083333333333334
0 0.58203125 0.6041666666666666 0.0953125 0.4083333333333333
0 0.42421875 0.509375 0.0609375 0.23125
0 0.19140625 0.4895833333333333 0.0734375 0.2625
0 0.61328125 0.50625 0.0546875 0.21666666666666667
0 0.63984375 0.5197916666666667 0.0578125 0.23541666666666666