0 0.18359375 0.4875 0.0703125 0.25833333333333336
0 0.49296875 0.49270833333333336 0.0328125 0.12291666666666666
0 0.36171875 0.509375 0.0359375 0.12291666666666666
0 0.32734375 0.48854166666666665 0.0453125 0.17708333333333334
0 0.4265625 0.5083333333333333 0.065625 0.22916666666666666
0 0.54609375 0.4979166666666667 0.0578125 0.22083333333333333
0 0.6703125 0.48854166666666665 0.078125 0.28125
0 0.58125 0.621875 0.1 0.46458333333333335
0 0.803125 0.5302083333333333 0.159375 0.6770833333333334
0 0.61171875 0.5114583333333333 0.0546875 0.21875
0 0.63984375 0.5197916666666667 0.0578125 0.23541666666666666
0 0.4484375 0.49166666666666664 0.04375 0.17083333333333334
0 0.18359375 0.4875 0.0703125 0.25833333333333336
0 0.49296875 0.49270833333333336 0.0328125 0.12291666666666666
0 0.36171875 0.509375 0.0359375 0.12291666666666666
0 0.32734375 0.48854166666666665 0.0453125 0.17708333333333334
0 0.4265625 0.5083333333333333 0.065625 0.22916666666666666
0 0.54609375 0.4979166666666667 0.0578125 0.22083333333333333
0 0.6703125 0.48854166666666665 0.078125 0.28125
0 0.58125 0.621875 0.1 0.46458333333333335
0 0.803125 0.5302083333333333 0.159375 0.6770833333333334
0 0.61171875 0.5114583333333333 0.0546875 0.21875
0 0.63984375 0.5197916666666667 0.0578125 0.23541666666666666
0 0.4484375 0.49166666666666664 0.04375 0.17083333333333334