0 0.37109375 0.515625 0.0359375 0.11875
0 0.503125 0.49583333333333335 0.03125 0.11666666666666667
0 0.33515625 0.49270833333333336 0.0484375 0.17708333333333334
0 0.6796875 0.48854166666666665 0.078125 0.27291666666666664
0 0.55546875 0.5020833333333333 0.0578125 0.21666666666666667
0 0.4390625 0.509375 0.06875 0.23125
0 0.1921875 0.49583333333333335 0.075 0.2625
0 0.59375 0.625 0.1125 0.49583333333333335
0 0.81875 0.5291666666666667 0.1625 0.6708333333333333
0 0.60859375 0.5114583333333333 0.0546875 0.21875
0 0.6390625 0.5208333333333334 0.059375 0.2375
0 0.4578125 0.49166666666666664 0.04375 0.17083333333333334
0 0.37109375 0.515625 0.0359375 0.11875
0 0.503125 0.49583333333333335 0.03125 0.11666666666666667
0 0.33515625 0.49270833333333336 0.0484375 0.17708333333333334
0 0.6796875 0.48854166666666665 0.078125 0.27291666666666664
0 0.55546875 0.5020833333333333 0.0578125 0.21666666666666667
0 0.4390625 0.509375 0.06875 0.23125
0 0.1921875 0.49583333333333335 0.075 0.2625
0 0.59375 0.625 0.1125 0.49583333333333335
0 0.81875 0.5291666666666667 0.1625 0.6708333333333333
0 0.60859375 0.5114583333333333 0.0546875 0.21875
0 0.6390625 0.5208333333333334 0.059375 0.2375
0 0.4578125 0.49166666666666664 0.04375 0.17083333333333334