0 0.384375 0.5125 0.034375 0.12083333333333333
0 0.515625 0.49375 0.03125 0.11666666666666667
0 0.35234375 0.48854166666666665 0.0515625 0.18125
0 0.69296875 0.49166666666666664 0.0765625 0.26666666666666666
0 0.56875 0.5010416666666667 0.05625 0.21875
0 0.45390625 0.5072916666666667 0.0703125 0.22708333333333333
0 0.209375 0.49166666666666664 0.075 0.25833333333333336
0 0.61328125 0.6239583333333333 0.1203125 0.5229166666666667
0 0.8359375 0.5322916666666667 0.159375 0.68125
0 0.60625 0.5114583333333333 0.05625 0.21875
0 0.6390625 0.521875 0.059375 0.23541666666666666
0 0.4578125 0.49166666666666664 0.04375 0.17083333333333334
0 0.384375 0.5125 0.034375 0.12083333333333333
0 0.515625 0.49375 0.03125 0.11666666666666667
0 0.35234375 0.48854166666666665 0.0515625 0.18125
0 0.69296875 0.49166666666666664 0.0765625 0.26666666666666666
0 0.56875 0.5010416666666667 0.05625 0.21875
0 0.45390625 0.5072916666666667 0.0703125 0.22708333333333333
0 0.209375 0.49166666666666664 0.075 0.25833333333333336
0 0.61328125 0.6239583333333333 0.1203125 0.5229166666666667
0 0.8359375 0.5322916666666667 0.159375 0.68125
0 0.60625 0.5114583333333333 0.05625 0.21875
0 0.6390625 0.521875 0.059375 0.23541666666666666
0 0.4578125 0.49166666666666664 0.04375 0.17083333333333334