0 0.3984375 0.5010416666666667 0.0625 0.18125
0 0.496875 0.5229166666666667 0.06875 0.225
0 0.61015625 0.5135416666666667 0.0609375 0.22291666666666668
0 0.8921875 0.553125 0.1625 0.6979166666666666
0 0.67421875 0.6760416666666667 0.1265625 0.5854166666666667
0 0.6390625 0.521875 0.059375 0.23541666666666666
0 0.5578125 0.50625 0.034375 0.11666666666666667
0 0.73984375 0.5052083333333334 0.0734375 0.26458333333333334
0 0.25703125 0.5041666666666667 0.0734375 0.25416666666666665
0 0.57109375 0.5010416666666667 0.0578125 0.21875
0 0.5234375 0.49375 0.03125 0.11666666666666667
0 0.67890625 0.490625 0.0765625 0.26458333333333334
0 0.45859375 0.49166666666666664 0.0453125 0.17083333333333334
0 0.3984375 0.5010416666666667 0.0625 0.18125
0 0.496875 0.5229166666666667 0.06875 0.225
0 0.61015625 0.5135416666666667 0.0609375 0.22291666666666668
0 0.8921875 0.553125 0.1625 0.6979166666666666
0 0.67421875 0.6760416666666667 0.1265625 0.5854166666666667
0 0.6390625 0.521875 0.059375 0.23541666666666666
0 0.5578125 0.50625 0.034375 0.11666666666666667
0 0.73984375 0.5052083333333334 0.0734375 0.26458333333333334
0 0.25703125 0.5041666666666667 0.0734375 0.25416666666666665
0 0.57109375 0.5010416666666667 0.0578125 0.21875
0 0.5234375 0.49375 0.03125 0.11666666666666667
0 0.67890625 0.490625 0.0765625 0.26458333333333334
0 0.45859375 0.49166666666666664 0.0453125 0.17083333333333334