0 0.58359375 0.50625 0.0328125 0.11666666666666667
0 0.42578125 0.5 0.0609375 0.18333333333333332
0 0.76640625 0.5010416666666667 0.0734375 0.27291666666666664
0 0.52421875 0.5239583333333333 0.0671875 0.22291666666666668
0 0.63671875 0.5114583333333333 0.0640625 0.22708333333333333
0 0.001451416015625 0.0011675347222222222 0.00025634765625 0.0014756944444444446
0 0.28359375 0.503125 0.0734375 0.2520833333333333
0 0.71171875 0.6854166666666667 0.1328125 0.6291666666666667
0 0.57421875 0.5 0.0578125 0.22083333333333333
0 0.53125 0.49375 0.03125 0.11666666666666667
0 0.66328125 0.4895833333333333 0.0765625 0.26666666666666666
0 0.459375 0.49166666666666664 0.04375 0.17083333333333334
0 0.60703125 0.5135416666666667 0.0609375 0.22291666666666668
0 0.58359375 0.50625 0.0328125 0.11666666666666667
0 0.42578125 0.5 0.0609375 0.18333333333333332
0 0.76640625 0.5010416666666667 0.0734375 0.27291666666666664
0 0.52421875 0.5239583333333333 0.0671875 0.22291666666666668
0 0.63671875 0.5114583333333333 0.0640625 0.22708333333333333
0 0.001451416015625 0.0011675347222222222 0.00025634765625 0.0014756944444444446
0 0.28359375 0.503125 0.0734375 0.2520833333333333
0 0.71171875 0.6854166666666667 0.1328125 0.6291666666666667
0 0.57421875 0.5 0.0578125 0.22083333333333333
0 0.53125 0.49375 0.03125 0.11666666666666667
0 0.66328125 0.4895833333333333 0.0765625 0.26666666666666666
0 0.459375 0.49166666666666664 0.04375 0.17083333333333334
0 0.60703125 0.5135416666666667 0.0609375 0.22291666666666668