0 0.46796875 0.4947916666666667 0.0609375 0.18125
0 0.0015515136718749999 0.001095920138888889 0.00023681640625 0.0013932291666666665
0 0.57890625 0.5135416666666667 0.0671875 0.21875
0 0.00123291015625 0.0014431423611111112 0.000234375 0.001427951388888889
0 0.3328125 0.4979166666666667 0.071875 0.25
0 0.2453125 0.49583333333333335 0.04375 0.14583333333333334
0 0.5390625 0.4947916666666667 0.03125 0.11875
0 0.6859375 0.5020833333333333 0.065625 0.22916666666666666
0 0.63671875 0.5114583333333333 0.0640625 0.22708333333333333
0 0.7765625 0.5 0.071875 0.2708333333333333
0 0.6484375 0.4895833333333333 0.078125 0.26666666666666666
0 0.459375 0.49375 0.04375 0.17083333333333334
0 0.6046875 0.5135416666666667 0.059375 0.22291666666666668
0 0.46796875 0.4947916666666667 0.0609375 0.18125
0 0.0015515136718749999 0.001095920138888889 0.00023681640625 0.0013932291666666665
0 0.57890625 0.5135416666666667 0.0671875 0.21875
0 0.00123291015625 0.0014431423611111112 0.000234375 0.001427951388888889
0 0.3328125 0.4979166666666667 0.071875 0.25
0 0.2453125 0.49583333333333335 0.04375 0.14583333333333334
0 0.5390625 0.4947916666666667 0.03125 0.11875
0 0.6859375 0.5020833333333333 0.065625 0.22916666666666666
0 0.63671875 0.5114583333333333 0.0640625 0.22708333333333333
0 0.7765625 0.5 0.071875 0.2708333333333333
0 0.6484375 0.4895833333333333 0.078125 0.26666666666666666
0 0.459375 0.49375 0.04375 0.17083333333333334
0 0.6046875 0.5135416666666667 0.059375 0.22291666666666668