0 0.5296875 0.5166666666666667 0.034375 0.12083333333333333
0 0.275 0.4979166666666667 0.04375 0.14583333333333334
0 0.4953125 0.49583333333333335 0.05625 0.18333333333333332
0 0.61015625 0.5135416666666667 0.0671875 0.21875
0 0.71875 0.5041666666666667 0.065625 0.22916666666666666
0 0.001329345703125 0.0014409722222222222 0.00027099609374999997 0.0015190972222222222
0 0.36171875 0.5 0.0703125 0.24583333333333332
0 0.63671875 0.5114583333333333 0.0640625 0.22708333333333333
0 0.66015625 0.49583333333333335 0.0328125 0.12083333333333333
0 0.78671875 0.49895833333333334 0.0734375 0.27291666666666664
0 0.63359375 0.4895833333333333 0.0765625 0.26666666666666666
0 0.4609375 0.49375 0.04375 0.17083333333333334
0 0.60234375 0.5135416666666667 0.0609375 0.22291666666666668
0 0.5296875 0.5166666666666667 0.034375 0.12083333333333333
0 0.275 0.4979166666666667 0.04375 0.14583333333333334
0 0.4953125 0.49583333333333335 0.05625 0.18333333333333332
0 0.61015625 0.5135416666666667 0.0671875 0.21875
0 0.71875 0.5041666666666667 0.065625 0.22916666666666666
0 0.001329345703125 0.0014409722222222222 0.00027099609374999997 0.0015190972222222222
0 0.36171875 0.5 0.0703125 0.24583333333333332
0 0.63671875 0.5114583333333333 0.0640625 0.22708333333333333
0 0.66015625 0.49583333333333335 0.0328125 0.12083333333333333
0 0.78671875 0.49895833333333334 0.0734375 0.27291666666666664
0 0.63359375 0.4895833333333333 0.0765625 0.26666666666666666
0 0.4609375 0.49375 0.04375 0.17083333333333334
0 0.60234375 0.5135416666666667 0.0609375 0.22291666666666668