0 0.65859375 0.4947916666666667 0.0453125 0.18125
0 0.0014721679687499998 0.0014344618055555556 0.000283203125 0.0017144097222222222
0 0.55 0.490625 0.053125 0.18541666666666667
0 0.67109375 0.509375 0.0671875 0.22291666666666668
0 0.78046875 0.5020833333333333 0.0640625 0.23333333333333334
0 0.415625 0.4979166666666667 0.06875 0.24166666666666667
0 0.328125 0.49375 0.040625 0.15
0 0.796875 0.496875 0.071875 0.27291666666666664
0 0.84453125 0.509375 0.0609375 0.22708333333333333
0 0.6140625 0.5135416666666667 0.065625 0.21875
0 0.61875 0.48854166666666665 0.078125 0.26458333333333334
0 0.4609375 0.49375 0.04375 0.17083333333333334
0 0.59921875 0.5135416666666667 0.0609375 0.22291666666666668
0 0.65859375 0.4947916666666667 0.0453125 0.18125
0 0.0014721679687499998 0.0014344618055555556 0.000283203125 0.0017144097222222222
0 0.55 0.490625 0.053125 0.18541666666666667
0 0.67109375 0.509375 0.0671875 0.22291666666666668
0 0.78046875 0.5020833333333333 0.0640625 0.23333333333333334
0 0.415625 0.4979166666666667 0.06875 0.24166666666666667
0 0.328125 0.49375 0.040625 0.15
0 0.796875 0.496875 0.071875 0.27291666666666664
0 0.84453125 0.509375 0.0609375 0.22708333333333333
0 0.6140625 0.5135416666666667 0.065625 0.21875
0 0.61875 0.48854166666666665 0.078125 0.26458333333333334
0 0.4609375 0.49375 0.04375 0.17083333333333334
0 0.59921875 0.5135416666666667 0.0609375 0.22291666666666668