0 0.00154296875 0.0014192708333333334 0.00028808593750000004 0.0017708333333333332
0 0.3515625 0.49270833333333336 0.040625 0.14791666666666667
0 0.57421875 0.490625 0.0546875 0.18541666666666667
0 0.8765625 0.5072916666666667 0.065625 0.23125
0 0.81328125 0.5010416666666667 0.0671875 0.23958333333333334
0 0.69921875 0.5083333333333333 0.0640625 0.225
0 0.440625 0.4979166666666667 0.06875 0.24166666666666667
0 0.6171875 0.5135416666666667 0.065625 0.21875
0 0.7859375 0.50625 0.065625 0.23333333333333334
0 0.6578125 0.4947916666666667 0.04375 0.18125
0 0.60390625 0.4875 0.0765625 0.26666666666666666
0 0.4625 0.49375 0.04375 0.17083333333333334
0 0.59765625 0.5135416666666667 0.0609375 0.22291666666666668
0 0.00154296875 0.0014192708333333334 0.00028808593750000004 0.0017708333333333332
0 0.3515625 0.49270833333333336 0.040625 0.14791666666666667
0 0.57421875 0.490625 0.0546875 0.18541666666666667
0 0.8765625 0.5072916666666667 0.065625 0.23125
0 0.81328125 0.5010416666666667 0.0671875 0.23958333333333334
0 0.69921875 0.5083333333333333 0.0640625 0.225
0 0.440625 0.4979166666666667 0.06875 0.24166666666666667
0 0.6171875 0.5135416666666667 0.065625 0.21875
0 0.7859375 0.50625 0.065625 0.23333333333333334
0 0.6578125 0.4947916666666667 0.04375 0.18125
0 0.60390625 0.4875 0.0765625 0.26666666666666666
0 0.4625 0.49375 0.04375 0.17083333333333334
0 0.59765625 0.5135416666666667 0.0609375 0.22291666666666668