0 0.7578125 0.49375 0.05 0.1875
0 0.41328125 0.49166666666666664 0.0421875 0.15
0 0.64765625 0.49375 0.0484375 0.1875
0 0.96796875 0.5114583333333333 0.0640625 0.24375
0 0.784375 0.5135416666666667 0.06875 0.22708333333333333
0 0.90390625 0.5072916666666667 0.0671875 0.23958333333333334
0 0.57421875 0.4875 0.0765625 0.26666666666666666
0 0.70234375 0.5083333333333333 0.0640625 0.225
0 0.04609375 0.5354166666666667 0.0921875 0.8916666666666667
0 0.4640625 0.49583333333333335 0.04375 0.17083333333333334
0 0.83984375 0.503125 0.0671875 0.23958333333333334
0 0.5921875 0.5135416666666667 0.059375 0.22291666666666668
0 0.7578125 0.49375 0.05 0.1875
0 0.41328125 0.49166666666666664 0.0421875 0.15
0 0.64765625 0.49375 0.0484375 0.1875
0 0.96796875 0.5114583333333333 0.0640625 0.24375
0 0.784375 0.5135416666666667 0.06875 0.22708333333333333
0 0.90390625 0.5072916666666667 0.0671875 0.23958333333333334
0 0.57421875 0.4875 0.0765625 0.26666666666666666
0 0.70234375 0.5083333333333333 0.0640625 0.225
0 0.04609375 0.5354166666666667 0.0921875 0.8916666666666667
0 0.4640625 0.49583333333333335 0.04375 0.17083333333333334
0 0.83984375 0.503125 0.0671875 0.23958333333333334
0 0.5921875 0.5135416666666667 0.059375 0.22291666666666668