0 0.44609375 0.49270833333333336 0.0484375 0.15208333333333332
0 0.0828125 0.5479166666666667 0.165625 0.8833333333333333
0 0.69140625 0.496875 0.0515625 0.19791666666666666
0 0.840625 0.515625 0.06875 0.23125
0 0.96171875 0.5125 0.0703125 0.25
0 0.5546875 0.4947916666666667 0.06875 0.24375
0 0.79921875 0.496875 0.0515625 0.19375
0 0.93671875 0.5083333333333333 0.0671875 0.24166666666666667
0 0.58984375 0.5135416666666667 0.0609375 0.22291666666666668
0 0.81328125 0.5135416666666667 0.0671875 0.22708333333333333
0 0.44609375 0.49270833333333336 0.0484375 0.15208333333333332
0 0.0828125 0.5479166666666667 0.165625 0.8833333333333333
0 0.69140625 0.496875 0.0515625 0.19791666666666666
0 0.840625 0.515625 0.06875 0.23125
0 0.96171875 0.5125 0.0703125 0.25
0 0.5546875 0.4947916666666667 0.06875 0.24375
0 0.79921875 0.496875 0.0515625 0.19375
0 0.93671875 0.5083333333333333 0.0671875 0.24166666666666667
0 0.58984375 0.5135416666666667 0.0609375 0.22291666666666668
0 0.81328125 0.5135416666666667 0.0671875 0.22708333333333333