0 0.46328125 0.490625 0.0453125 0.14791666666666667
0 0.81875 0.4947916666666667 0.05 0.19375
0 0.9734375 0.509375 0.053125 0.2520833333333333
0 0.7078125 0.49375 0.05 0.19583333333333333
0 0.10546875 0.5520833333333334 0.2109375 0.8791666666666667
0 0.8625 0.5125 0.075 0.23333333333333334
0 0.571875 0.49375 0.06875 0.24166666666666667
0 0.58671875 0.5135416666666667 0.0609375 0.22291666666666668
0 0.83984375 0.5114583333333333 0.0671875 0.22708333333333333
0 0.46328125 0.490625 0.0453125 0.14791666666666667
0 0.81875 0.4947916666666667 0.05 0.19375
0 0.9734375 0.509375 0.053125 0.2520833333333333
0 0.7078125 0.49375 0.05 0.19583333333333333
0 0.10546875 0.5520833333333334 0.2109375 0.8791666666666667
0 0.8625 0.5125 0.075 0.23333333333333334
0 0.571875 0.49375 0.06875 0.24166666666666667
0 0.58671875 0.5135416666666667 0.0609375 0.22291666666666668
0 0.83984375 0.5114583333333333 0.0671875 0.22708333333333333