0 0.403125 0.49375 0.034375 0.13333333333333333
0 0.5703125 0.48854166666666665 0.040625 0.13541666666666666
0 0.45078125 0.5010416666666667 0.0703125 0.27291666666666664
0 0.50546875 0.4822916666666667 0.0765625 0.3020833333333333
0 0.34375 0.5010416666666667 0.10625 0.3854166666666667
0 0.84375 0.5 0.034375 0.1125
0 0.9484375 0.4979166666666667 0.034375 0.1125
0 0.403125 0.49375 0.034375 0.13333333333333333
0 0.5703125 0.48854166666666665 0.040625 0.13541666666666666
0 0.45078125 0.5010416666666667 0.0703125 0.27291666666666664
0 0.50546875 0.4822916666666667 0.0765625 0.3020833333333333
0 0.34375 0.5010416666666667 0.10625 0.3854166666666667
0 0.84375 0.5 0.034375 0.1125
0 0.9484375 0.4979166666666667 0.034375 0.1125