0 0.47890625 0.49166666666666664 0.0453125 0.15
0 0.84140625 0.49895833333333334 0.0546875 0.20208333333333334
0 0.7296875 0.49583333333333335 0.05 0.2
0 0.121875 0.5625 0.24375 0.875
0 0.8921875 0.515625 0.078125 0.23541666666666666
0 0.59296875 0.4979166666666667 0.0671875 0.2375
0 0.86640625 0.5114583333333333 0.0671875 0.22708333333333333
0 0.47890625 0.49166666666666664 0.0453125 0.15
0 0.84140625 0.49895833333333334 0.0546875 0.20208333333333334
0 0.7296875 0.49583333333333335 0.05 0.2
0 0.121875 0.5625 0.24375 0.875
0 0.8921875 0.515625 0.078125 0.23541666666666666
0 0.59296875 0.4979166666666667 0.0671875 0.2375
0 0.86640625 0.5114583333333333 0.0671875 0.22708333333333333