0 0.48359375 0.49270833333333336 0.0453125 0.15208333333333332
0 0.13984375 0.5572916666666666 0.2796875 0.85625
0 0.85078125 0.5 0.0546875 0.20416666666666666
0 0.7390625 0.496875 0.05 0.20208333333333334
0 0.91015625 0.51875 0.0796875 0.23333333333333334
0 0.603125 0.5 0.06875 0.2375
0 0.059375 0.490625 0.11875 0.5229166666666667
0 0.88359375 0.5135416666666667 0.0671875 0.22708333333333333
0 0.48359375 0.49270833333333336 0.0453125 0.15208333333333332
0 0.13984375 0.5572916666666666 0.2796875 0.85625
0 0.85078125 0.5 0.0546875 0.20416666666666666
0 0.7390625 0.496875 0.05 0.20208333333333334
0 0.91015625 0.51875 0.0796875 0.23333333333333334
0 0.603125 0.5 0.06875 0.2375
0 0.059375 0.490625 0.11875 0.5229166666666667
0 0.88359375 0.5135416666666667 0.0671875 0.22708333333333333