0 0.48203125 0.490625 0.0453125 0.15208333333333332
0 0.85234375 0.49895833333333334 0.0546875 0.20625
0 0.14453125 0.5385416666666667 0.2859375 0.83125
0 0.740625 0.4947916666666667 0.05 0.20208333333333334
0 0.05625 0.48854166666666665 0.1125 0.53125
0 0.9140625 0.5197916666666667 0.075 0.23541666666666666
0 0.60625 0.4979166666666667 0.06875 0.2375
0 0.89453125 0.5145833333333333 0.0671875 0.225
0 0.48203125 0.490625 0.0453125 0.15208333333333332
0 0.85234375 0.49895833333333334 0.0546875 0.20625
0 0.14453125 0.5385416666666667 0.2859375 0.83125
0 0.740625 0.4947916666666667 0.05 0.20208333333333334
0 0.05625 0.48854166666666665 0.1125 0.53125
0 0.9140625 0.5197916666666667 0.075 0.23541666666666666
0 0.60625 0.4979166666666667 0.06875 0.2375
0 0.89453125 0.5145833333333333 0.0671875 0.225