0 0.0328125 0.48020833333333335 0.065625 0.5645833333333333
0 0.4640625 0.4875 0.04375 0.15416666666666667
0 0.84375 0.49270833333333336 0.05625 0.21041666666666667
0 0.73125 0.490625 0.05 0.20625
0 0.9125 0.5125 0.075 0.22916666666666666
0 0.17890625 0.54375 0.2421875 0.8791666666666667
0 0.6015625 0.4895833333333333 0.06875 0.2375
0 0.89921875 0.521875 0.0671875 0.22708333333333333
0 0.0328125 0.48020833333333335 0.065625 0.5645833333333333
0 0.4640625 0.4875 0.04375 0.15416666666666667
0 0.84375 0.49270833333333336 0.05625 0.21041666666666667
0 0.73125 0.490625 0.05 0.20625
0 0.9125 0.5125 0.075 0.22916666666666666
0 0.17890625 0.54375 0.2421875 0.8791666666666667
0 0.6015625 0.4895833333333333 0.06875 0.2375
0 0.89921875 0.521875 0.0671875 0.22708333333333333