0 0.44921875 0.4895833333333333 0.0453125 0.15416666666666667
0 0.83203125 0.49375 0.0546875 0.2125
0 0.72109375 0.490625 0.0515625 0.20625
0 0.1890625 0.5385416666666667 0.2375 0.8770833333333333
0 0.9046875 0.5104166666666666 0.071875 0.22916666666666666
0 0.59140625 0.4895833333333333 0.0703125 0.2375
0 0.89296875 0.5177083333333333 0.0671875 0.22708333333333333
0 0.44921875 0.4895833333333333 0.0453125 0.15416666666666667
0 0.83203125 0.49375 0.0546875 0.2125
0 0.72109375 0.490625 0.0515625 0.20625
0 0.1890625 0.5385416666666667 0.2375 0.8770833333333333
0 0.9046875 0.5104166666666666 0.071875 0.22916666666666666
0 0.59140625 0.4895833333333333 0.0703125 0.2375
0 0.89296875 0.5177083333333333 0.0671875 0.22708333333333333