0 0.43203125 0.49270833333333336 0.0453125 0.15625
0 0.8171875 0.49895833333333334 0.053125 0.21041666666666667
0 0.70703125 0.4947916666666667 0.0484375 0.20625
0 0.17890625 0.540625 0.2703125 0.8895833333333333
0 0.88828125 0.5145833333333333 0.0703125 0.225
0 0.58046875 0.4947916666666667 0.0703125 0.23958333333333334
0 0.001536865234375 0.0010655381944444445 0.00010009765625 0.0005164930555555555
0 0.88515625 0.5229166666666667 0.0671875 0.225
0 0.43203125 0.49270833333333336 0.0453125 0.15625
0 0.8171875 0.49895833333333334 0.053125 0.21041666666666667
0 0.70703125 0.4947916666666667 0.0484375 0.20625
0 0.17890625 0.540625 0.2703125 0.8895833333333333
0 0.88828125 0.5145833333333333 0.0703125 0.225
0 0.58046875 0.4947916666666667 0.0703125 0.23958333333333334
0 0.001536865234375 0.0010655381944444445 0.00010009765625 0.0005164930555555555
0 0.88515625 0.5229166666666667 0.0671875 0.225