0 0.7921875 0.5 0.053125 0.2125
0 0.6828125 0.496875 0.05 0.20625
0 0.86328125 0.51875 0.0640625 0.22083333333333333
0 0.55625 0.4979166666666667 0.071875 0.2375
0 0 0.0010416666666666667 0 0.0020833333333333333
0 0.95859375 0.5135416666666667 0.0734375 0.24791666666666667
0 0.4015625 0.49270833333333336 0.046875 0.15625
0 0.86484375 0.528125 0.0671875 0.22708333333333333
0 0.7921875 0.5 0.053125 0.2125
0 0.6828125 0.496875 0.05 0.20625
0 0.86328125 0.51875 0.0640625 0.22083333333333333
0 0.55625 0.4979166666666667 0.071875 0.2375
0 0 0.0010416666666666667 0 0.0020833333333333333
0 0.95859375 0.5135416666666667 0.0734375 0.24791666666666667
0 0.4015625 0.49270833333333336 0.046875 0.15625
0 0.86484375 0.528125 0.0671875 0.22708333333333333