0 0.3859375 0.49270833333333336 0.046875 0.15625
0 0.77890625 0.5 0.0515625 0.2125
0 0.66796875 0.496875 0.0515625 0.20625
0 0.84765625 0.5197916666666667 0.0640625 0.21875
0 0 0.0010416666666666667 0 0.0020833333333333333
0 0.54453125 0.4979166666666667 0.0703125 0.2375
0 0.94375 0.5135416666666667 0.075 0.24791666666666667
0 0.84921875 0.5239583333333333 0.0671875 0.22708333333333333
0 0.3859375 0.49270833333333336 0.046875 0.15625
0 0.77890625 0.5 0.0515625 0.2125
0 0.66796875 0.496875 0.0515625 0.20625
0 0.84765625 0.5197916666666667 0.0640625 0.21875
0 0 0.0010416666666666667 0 0.0020833333333333333
0 0.54453125 0.4979166666666667 0.0703125 0.2375
0 0.94375 0.5135416666666667 0.075 0.24791666666666667
0 0.84921875 0.5239583333333333 0.0671875 0.22708333333333333