0 0.36171875 0.49583333333333335 0.0484375 0.15833333333333333
0 0.75703125 0.5010416666666667 0.0515625 0.21041666666666667
0 0.64765625 0.5 0.0515625 0.20833333333333334
0 0 0.0010416666666666667 0 0.0020833333333333333
0 0.82734375 0.51875 0.0640625 0.2125
0 0.91875 0.5135416666666667 0.071875 0.24375
0 0.5234375 0.5010416666666667 0.06875 0.23541666666666666
0 0.8296875 0.5291666666666667 0.06875 0.225
0 0.36171875 0.49583333333333335 0.0484375 0.15833333333333333
0 0.75703125 0.5010416666666667 0.0515625 0.21041666666666667
0 0.64765625 0.5 0.0515625 0.20833333333333334
0 0 0.0010416666666666667 0 0.0020833333333333333
0 0.82734375 0.51875 0.0640625 0.2125
0 0.91875 0.5135416666666667 0.071875 0.24375
0 0.5234375 0.5010416666666667 0.06875 0.23541666666666666
0 0.8296875 0.5291666666666667 0.06875 0.225