0 0.96171875 0.5010416666666667 0.0328125 0.10625
0 0.85625 0.5 0.034375 0.1125
0 0.40859375 0.49583333333333335 0.0359375 0.12916666666666668
0 0.57890625 0.490625 0.0421875 0.13541666666666666
0 0.45859375 0.5010416666666667 0.0703125 0.27708333333333335
0 0.51640625 0.48020833333333335 0.0765625 0.3104166666666667
0 0.3375 0.50625 0.1125 0.3958333333333333
0 0.22265625 0.5 0.0296875 0.1
0 0.2625 0.4979166666666667 0.03125 0.10416666666666667
0 0.96171875 0.5010416666666667 0.0328125 0.10625
0 0.85625 0.5 0.034375 0.1125
0 0.40859375 0.49583333333333335 0.0359375 0.12916666666666668
0 0.57890625 0.490625 0.0421875 0.13541666666666666
0 0.45859375 0.5010416666666667 0.0703125 0.27708333333333335
0 0.51640625 0.48020833333333335 0.0765625 0.3104166666666667
0 0.3375 0.50625 0.1125 0.3958333333333333
0 0.22265625 0.5 0.0296875 0.1
0 0.2625 0.4979166666666667 0.03125 0.10416666666666667