0 0.334375 0.496875 0.05 0.16041666666666668
0 0.62421875 0.5010416666666667 0.0515625 0.21041666666666667
0 0.7328125 0.5020833333333333 0.053125 0.2125
0 0.80078125 0.5177083333333333 0.0640625 0.21041666666666667
0 0 0.0010416666666666667 0 0.0020833333333333333
0 0.8890625 0.5135416666666667 0.06875 0.23958333333333334
0 0.49921875 0.503125 0.0671875 0.23541666666666666
0 0.8359375 0.5302083333333333 0.06875 0.22708333333333333
0 0.334375 0.496875 0.05 0.16041666666666668
0 0.62421875 0.5010416666666667 0.0515625 0.21041666666666667
0 0.7328125 0.5020833333333333 0.053125 0.2125
0 0.80078125 0.5177083333333333 0.0640625 0.21041666666666667
0 0 0.0010416666666666667 0 0.0020833333333333333
0 0.8890625 0.5135416666666667 0.06875 0.23958333333333334
0 0.49921875 0.503125 0.0671875 0.23541666666666666
0 0.8359375 0.5302083333333333 0.06875 0.22708333333333333