0 0.3125 0.496875 0.053125 0.16458333333333333
0 0.6046875 0.5010416666666667 0.053125 0.21041666666666667
0 0.7125 0.5 0.053125 0.2125
0 0 0.0010416666666666667 0 0.0020833333333333333
0 0.77890625 0.515625 0.0640625 0.21041666666666667
0 0.86171875 0.5135416666666667 0.0671875 0.23125
0 0.478125 0.5020833333333333 0.06875 0.2375
0 0.88125 0.515625 0.06875 0.23958333333333334
0 0.94296875 0.5197916666666667 0.0703125 0.23125
0 0.3125 0.496875 0.053125 0.16458333333333333
0 0.6046875 0.5010416666666667 0.053125 0.21041666666666667
0 0.7125 0.5 0.053125 0.2125
0 0 0.0010416666666666667 0 0.0020833333333333333
0 0.77890625 0.515625 0.0640625 0.21041666666666667
0 0.86171875 0.5135416666666667 0.0671875 0.23125
0 0.478125 0.5020833333333333 0.06875 0.2375
0 0.88125 0.515625 0.06875 0.23958333333333334
0 0.94296875 0.5197916666666667 0.0703125 0.23125