0 0.27578125 0.4979166666666667 0.0546875 0.16666666666666666
0 0.571875 0.5 0.053125 0.2125
0 0.9015625 0.5177083333333333 0.065625 0.23125
0 0.67890625 0.5010416666666667 0.0546875 0.21041666666666667
0 0.7453125 0.5166666666666667 0.065625 0.20416666666666666
0 0 0.0010416666666666667 0 0.0020833333333333333
0 0.82734375 0.515625 0.0640625 0.23125
0 0.4453125 0.49895833333333334 0.06875 0.23958333333333334
0 0.6015625 0.51875 0.040625 0.15833333333333333
0 0.86953125 0.5135416666666667 0.0671875 0.23125
0 0.27578125 0.4979166666666667 0.0546875 0.16666666666666666
0 0.571875 0.5 0.053125 0.2125
0 0.9015625 0.5177083333333333 0.065625 0.23125
0 0.67890625 0.5010416666666667 0.0546875 0.21041666666666667
0 0.7453125 0.5166666666666667 0.065625 0.20416666666666666
0 0 0.0010416666666666667 0 0.0020833333333333333
0 0.82734375 0.515625 0.0640625 0.23125
0 0.4453125 0.49895833333333334 0.06875 0.23958333333333334
0 0.6015625 0.51875 0.040625 0.15833333333333333
0 0.86953125 0.5135416666666667 0.0671875 0.23125