0 0.58828125 0.5177083333333333 0.0421875 0.16041666666666668
0 0.2578125 0.49375 0.053125 0.16666666666666666
0 0.55625 0.496875 0.05 0.21458333333333332
0 0.88359375 0.5145833333333333 0.0671875 0.22916666666666666
0 0.665625 0.4979166666666667 0.05625 0.2125
0 0.73046875 0.515625 0.0640625 0.20208333333333334
0 0 0.0010416666666666667 0 0.0020833333333333333
0 0.8109375 0.5114583333333333 0.065625 0.22708333333333333
0 0.43046875 0.49583333333333335 0.0671875 0.2375
0 0.8984375 0.515625 0.065625 0.23125
0 0.58828125 0.5177083333333333 0.0421875 0.16041666666666668
0 0.2578125 0.49375 0.053125 0.16666666666666666
0 0.55625 0.496875 0.05 0.21458333333333332
0 0.88359375 0.5145833333333333 0.0671875 0.22916666666666666
0 0.665625 0.4979166666666667 0.05625 0.2125
0 0.73046875 0.515625 0.0640625 0.20208333333333334
0 0 0.0010416666666666667 0 0.0020833333333333333
0 0.8109375 0.5114583333333333 0.065625 0.22708333333333333
0 0.43046875 0.49583333333333335 0.0671875 0.2375
0 0.8984375 0.515625 0.065625 0.23125