0 0.2203125 0.49375 0.053125 0.17083333333333334
0 0.634375 0.4979166666666667 0.05625 0.2125
0 0.52578125 0.49583333333333335 0.0515625 0.21666666666666667
0 0.85 0.5166666666666667 0.0625 0.225
0 0 0.0010416666666666667 0 0.0020833333333333333
0 0.7015625 0.515625 0.059375 0.19791666666666666
0 0.77578125 0.5104166666666666 0.0640625 0.225
0 0.4 0.49583333333333335 0.06875 0.2375
0 0.56796875 0.5208333333333334 0.0421875 0.15833333333333333
0 0.2203125 0.49375 0.053125 0.17083333333333334
0 0.634375 0.4979166666666667 0.05625 0.2125
0 0.52578125 0.49583333333333335 0.0515625 0.21666666666666667
0 0.85 0.5166666666666667 0.0625 0.225
0 0 0.0010416666666666667 0 0.0020833333333333333
0 0.7015625 0.515625 0.059375 0.19791666666666666
0 0.77578125 0.5104166666666666 0.0640625 0.225
0 0.4 0.49583333333333335 0.06875 0.2375
0 0.56796875 0.5208333333333334 0.0421875 0.15833333333333333