0 0 0.0010416666666666667 0 0.0020833333333333333
0 0.49296875 0.496875 0.0515625 0.21875
0 0.60234375 0.49895833333333334 0.0578125 0.21458333333333332
0 0.66796875 0.5145833333333333 0.0578125 0.19583333333333333
0 0.8140625 0.51875 0.0625 0.22083333333333333
0 0.73984375 0.509375 0.0640625 0.22291666666666668
0 0.36875 0.4979166666666667 0.06875 0.2375
0 0.55390625 0.5229166666666667 0.0421875 0.15833333333333333
0 0 0.0010416666666666667 0 0.0020833333333333333
0 0.49296875 0.496875 0.0515625 0.21875
0 0.60234375 0.49895833333333334 0.0578125 0.21458333333333332
0 0.66796875 0.5145833333333333 0.0578125 0.19583333333333333
0 0.8140625 0.51875 0.0625 0.22083333333333333
0 0.73984375 0.509375 0.0640625 0.22291666666666668
0 0.36875 0.4979166666666667 0.06875 0.2375
0 0.55390625 0.5229166666666667 0.0421875 0.15833333333333333