0 0 0.0010416666666666667 0 0.0020833333333333333
0 0.48046875 0.496875 0.0515625 0.21875
0 0.590625 0.4979166666666667 0.05625 0.21666666666666667
0 0.8 0.51875 0.0625 0.21666666666666667
0 0.65625 0.5125 0.05625 0.19166666666666668
0 0.72578125 0.5072916666666667 0.0640625 0.22291666666666668
0 0.35625 0.4979166666666667 0.06875 0.2375
0 0.53046875 0.51875 0.0421875 0.15833333333333333
0 0 0.0010416666666666667 0 0.0020833333333333333
0 0.48046875 0.496875 0.0515625 0.21875
0 0.590625 0.4979166666666667 0.05625 0.21666666666666667
0 0.8 0.51875 0.0625 0.21666666666666667
0 0.65625 0.5125 0.05625 0.19166666666666668
0 0.72578125 0.5072916666666667 0.0640625 0.22291666666666668
0 0.35625 0.4979166666666667 0.06875 0.2375
0 0.53046875 0.51875 0.0421875 0.15833333333333333