0 0 0.0010416666666666667 0 0.0020833333333333333
0 0.459375 0.49583333333333335 0.053125 0.22083333333333333
0 0.571875 0.4979166666666667 0.053125 0.21666666666666667
0 0.77734375 0.5177083333333333 0.0640625 0.21875
0 0.63515625 0.5125 0.0546875 0.19166666666666668
0 0.703125 0.5083333333333333 0.0625 0.225
0 0.33671875 0.49895833333333334 0.0703125 0.23958333333333334
0 0.51015625 0.5229166666666667 0.0421875 0.15833333333333333
0 0 0.0010416666666666667 0 0.0020833333333333333
0 0.459375 0.49583333333333335 0.053125 0.22083333333333333
0 0.571875 0.4979166666666667 0.053125 0.21666666666666667
0 0.77734375 0.5177083333333333 0.0640625 0.21875
0 0.63515625 0.5125 0.0546875 0.19166666666666668
0 0.703125 0.5083333333333333 0.0625 0.225
0 0.33671875 0.49895833333333334 0.0703125 0.23958333333333334
0 0.51015625 0.5229166666666667 0.0421875 0.15833333333333333