0 0.44296875 0.5 0.0546875 0.225
0 0.55390625 0.5010416666666667 0.0546875 0.21875
0 0.75625 0.5177083333333333 0.0625 0.21458333333333332
0 0.6171875 0.5177083333333333 0.053125 0.18958333333333333
0 0.6828125 0.5114583333333333 0.0625 0.22291666666666668
0 0.31875 0.5010416666666667 0.071875 0.23958333333333334
0 0.49296875 0.5270833333333333 0.0421875 0.15833333333333333
0 0.44296875 0.5 0.0546875 0.225
0 0.55390625 0.5010416666666667 0.0546875 0.21875
0 0.75625 0.5177083333333333 0.0625 0.21458333333333332
0 0.6171875 0.5177083333333333 0.053125 0.18958333333333333
0 0.6828125 0.5114583333333333 0.0625 0.22291666666666668
0 0.31875 0.5010416666666667 0.071875 0.23958333333333334
0 0.49296875 0.5270833333333333 0.0421875 0.15833333333333333