0 0.42578125 0.4979166666666667 0.0546875 0.225
0 0.5390625 0.49895833333333334 0.05625 0.22291666666666668
0 0.73984375 0.5166666666666667 0.0609375 0.21666666666666667
0 0.66796875 0.5125 0.0609375 0.22083333333333333
0 0.6015625 0.5177083333333333 0.053125 0.18541666666666667
0 0.3046875 0.496875 0.071875 0.23958333333333334
0 0.47734375 0.5239583333333333 0.0421875 0.16041666666666668
0 0.42578125 0.4979166666666667 0.0546875 0.225
0 0.5390625 0.49895833333333334 0.05625 0.22291666666666668
0 0.73984375 0.5166666666666667 0.0609375 0.21666666666666667
0 0.66796875 0.5125 0.0609375 0.22083333333333333
0 0.6015625 0.5177083333333333 0.053125 0.18541666666666667
0 0.3046875 0.496875 0.071875 0.23958333333333334
0 0.47734375 0.5239583333333333 0.0421875 0.16041666666666668