0 0.240625 0.50625 0.028125 0.1
0 0.59765625 0.4947916666666667 0.0421875 0.13958333333333334
0 0.88125 0.5041666666666667 0.034375 0.1125
0 0.28203125 0.503125 0.0328125 0.10625
0 0.4203125 0.49895833333333334 0.0375 0.13125
0 0.47890625 0.503125 0.0765625 0.28958333333333336
0 0.540625 0.48333333333333334 0.08125 0.32083333333333336
0 0.32890625 0.5104166666666666 0.1484375 0.4041666666666667
0 0.4453125 0.49270833333333336 0.03125 0.12291666666666666
0 0.1921875 0.50625 0.03125 0.10833333333333334
0 0.91640625 0.5041666666666667 0.0359375 0.12083333333333333
0 0.021875 0.5395833333333333 0.04375 0.18333333333333332
0 0.240625 0.50625 0.028125 0.1
0 0.59765625 0.4947916666666667 0.0421875 0.13958333333333334
0 0.88125 0.5041666666666667 0.034375 0.1125
0 0.28203125 0.503125 0.0328125 0.10625
0 0.4203125 0.49895833333333334 0.0375 0.13125
0 0.47890625 0.503125 0.0765625 0.28958333333333336
0 0.540625 0.48333333333333334 0.08125 0.32083333333333336
0 0.32890625 0.5104166666666666 0.1484375 0.4041666666666667
0 0.4453125 0.49270833333333336 0.03125 0.12291666666666666
0 0.1921875 0.50625 0.03125 0.10833333333333334
0 0.91640625 0.5041666666666667 0.0359375 0.12083333333333333
0 0.021875 0.5395833333333333 0.04375 0.18333333333333332