0 0.44140625 0.521875 0.0421875 0.15208333333333332
0 0.40546875 0.49270833333333336 0.0515625 0.22708333333333333
0 0.521875 0.49583333333333335 0.05625 0.225
0 0.7203125 0.5114583333333333 0.0625 0.21458333333333332
0 0.6484375 0.5072916666666667 0.059375 0.21875
0 0.58359375 0.5114583333333333 0.0515625 0.18541666666666667
0 0.284375 0.490625 0.071875 0.23958333333333334
0 0.44140625 0.521875 0.0421875 0.15208333333333332
0 0.40546875 0.49270833333333336 0.0515625 0.22708333333333333
0 0.521875 0.49583333333333335 0.05625 0.225
0 0.7203125 0.5114583333333333 0.0625 0.21458333333333332
0 0.6484375 0.5072916666666667 0.059375 0.21875
0 0.58359375 0.5114583333333333 0.0515625 0.18541666666666667
0 0.284375 0.490625 0.071875 0.23958333333333334