0 0.42890625 0.51875 0.0453125 0.15833333333333333
0 0.390625 0.4895833333333333 0.053125 0.23333333333333334
0 0.50859375 0.490625 0.0578125 0.22708333333333333
0 0.70546875 0.509375 0.0609375 0.21458333333333332
0 0.56953125 0.50625 0.0515625 0.18333333333333332
0 0.6328125 0.503125 0.059375 0.21875
0 0.271875 0.4875 0.071875 0.24166666666666667
0 0.001568603515625 0.001098090277777778 0.00022216796874999998 0.0012413194444444444
0 0.42890625 0.51875 0.0453125 0.15833333333333333
0 0.390625 0.4895833333333333 0.053125 0.23333333333333334
0 0.50859375 0.490625 0.0578125 0.22708333333333333
0 0.70546875 0.509375 0.0609375 0.21458333333333332
0 0.56953125 0.50625 0.0515625 0.18333333333333332
0 0.6328125 0.503125 0.059375 0.21875
0 0.271875 0.4875 0.071875 0.24166666666666667
0 0.001568603515625 0.001098090277777778 0.00022216796874999998 0.0012413194444444444