0 0.41484375 0.5177083333333333 0.0453125 0.16041666666666668
0 0.0015417480468749999 0.001095920138888889 0.00021728515625 0.0012543402777777776
0 0.37734375 0.4895833333333333 0.0546875 0.2375
0 0.690625 0.50625 0.059375 0.20833333333333334
0 0.49609375 0.490625 0.0578125 0.22708333333333333
0 0.55703125 0.5041666666666667 0.0515625 0.18333333333333332
0 0.61953125 0.5 0.0609375 0.21666666666666667
0 0.259375 0.4895833333333333 0.071875 0.24583333333333332
0 0.41484375 0.5177083333333333 0.0453125 0.16041666666666668
0 0.0015417480468749999 0.001095920138888889 0.00021728515625 0.0012543402777777776
0 0.37734375 0.4895833333333333 0.0546875 0.2375
0 0.690625 0.50625 0.059375 0.20833333333333334
0 0.49609375 0.490625 0.0578125 0.22708333333333333
0 0.55703125 0.5041666666666667 0.0515625 0.18333333333333332
0 0.61953125 0.5 0.0609375 0.21666666666666667
0 0.259375 0.4895833333333333 0.071875 0.24583333333333332