0 0.39453125 0.5145833333333333 0.0453125 0.1625
0 0.0015112304687499999 0.0011002604166666665 0.00022949218750000001 0.0012803819444444444
0 0.35703125 0.4864583333333333 0.0546875 0.23958333333333334
0 0.47890625 0.48854166666666665 0.0578125 0.23125
0 0.6734375 0.5041666666666667 0.0625 0.2125
0 0.5390625 0.5020833333333333 0.053125 0.18333333333333332
0 0.59921875 0.496875 0.0609375 0.21875
0 0.2390625 0.4875 0.071875 0.24583333333333332
0 0.39453125 0.5145833333333333 0.0453125 0.1625
0 0.0015112304687499999 0.0011002604166666665 0.00022949218750000001 0.0012803819444444444
0 0.35703125 0.4864583333333333 0.0546875 0.23958333333333334
0 0.47890625 0.48854166666666665 0.0578125 0.23125
0 0.6734375 0.5041666666666667 0.0625 0.2125
0 0.5390625 0.5020833333333333 0.053125 0.18333333333333332
0 0.59921875 0.496875 0.0609375 0.21875
0 0.2390625 0.4875 0.071875 0.24583333333333332