0 0.375 0.5177083333333333 0.046875 0.16458333333333333
0 0.33515625 0.484375 0.0546875 0.24375
0 0.0014721679687499998 0.001117621527777778 0.00023925781250000002 0.0012803819444444444
0 0.459375 0.4895833333333333 0.05625 0.23333333333333334
0 0.65390625 0.5083333333333333 0.0640625 0.2125
0 0.5203125 0.50625 0.053125 0.18333333333333332
0 0.58046875 0.49895833333333334 0.0609375 0.21875
0 0.21875 0.4864583333333333 0.071875 0.24791666666666667
0 0.375 0.5177083333333333 0.046875 0.16458333333333333
0 0.33515625 0.484375 0.0546875 0.24375
0 0.0014721679687499998 0.001117621527777778 0.00023925781250000002 0.0012803819444444444
0 0.459375 0.4895833333333333 0.05625 0.23333333333333334
0 0.65390625 0.5083333333333333 0.0640625 0.2125
0 0.5203125 0.50625 0.053125 0.18333333333333332
0 0.58046875 0.49895833333333334 0.0609375 0.21875
0 0.21875 0.4864583333333333 0.071875 0.24791666666666667