0 0.36171875 0.515625 0.0453125 0.16458333333333333
0 0.32265625 0.48333333333333334 0.0578125 0.24583333333333332
0 0.44765625 0.4864583333333333 0.0578125 0.23541666666666666
0 0.91875 0.5354166666666667 0.1625 0.6208333333333333
0 0.5078125 0.503125 0.053125 0.18125
0 0.64140625 0.50625 0.0671875 0.2125
0 0.2046875 0.48333333333333334 0.071875 0.25
0 0.5671875 0.4979166666666667 0.0625 0.22083333333333333
0 0.36171875 0.515625 0.0453125 0.16458333333333333
0 0.32265625 0.48333333333333334 0.0578125 0.24583333333333332
0 0.44765625 0.4864583333333333 0.0578125 0.23541666666666666
0 0.91875 0.5354166666666667 0.1625 0.6208333333333333
0 0.5078125 0.503125 0.053125 0.18125
0 0.64140625 0.50625 0.0671875 0.2125
0 0.2046875 0.48333333333333334 0.071875 0.25
0 0.5671875 0.4979166666666667 0.0625 0.22083333333333333