0 0.35234375 0.5166666666666667 0.0453125 0.16666666666666666
0 0.4390625 0.4864583333333333 0.05625 0.23958333333333334
0 0.31328125 0.48333333333333334 0.0578125 0.25
0 0.63203125 0.5041666666666667 0.0671875 0.2125
0 0.50078125 0.503125 0.0546875 0.18125
0 0.90390625 0.5364583333333334 0.1828125 0.6229166666666667
0 0.196875 0.4822916666666667 0.071875 0.2520833333333333
0 0.56015625 0.49895833333333334 0.0609375 0.21875
0 0.35234375 0.5166666666666667 0.0453125 0.16666666666666666
0 0.4390625 0.4864583333333333 0.05625 0.23958333333333334
0 0.31328125 0.48333333333333334 0.0578125 0.25
0 0.63203125 0.5041666666666667 0.0671875 0.2125
0 0.50078125 0.503125 0.0546875 0.18125
0 0.90390625 0.5364583333333334 0.1828125 0.6229166666666667
0 0.196875 0.4822916666666667 0.071875 0.2520833333333333
0 0.56015625 0.49895833333333334 0.0609375 0.21875