0 0.3375 0.525 0.046875 0.17083333333333334
0 0.42578125 0.4947916666666667 0.0578125 0.24375
0 0.2984375 0.49166666666666664 0.059375 0.25416666666666665
0 0.4890625 0.5083333333333333 0.053125 0.17916666666666667
0 0.61875 0.5114583333333333 0.065625 0.21041666666666667
0 0.5484375 0.5072916666666667 0.0625 0.21875
0 0.184375 0.4895833333333333 0.071875 0.25416666666666665
0 0.88828125 0.5489583333333333 0.1921875 0.6270833333333333
0 0.3375 0.525 0.046875 0.17083333333333334
0 0.42578125 0.4947916666666667 0.0578125 0.24375
0 0.2984375 0.49166666666666664 0.059375 0.25416666666666665
0 0.4890625 0.5083333333333333 0.053125 0.17916666666666667
0 0.61875 0.5114583333333333 0.065625 0.21041666666666667
0 0.5484375 0.5072916666666667 0.0625 0.21875
0 0.184375 0.4895833333333333 0.071875 0.25416666666666665
0 0.88828125 0.5489583333333333 0.1921875 0.6270833333333333