0 0.33203125 0.5229166666666667 0.0453125 0.17083333333333334
0 0.421875 0.49270833333333336 0.05625 0.24375
0 0.29296875 0.490625 0.0609375 0.25625
0 0.6140625 0.5083333333333333 0.065625 0.2125
0 0.88671875 0.5447916666666667 0.1859375 0.61875
0 0.17890625 0.4895833333333333 0.0734375 0.25416666666666665
0 0.4828125 0.5052083333333334 0.053125 0.18125
0 0.54296875 0.5041666666666667 0.0609375 0.22083333333333333
0 0.33203125 0.5229166666666667 0.0453125 0.17083333333333334
0 0.421875 0.49270833333333336 0.05625 0.24375
0 0.29296875 0.490625 0.0609375 0.25625
0 0.6140625 0.5083333333333333 0.065625 0.2125
0 0.88671875 0.5447916666666667 0.1859375 0.61875
0 0.17890625 0.4895833333333333 0.0734375 0.25416666666666665
0 0.4828125 0.5052083333333334 0.053125 0.18125
0 0.54296875 0.5041666666666667 0.0609375 0.22083333333333333