0 0.30703125 0.5208333333333334 0.0484375 0.175
0 0.39765625 0.4875 0.0546875 0.25
0 0.26875 0.48541666666666666 0.06875 0.2625
0 0.4609375 0.503125 0.05 0.17708333333333334
0 0.8546875 0.5260416666666666 0.165625 0.6145833333333334
0 0.590625 0.5041666666666667 0.065625 0.2125
0 0.52265625 0.49583333333333335 0.0609375 0.22083333333333333
0 0.15859375 0.4875 0.0796875 0.25416666666666665
0 0.30703125 0.5208333333333334 0.0484375 0.175
0 0.39765625 0.4875 0.0546875 0.25
0 0.26875 0.48541666666666666 0.06875 0.2625
0 0.4609375 0.503125 0.05 0.17708333333333334
0 0.8546875 0.5260416666666666 0.165625 0.6145833333333334
0 0.590625 0.5041666666666667 0.065625 0.2125
0 0.52265625 0.49583333333333335 0.0609375 0.22083333333333333
0 0.15859375 0.4875 0.0796875 0.25416666666666665