0 0.29375 0.51875 0.046875 0.175
0 0.3859375 0.4864583333333333 0.059375 0.2520833333333333
0 0.253125 0.484375 0.071875 0.26875
0 0.578125 0.5 0.0625 0.2125
0 0.51171875 0.49270833333333336 0.0609375 0.21875
0 0.44921875 0.49895833333333334 0.0515625 0.17708333333333334
0 0.14765625 0.48541666666666666 0.0828125 0.25416666666666665
0 0.84140625 0.5197916666666667 0.1609375 0.6104166666666667
0 0.29375 0.51875 0.046875 0.175
0 0.3859375 0.4864583333333333 0.059375 0.2520833333333333
0 0.253125 0.484375 0.071875 0.26875
0 0.578125 0.5 0.0625 0.2125
0 0.51171875 0.49270833333333336 0.0609375 0.21875
0 0.44921875 0.49895833333333334 0.0515625 0.17708333333333334
0 0.14765625 0.48541666666666666 0.0828125 0.25416666666666665
0 0.84140625 0.5197916666666667 0.1609375 0.6104166666666667