0 0.2765625 0.5166666666666667 0.05 0.18333333333333332
0 0.23515625 0.48020833333333335 0.0703125 0.27708333333333335
0 0.37109375 0.4822916666666667 0.0609375 0.2604166666666667
0 0.56171875 0.4979166666666667 0.0609375 0.2125
0 0.4359375 0.49375 0.05 0.17916666666666667
0 0.134375 0.48020833333333335 0.0875 0.25625
0 0.821875 0.5302083333333333 0.15 0.61875
0 0.4984375 0.490625 0.0625 0.22291666666666668
0 0.2765625 0.5166666666666667 0.05 0.18333333333333332
0 0.23515625 0.48020833333333335 0.0703125 0.27708333333333335
0 0.37109375 0.4822916666666667 0.0609375 0.2604166666666667
0 0.56171875 0.4979166666666667 0.0609375 0.2125
0 0.4359375 0.49375 0.05 0.17916666666666667
0 0.134375 0.48020833333333335 0.0875 0.25625
0 0.821875 0.5302083333333333 0.15 0.61875
0 0.4984375 0.490625 0.0625 0.22291666666666668