0 0.27109375 0.5166666666666667 0.0515625 0.1875
0 0.36796875 0.484375 0.0609375 0.26458333333333334
0 0.22734375 0.4822916666666667 0.0703125 0.27708333333333335
0 0.55703125 0.5010416666666667 0.0609375 0.21041666666666667
0 0.43203125 0.49583333333333335 0.0515625 0.17916666666666667
0 0.49453125 0.49270833333333336 0.0609375 0.22291666666666668
0 0.13359375 0.478125 0.0828125 0.25625
0 0.81484375 0.5385416666666667 0.1484375 0.6229166666666667
0 0.27109375 0.5166666666666667 0.0515625 0.1875
0 0.36796875 0.484375 0.0609375 0.26458333333333334
0 0.22734375 0.4822916666666667 0.0703125 0.27708333333333335
0 0.55703125 0.5010416666666667 0.0609375 0.21041666666666667
0 0.43203125 0.49583333333333335 0.0515625 0.17916666666666667
0 0.49453125 0.49270833333333336 0.0609375 0.22291666666666668
0 0.13359375 0.478125 0.0828125 0.25625
0 0.81484375 0.5385416666666667 0.1484375 0.6229166666666667