0 0.26953125 0.5302083333333333 0.0515625 0.18958333333333333
0 0.365625 0.49583333333333335 0.065625 0.2708333333333333
0 0.22734375 0.49375 0.0765625 0.2833333333333333
0 0.55625 0.5114583333333333 0.059375 0.21041666666666667
0 0.14296875 0.490625 0.0734375 0.2604166666666667
0 0.43125 0.5072916666666667 0.05 0.17708333333333334
0 0.49453125 0.50625 0.0609375 0.22083333333333333
0 0.81328125 0.5489583333333333 0.1453125 0.63125
0 0.26953125 0.5302083333333333 0.0515625 0.18958333333333333
0 0.365625 0.49583333333333335 0.065625 0.2708333333333333
0 0.22734375 0.49375 0.0765625 0.2833333333333333
0 0.55625 0.5114583333333333 0.059375 0.21041666666666667
0 0.14296875 0.490625 0.0734375 0.2604166666666667
0 0.43125 0.5072916666666667 0.05 0.17708333333333334
0 0.49453125 0.50625 0.0609375 0.22083333333333333
0 0.81328125 0.5489583333333333 0.1453125 0.63125