0 0.26953125 0.534375 0.0546875 0.19375
0 0.36796875 0.4979166666666667 0.0640625 0.275
0 0.2265625 0.496875 0.078125 0.28541666666666665
0 0.4328125 0.5072916666666667 0.053125 0.17291666666666666
0 0.55859375 0.5114583333333333 0.0609375 0.21041666666666667
0 0.14765625 0.496875 0.0734375 0.2604166666666667
0 0.49375 0.50625 0.0625 0.22083333333333333
0 0.81328125 0.5364583333333334 0.1453125 0.61875
0 0.26953125 0.534375 0.0546875 0.19375
0 0.36796875 0.4979166666666667 0.0640625 0.275
0 0.2265625 0.496875 0.078125 0.28541666666666665
0 0.4328125 0.5072916666666667 0.053125 0.17291666666666666
0 0.55859375 0.5114583333333333 0.0609375 0.21041666666666667
0 0.14765625 0.496875 0.0734375 0.2604166666666667
0 0.49375 0.50625 0.0625 0.22083333333333333
0 0.81328125 0.5364583333333334 0.1453125 0.61875