0 0.26015625 0.5364583333333334 0.0515625 0.19375
0 0.3625 0.49895833333333334 0.059375 0.27708333333333335
0 0.21875 0.4979166666666667 0.075 0.2875
0 0.55390625 0.5114583333333333 0.0609375 0.21041666666666667
0 0.14296875 0.5 0.0734375 0.25833333333333336
0 0.4265625 0.5072916666666667 0.05 0.17291666666666666
0 0.48828125 0.5052083333333334 0.0609375 0.22291666666666668
0 0.8015625 0.5291666666666667 0.146875 0.6083333333333333
0 0.26015625 0.5364583333333334 0.0515625 0.19375
0 0.3625 0.49895833333333334 0.059375 0.27708333333333335
0 0.21875 0.4979166666666667 0.075 0.2875
0 0.55390625 0.5114583333333333 0.0609375 0.21041666666666667
0 0.14296875 0.5 0.0734375 0.25833333333333336
0 0.4265625 0.5072916666666667 0.05 0.17291666666666666
0 0.48828125 0.5052083333333334 0.0609375 0.22291666666666668
0 0.8015625 0.5291666666666667 0.146875 0.6083333333333333