0 0.25625 0.5364583333333334 0.053125 0.19791666666666666
0 0.35703125 0.5010416666666667 0.0609375 0.28125
0 0.1375 0.5 0.075 0.25833333333333336
0 0.54765625 0.5114583333333333 0.0609375 0.21041666666666667
0 0.21171875 0.49895833333333334 0.0765625 0.28958333333333336
0 0.421875 0.509375 0.05 0.17291666666666666
0 0.48125 0.5072916666666667 0.0625 0.22291666666666668
0 0.79609375 0.5333333333333333 0.1515625 0.6125
0 0.25625 0.5364583333333334 0.053125 0.19791666666666666
0 0.35703125 0.5010416666666667 0.0609375 0.28125
0 0.1375 0.5 0.075 0.25833333333333336
0 0.54765625 0.5114583333333333 0.0609375 0.21041666666666667
0 0.21171875 0.49895833333333334 0.0765625 0.28958333333333336
0 0.421875 0.509375 0.05 0.17291666666666666
0 0.48125 0.5072916666666667 0.0625 0.22291666666666668
0 0.79609375 0.5333333333333333 0.1515625 0.6125