0 0.21484375 0.5010416666666667 0.0328125 0.10625
0 0.2625 0.5 0.028125 0.10416666666666667
0 0.0296875 0.534375 0.059375 0.18541666666666667
0 0.95546875 0.4947916666666667 0.0359375 0.12291666666666666
0 0.46640625 0.4875 0.0328125 0.125
0 0.62265625 0.4875 0.0421875 0.14166666666666666
0 0.91875 0.4947916666666667 0.0375 0.11458333333333333
0 0.43671875 0.49166666666666664 0.0359375 0.12916666666666668
0 0.50703125 0.5010416666666667 0.0859375 0.3020833333333333
0 0.578125 0.478125 0.096875 0.33541666666666664
0 0.321875 0.5072916666666667 0.15 0.4354166666666667
0 0.29609375 0.50625 0.0328125 0.10833333333333334
0 0.21484375 0.5010416666666667 0.0328125 0.10625
0 0.2625 0.5 0.028125 0.10416666666666667
0 0.0296875 0.534375 0.059375 0.18541666666666667
0 0.95546875 0.4947916666666667 0.0359375 0.12291666666666666
0 0.46640625 0.4875 0.0328125 0.125
0 0.62265625 0.4875 0.0421875 0.14166666666666666
0 0.91875 0.4947916666666667 0.0375 0.11458333333333333
0 0.43671875 0.49166666666666664 0.0359375 0.12916666666666668
0 0.50703125 0.5010416666666667 0.0859375 0.3020833333333333
0 0.578125 0.478125 0.096875 0.33541666666666664
0 0.321875 0.5072916666666667 0.15 0.4354166666666667
0 0.29609375 0.50625 0.0328125 0.10833333333333334