0 0.24453125 0.534375 0.0546875 0.20208333333333334
0 0.346875 0.496875 0.0625 0.28958333333333336
0 0.2015625 0.49583333333333335 0.078125 0.29583333333333334
0 0.540625 0.509375 0.0625 0.21458333333333332
0 0.13125 0.49375 0.075 0.2625
0 0.4140625 0.5052083333333334 0.05 0.17291666666666666
0 0.47265625 0.5020833333333333 0.0640625 0.22916666666666666
0 0.7796875 0.5395833333333333 0.1625 0.6166666666666667
0 0.24453125 0.534375 0.0546875 0.20208333333333334
0 0.346875 0.496875 0.0625 0.28958333333333336
0 0.2015625 0.49583333333333335 0.078125 0.29583333333333334
0 0.540625 0.509375 0.0625 0.21458333333333332
0 0.13125 0.49375 0.075 0.2625
0 0.4140625 0.5052083333333334 0.05 0.17291666666666666
0 0.47265625 0.5020833333333333 0.0640625 0.22916666666666666
0 0.7796875 0.5395833333333333 0.1625 0.6166666666666667