0 0.2328125 0.5260416666666666 0.05625 0.20625
0 0.3390625 0.4895833333333333 0.0625 0.29583333333333334
0 0.53203125 0.503125 0.0578125 0.21458333333333332
0 0.40390625 0.5010416666666667 0.0484375 0.17291666666666666
0 0.1890625 0.4864583333333333 0.084375 0.3020833333333333
0 0.1265625 0.48020833333333335 0.075 0.2604166666666667
0 0.4640625 0.496875 0.0625 0.22708333333333333
0 0.76640625 0.54375 0.1703125 0.6208333333333333
0 0.2328125 0.5260416666666666 0.05625 0.20625
0 0.3390625 0.4895833333333333 0.0625 0.29583333333333334
0 0.53203125 0.503125 0.0578125 0.21458333333333332
0 0.40390625 0.5010416666666667 0.0484375 0.17291666666666666
0 0.1890625 0.4864583333333333 0.084375 0.3020833333333333
0 0.1265625 0.48020833333333335 0.075 0.2604166666666667
0 0.4640625 0.496875 0.0625 0.22708333333333333
0 0.76640625 0.54375 0.1703125 0.6208333333333333