0 0.21640625 0.5197916666666667 0.0609375 0.21458333333333332
0 0.321875 0.48333333333333334 0.065625 0.30416666666666664
0 0.51875 0.49895833333333334 0.059375 0.21041666666666667
0 0.1140625 0.475 0.075 0.26666666666666666
0 0.16875 0.48125 0.0875 0.3125
0 0.390625 0.490625 0.05 0.17291666666666666
0 0.45 0.49375 0.0625 0.225
0 0.7453125 0.5302083333333333 0.15625 0.6104166666666667
0 0.21640625 0.5197916666666667 0.0609375 0.21458333333333332
0 0.321875 0.48333333333333334 0.065625 0.30416666666666664
0 0.51875 0.49895833333333334 0.059375 0.21041666666666667
0 0.1140625 0.475 0.075 0.26666666666666666
0 0.16875 0.48125 0.0875 0.3125
0 0.390625 0.490625 0.05 0.17291666666666666
0 0.45 0.49375 0.0625 0.225
0 0.7453125 0.5302083333333333 0.15625 0.6104166666666667