0 0.21015625 0.5291666666666667 0.0609375 0.21666666666666667
0 0.31640625 0.4864583333333333 0.0671875 0.3104166666666667
0 0.11171875 0.48541666666666666 0.0765625 0.26666666666666666
0 0.4453125 0.49583333333333335 0.0625 0.225
0 0.38671875 0.49583333333333335 0.0484375 0.175
0 0.1609375 0.4875 0.090625 0.32083333333333336
0 0.5125 0.5 0.059375 0.2125
0 0.7296875 0.5229166666666667 0.146875 0.6
0 0.21015625 0.5291666666666667 0.0609375 0.21666666666666667
0 0.31640625 0.4864583333333333 0.0671875 0.3104166666666667
0 0.11171875 0.48541666666666666 0.0765625 0.26666666666666666
0 0.4453125 0.49583333333333335 0.0625 0.225
0 0.38671875 0.49583333333333335 0.0484375 0.175
0 0.1609375 0.4875 0.090625 0.32083333333333336
0 0.5125 0.5 0.059375 0.2125
0 0.7296875 0.5229166666666667 0.146875 0.6