0 0.20546875 0.528125 0.0640625 0.21875
0 0.3125 0.4864583333333333 0.065625 0.3145833333333333
0 0.10859375 0.4875 0.0796875 0.26666666666666666
0 0.38359375 0.4947916666666667 0.0484375 0.17291666666666666
0 0.1546875 0.4864583333333333 0.09375 0.32708333333333334
0 0.5078125 0.4979166666666667 0.059375 0.2125
0 0.440625 0.49270833333333336 0.0625 0.22708333333333333
0 0.7234375 0.5197916666666667 0.146875 0.6020833333333333
0 0.20546875 0.528125 0.0640625 0.21875
0 0.3125 0.4864583333333333 0.065625 0.3145833333333333
0 0.10859375 0.4875 0.0796875 0.26666666666666666
0 0.38359375 0.4947916666666667 0.0484375 0.17291666666666666
0 0.1546875 0.4864583333333333 0.09375 0.32708333333333334
0 0.5078125 0.4979166666666667 0.059375 0.2125
0 0.440625 0.49270833333333336 0.0625 0.22708333333333333
0 0.7234375 0.5197916666666667 0.146875 0.6020833333333333