0 0.29765625 0.4822916666666667 0.0671875 0.31875
0 0.37109375 0.49270833333333336 0.0484375 0.16875
0 0.09609375 0.48333333333333334 0.0828125 0.2708333333333333
0 0.13671875 0.48333333333333334 0.0953125 0.3333333333333333
0 0.428125 0.4864583333333333 0.0625 0.22291666666666668
0 0.49453125 0.49375 0.0609375 0.21666666666666667
0 0.70625 0.5197916666666667 0.140625 0.60625
0 0.196875 0.5322916666666667 0.065625 0.21875
0 0.29765625 0.4822916666666667 0.0671875 0.31875
0 0.37109375 0.49270833333333336 0.0484375 0.16875
0 0.09609375 0.48333333333333334 0.0828125 0.2708333333333333
0 0.13671875 0.48333333333333334 0.0953125 0.3333333333333333
0 0.428125 0.4864583333333333 0.0625 0.22291666666666668
0 0.49453125 0.49375 0.0609375 0.21666666666666667
0 0.70625 0.5197916666666667 0.140625 0.60625
0 0.196875 0.5322916666666667 0.065625 0.21875