0 0.08203125 0.49583333333333335 0.0859375 0.275
0 0.2859375 0.4947916666666667 0.06875 0.32708333333333334
0 0.3609375 0.503125 0.05 0.16875
0 0.12109375 0.49270833333333336 0.1015625 0.33958333333333335
0 0.415625 0.4979166666666667 0.0625 0.22916666666666666
0 0.4828125 0.5072916666666667 0.0625 0.21875
0 0.68828125 0.5427083333333333 0.1390625 0.61875
0 0.184375 0.5385416666666667 0.065625 0.21875
0 0.08203125 0.49583333333333335 0.0859375 0.275
0 0.2859375 0.4947916666666667 0.06875 0.32708333333333334
0 0.3609375 0.503125 0.05 0.16875
0 0.12109375 0.49270833333333336 0.1015625 0.33958333333333335
0 0.415625 0.4979166666666667 0.0625 0.22916666666666666
0 0.4828125 0.5072916666666667 0.0625 0.21875
0 0.68828125 0.5427083333333333 0.1390625 0.61875
0 0.184375 0.5385416666666667 0.065625 0.21875