0 0.1703125 0.5354166666666667 0.06875 0.23333333333333334
0 0.08203125 0.4875 0.0828125 0.275
0 0.28046875 0.490625 0.0703125 0.33125
0 0.3578125 0.4979166666666667 0.05 0.17083333333333334
0 0.41171875 0.4947916666666667 0.0640625 0.23125
0 0.478125 0.5010416666666667 0.0625 0.21458333333333332
0 0.68046875 0.5416666666666666 0.1421875 0.6125
0 0.11328125 0.4895833333333333 0.1015625 0.3458333333333333
0 0.1703125 0.5354166666666667 0.06875 0.23333333333333334
0 0.08203125 0.4875 0.0828125 0.275
0 0.28046875 0.490625 0.0703125 0.33125
0 0.3578125 0.4979166666666667 0.05 0.17083333333333334
0 0.41171875 0.4947916666666667 0.0640625 0.23125
0 0.478125 0.5010416666666667 0.0625 0.21458333333333332
0 0.68046875 0.5416666666666666 0.1421875 0.6125
0 0.11328125 0.4895833333333333 0.1015625 0.3458333333333333