0 0.22109375 0.503125 0.0328125 0.11041666666666666
0 0.63125 0.4979166666666667 0.04375 0.15416666666666667
0 0.93125 0.503125 0.040625 0.11458333333333333
0 0.47265625 0.49375 0.0359375 0.12083333333333333
0 0.03125 0.534375 0.0625 0.18541666666666667
0 0.44140625 0.49583333333333335 0.0359375 0.12916666666666668
0 0.590625 0.4875 0.096875 0.3458333333333333
0 0.51796875 0.5083333333333333 0.0859375 0.3125
0 0.29765625 0.5083333333333333 0.1234375 0.45416666666666666
0 0.30390625 0.5072916666666667 0.0328125 0.10625
0 0.95859375 0.5010416666666667 0.0359375 0.12291666666666666
0 0.27265625 0.4979166666666667 0.0265625 0.10416666666666667
0 0.22109375 0.503125 0.0328125 0.11041666666666666
0 0.63125 0.4979166666666667 0.04375 0.15416666666666667
0 0.93125 0.503125 0.040625 0.11458333333333333
0 0.47265625 0.49375 0.0359375 0.12083333333333333
0 0.03125 0.534375 0.0625 0.18541666666666667
0 0.44140625 0.49583333333333335 0.0359375 0.12916666666666668
0 0.590625 0.4875 0.096875 0.3458333333333333
0 0.51796875 0.5083333333333333 0.0859375 0.3125
0 0.29765625 0.5083333333333333 0.1234375 0.45416666666666666
0 0.30390625 0.5072916666666667 0.0328125 0.10625
0 0.95859375 0.5010416666666667 0.0359375 0.12291666666666666
0 0.27265625 0.4979166666666667 0.0265625 0.10416666666666667