0 0.15703125 0.525 0.0671875 0.24166666666666667
0 0.07890625 0.478125 0.0765625 0.26875
0 0.26953125 0.484375 0.0734375 0.33958333333333335
0 0.34921875 0.48854166666666665 0.0484375 0.16875
0 0.46953125 0.49583333333333335 0.0609375 0.2125
0 0.40078125 0.4895833333333333 0.0640625 0.22916666666666666
0 0.09921875 0.48020833333333335 0.1046875 0.35208333333333336
0 0.665625 0.5322916666666667 0.14375 0.6229166666666667
0 0.32109375 0.46770833333333334 0.0328125 0.12708333333333333
0 0.15703125 0.525 0.0671875 0.24166666666666667
0 0.07890625 0.478125 0.0765625 0.26875
0 0.26953125 0.484375 0.0734375 0.33958333333333335
0 0.34921875 0.48854166666666665 0.0484375 0.16875
0 0.46953125 0.49583333333333335 0.0609375 0.2125
0 0.40078125 0.4895833333333333 0.0640625 0.22916666666666666
0 0.09921875 0.48020833333333335 0.1046875 0.35208333333333336
0 0.665625 0.5322916666666667 0.14375 0.6229166666666667
0 0.32109375 0.46770833333333334 0.0328125 0.12708333333333333