0 0.1484375 0.5270833333333333 0.065625 0.24583333333333332
0 0.31640625 0.475 0.0328125 0.13333333333333333
0 0.26171875 0.48541666666666666 0.0734375 0.3416666666666667
0 0.3453125 0.49270833333333336 0.046875 0.16875
0 0.090625 0.48125 0.10625 0.35833333333333334
0 0.39453125 0.49270833333333336 0.0640625 0.22708333333333333
0 0.4640625 0.5 0.059375 0.2125
0 0.65703125 0.5322916666666667 0.1390625 0.6104166666666667
0 0.1484375 0.5270833333333333 0.065625 0.24583333333333332
0 0.31640625 0.475 0.0328125 0.13333333333333333
0 0.26171875 0.48541666666666666 0.0734375 0.3416666666666667
0 0.3453125 0.49270833333333336 0.046875 0.16875
0 0.090625 0.48125 0.10625 0.35833333333333334
0 0.39453125 0.49270833333333336 0.0640625 0.22708333333333333
0 0.4640625 0.5 0.059375 0.2125
0 0.65703125 0.5322916666666667 0.1390625 0.6104166666666667