0 0.30859375 0.47604166666666664 0.0359375 0.13541666666666666
0 0.25546875 0.48541666666666666 0.0765625 0.35
0 0.08046875 0.4822916666666667 0.1109375 0.3645833333333333
0 0.340625 0.49375 0.046875 0.16666666666666666
0 0.46015625 0.49895833333333334 0.0609375 0.21458333333333332
0 0.3890625 0.4947916666666667 0.0625 0.22708333333333333
0 0.64453125 0.525 0.1390625 0.5958333333333333
0 0.1453125 0.5270833333333333 0.065625 0.24583333333333332
0 0.30859375 0.47604166666666664 0.0359375 0.13541666666666666
0 0.25546875 0.48541666666666666 0.0765625 0.35
0 0.08046875 0.4822916666666667 0.1109375 0.3645833333333333
0 0.340625 0.49375 0.046875 0.16666666666666666
0 0.46015625 0.49895833333333334 0.0609375 0.21458333333333332
0 0.3890625 0.4947916666666667 0.0625 0.22708333333333333
0 0.64453125 0.525 0.1390625 0.5958333333333333
0 0.1453125 0.5270833333333333 0.065625 0.24583333333333332