0 0.14296875 0.53125 0.0671875 0.25
0 0.31171875 0.47604166666666664 0.0359375 0.13541666666666666
0 0.259375 0.48541666666666666 0.075 0.3541666666666667
0 0.34765625 0.4947916666666667 0.0453125 0.16458333333333333
0 0.46484375 0.496875 0.0609375 0.21458333333333332
0 0.3921875 0.49375 0.0625 0.22916666666666666
0 0.08359375 0.484375 0.1078125 0.3729166666666667
0 0.646875 0.5229166666666667 0.14375 0.6041666666666666
0 0.14296875 0.53125 0.0671875 0.25
0 0.31171875 0.47604166666666664 0.0359375 0.13541666666666666
0 0.259375 0.48541666666666666 0.075 0.3541666666666667
0 0.34765625 0.4947916666666667 0.0453125 0.16458333333333333
0 0.46484375 0.496875 0.0609375 0.21458333333333332
0 0.3921875 0.49375 0.0625 0.22916666666666666
0 0.08359375 0.484375 0.1078125 0.3729166666666667
0 0.646875 0.5229166666666667 0.14375 0.6041666666666666