0 0.14453125 0.5395833333333333 0.0703125 0.25
0 0.3171875 0.4791666666666667 0.034375 0.13333333333333333
0 0.353125 0.496875 0.04375 0.16458333333333333
0 0.08828125 0.490625 0.1109375 0.3770833333333333
0 0.2640625 0.490625 0.075 0.35625
0 0.46875 0.4979166666666667 0.0625 0.21666666666666667
0 0.3953125 0.49583333333333335 0.0625 0.22916666666666666
0 0.6421875 0.525 0.146875 0.6083333333333333
0 0.14453125 0.5395833333333333 0.0703125 0.25
0 0.3171875 0.4791666666666667 0.034375 0.13333333333333333
0 0.353125 0.496875 0.04375 0.16458333333333333
0 0.08828125 0.490625 0.1109375 0.3770833333333333
0 0.2640625 0.490625 0.075 0.35625
0 0.46875 0.4979166666666667 0.0625 0.21666666666666667
0 0.3953125 0.49583333333333335 0.0625 0.22916666666666666
0 0.6421875 0.525 0.146875 0.6083333333333333