0 0.134375 0.5333333333333333 0.06875 0.2625
0 0.309375 0.47604166666666664 0.034375 0.13541666666666666
0 0.25546875 0.48541666666666666 0.0765625 0.36666666666666664
0 0.34765625 0.4895833333333333 0.0421875 0.1625
0 0.38671875 0.48854166666666665 0.0640625 0.23125
0 0.07265625 0.48333333333333334 0.1109375 0.3958333333333333
0 0.46171875 0.4947916666666667 0.0609375 0.21875
0 0.62421875 0.534375 0.1546875 0.61875
0 0.134375 0.5333333333333333 0.06875 0.2625
0 0.309375 0.47604166666666664 0.034375 0.13541666666666666
0 0.25546875 0.48541666666666666 0.0765625 0.36666666666666664
0 0.34765625 0.4895833333333333 0.0421875 0.1625
0 0.38671875 0.48854166666666665 0.0640625 0.23125
0 0.07265625 0.48333333333333334 0.1109375 0.3958333333333333
0 0.46171875 0.4947916666666667 0.0609375 0.21875
0 0.62421875 0.534375 0.1546875 0.61875