0 0.30546875 0.47708333333333336 0.0359375 0.1375
0 0.3453125 0.49270833333333336 0.04375 0.16458333333333333
0 0.25078125 0.4875 0.0796875 0.375
0 0.38359375 0.49270833333333336 0.0640625 0.23125
0 0.0625 0.48541666666666666 0.1125 0.4
0 0.45859375 0.5 0.0609375 0.21666666666666667
0 0.6203125 0.5375 0.153125 0.6166666666666667
0 0.1328125 0.534375 0.06875 0.2604166666666667
0 0.30546875 0.47708333333333336 0.0359375 0.1375
0 0.3453125 0.49270833333333336 0.04375 0.16458333333333333
0 0.25078125 0.4875 0.0796875 0.375
0 0.38359375 0.49270833333333336 0.0640625 0.23125
0 0.0625 0.48541666666666666 0.1125 0.4
0 0.45859375 0.5 0.0609375 0.21666666666666667
0 0.6203125 0.5375 0.153125 0.6166666666666667
0 0.1328125 0.534375 0.06875 0.2604166666666667