0 0.12421875 0.5354166666666667 0.0734375 0.2708333333333333
0 0.30234375 0.475 0.0359375 0.14166666666666666
0 0.3453125 0.49166666666666664 0.04375 0.1625
0 0.24765625 0.48541666666666666 0.0796875 0.38333333333333336
0 0.45703125 0.4979166666666667 0.0609375 0.21666666666666667
0 0.3828125 0.49270833333333336 0.065625 0.23125
0 0.6125 0.5302083333333333 0.15 0.6145833333333334
0 0.05703125 0.48125 0.1140625 0.4083333333333333
0 0.12421875 0.5354166666666667 0.0734375 0.2708333333333333
0 0.30234375 0.475 0.0359375 0.14166666666666666
0 0.3453125 0.49166666666666664 0.04375 0.1625
0 0.24765625 0.48541666666666666 0.0796875 0.38333333333333336
0 0.45703125 0.4979166666666667 0.0609375 0.21666666666666667
0 0.3828125 0.49270833333333336 0.065625 0.23125
0 0.6125 0.5302083333333333 0.15 0.6145833333333334
0 0.05703125 0.48125 0.1140625 0.4083333333333333