0 0.11875 0.534375 0.075 0.27291666666666664
0 0.29765625 0.4739583333333333 0.0359375 0.13541666666666666
0 0.34296875 0.490625 0.0421875 0.16041666666666668
0 0.2421875 0.484375 0.08125 0.38958333333333334
0 0.45234375 0.49375 0.0609375 0.22083333333333333
0 0.37890625 0.490625 0.0640625 0.23125
0 0.053125 0.48020833333333335 0.10625 0.41875
0 0.603125 0.5208333333333334 0.146875 0.6083333333333333
0 0.11875 0.534375 0.075 0.27291666666666664
0 0.29765625 0.4739583333333333 0.0359375 0.13541666666666666
0 0.34296875 0.490625 0.0421875 0.16041666666666668
0 0.2421875 0.484375 0.08125 0.38958333333333334
0 0.45234375 0.49375 0.0609375 0.22083333333333333
0 0.37890625 0.490625 0.0640625 0.23125
0 0.053125 0.48020833333333335 0.10625 0.41875
0 0.603125 0.5208333333333334 0.146875 0.6083333333333333