0 0.4828125 0.49270833333333336 0.034375 0.11875
0 0.95 0.5 0.040625 0.11666666666666667
0 0.03515625 0.5333333333333333 0.0703125 0.1875
0 0.4484375 0.49375 0.0375 0.12916666666666668
0 0.609375 0.48541666666666666 0.096875 0.3541666666666667
0 0.53359375 0.509375 0.0890625 0.32708333333333334
0 0.27421875 0.503125 0.1109375 0.47291666666666665
0 0.31171875 0.509375 0.0328125 0.10625
0 0.96796875 0.5010416666666667 0.0359375 0.12291666666666666
0 0.2828125 0.496875 0.028125 0.10625
0 0.22578125 0.5010416666666667 0.0328125 0.11041666666666666
0 0.4828125 0.49270833333333336 0.034375 0.11875
0 0.95 0.5 0.040625 0.11666666666666667
0 0.03515625 0.5333333333333333 0.0703125 0.1875
0 0.4484375 0.49375 0.0375 0.12916666666666668
0 0.609375 0.48541666666666666 0.096875 0.3541666666666667
0 0.53359375 0.509375 0.0890625 0.32708333333333334
0 0.27421875 0.503125 0.1109375 0.47291666666666665
0 0.31171875 0.509375 0.0328125 0.10625
0 0.96796875 0.5010416666666667 0.0359375 0.12291666666666666
0 0.2828125 0.496875 0.028125 0.10625
0 0.22578125 0.5010416666666667 0.0328125 0.11041666666666666