0 0.11015625 0.5302083333333333 0.0765625 0.27708333333333335
0 0.29140625 0.4708333333333333 0.0390625 0.13333333333333333
0 0.33984375 0.484375 0.0421875 0.15625
0 0.23671875 0.4791666666666667 0.0828125 0.3958333333333333
0 0.04765625 0.475 0.0953125 0.425
0 0.375 0.4875 0.0625 0.23333333333333334
0 0.44609375 0.490625 0.0609375 0.21875
0 0.59375 0.5145833333333333 0.146875 0.6083333333333333
0 0.11015625 0.5302083333333333 0.0765625 0.27708333333333335
0 0.29140625 0.4708333333333333 0.0390625 0.13333333333333333
0 0.33984375 0.484375 0.0421875 0.15625
0 0.23671875 0.4791666666666667 0.0828125 0.3958333333333333
0 0.04765625 0.475 0.0953125 0.425
0 0.375 0.4875 0.0625 0.23333333333333334
0 0.44609375 0.490625 0.0609375 0.21875
0 0.59375 0.5145833333333333 0.146875 0.6083333333333333