0 0.10078125 0.5322916666666667 0.0765625 0.28125
0 0.28515625 0.47291666666666665 0.0390625 0.1375
0 0.33515625 0.4875 0.0390625 0.15833333333333333
0 0.04140625 0.47708333333333336 0.0828125 0.43333333333333335
0 0.23046875 0.4822916666666667 0.0859375 0.40625
0 0.36875 0.490625 0.0625 0.23125
0 0.44140625 0.49270833333333336 0.0640625 0.21875
0 0.584375 0.525 0.146875 0.6166666666666667
0 0.2546875 0.48125 0.040625 0.1625
0 0.10078125 0.5322916666666667 0.0765625 0.28125
0 0.28515625 0.47291666666666665 0.0390625 0.1375
0 0.33515625 0.4875 0.0390625 0.15833333333333333
0 0.04140625 0.47708333333333336 0.0828125 0.43333333333333335
0 0.23046875 0.4822916666666667 0.0859375 0.40625
0 0.36875 0.490625 0.0625 0.23125
0 0.44140625 0.49270833333333336 0.0640625 0.21875
0 0.584375 0.525 0.146875 0.6166666666666667
0 0.2546875 0.48125 0.040625 0.1625