0 0.25546875 0.4791666666666667 0.0421875 0.1625
0 0.09765625 0.5333333333333333 0.0796875 0.2875
0 0.334375 0.4864583333333333 0.040625 0.16041666666666668
0 0.28359375 0.471875 0.0390625 0.13958333333333334
0 0.0390625 0.47604166666666664 0.078125 0.4395833333333333
0 0.22890625 0.48125 0.0859375 0.4125
0 0.36875 0.4875 0.065625 0.23333333333333334
0 0.43984375 0.49270833333333336 0.0640625 0.21875
0 0.5796875 0.5291666666666667 0.140625 0.625
0 0.25546875 0.4791666666666667 0.0421875 0.1625
0 0.09765625 0.5333333333333333 0.0796875 0.2875
0 0.334375 0.4864583333333333 0.040625 0.16041666666666668
0 0.28359375 0.471875 0.0390625 0.13958333333333334
0 0.0390625 0.47604166666666664 0.078125 0.4395833333333333
0 0.22890625 0.48125 0.0859375 0.4125
0 0.36875 0.4875 0.065625 0.23333333333333334
0 0.43984375 0.49270833333333336 0.0640625 0.21875
0 0.5796875 0.5291666666666667 0.140625 0.625