0 0.0921875 0.5395833333333333 0.078125 0.2916666666666667
0 0.25859375 0.48125 0.0390625 0.1625
0 0.3359375 0.490625 0.0375 0.15625
0 0.03671875 0.4822916666666667 0.0734375 0.45208333333333334
0 0.28515625 0.4739583333333333 0.0359375 0.13958333333333334
0 0.2265625 0.484375 0.0875 0.41875
0 0.43984375 0.496875 0.0609375 0.21875
0 0.36953125 0.48854166666666665 0.0640625 0.23125
0 0.5734375 0.5395833333333333 0.1375 0.6291666666666667
0 0.10625 0.49895833333333334 0.08125 0.3020833333333333
0 0.0921875 0.5395833333333333 0.078125 0.2916666666666667
0 0.25859375 0.48125 0.0390625 0.1625
0 0.3359375 0.490625 0.0375 0.15625
0 0.03671875 0.4822916666666667 0.0734375 0.45208333333333334
0 0.28515625 0.4739583333333333 0.0359375 0.13958333333333334
0 0.2265625 0.484375 0.0875 0.41875
0 0.43984375 0.496875 0.0609375 0.21875
0 0.36953125 0.48854166666666665 0.0640625 0.23125
0 0.5734375 0.5395833333333333 0.1375 0.6291666666666667
0 0.10625 0.49895833333333334 0.08125 0.3020833333333333