0 0.03515625 0.484375 0.0703125 0.45625
0 0.090625 0.5416666666666666 0.08125 0.29583333333333334
0 0.109375 0.49375 0.078125 0.29583333333333334
0 0.3375 0.490625 0.0375 0.15625
0 0.2859375 0.4739583333333333 0.0375 0.14375
0 0.259375 0.48020833333333335 0.040625 0.16458333333333333
0 0.22421875 0.48541666666666666 0.0890625 0.425
0 0.43984375 0.496875 0.0609375 0.21875
0 0.36953125 0.48854166666666665 0.0640625 0.23541666666666666
0 0.5703125 0.5354166666666667 0.1375 0.625
0 0.03515625 0.484375 0.0703125 0.45625
0 0.090625 0.5416666666666666 0.08125 0.29583333333333334
0 0.109375 0.49375 0.078125 0.29583333333333334
0 0.3375 0.490625 0.0375 0.15625
0 0.2859375 0.4739583333333333 0.0375 0.14375
0 0.259375 0.48020833333333335 0.040625 0.16458333333333333
0 0.22421875 0.48541666666666666 0.0890625 0.425
0 0.43984375 0.496875 0.0609375 0.21875
0 0.36953125 0.48854166666666665 0.0640625 0.23541666666666666
0 0.5703125 0.5354166666666667 0.1375 0.625