0 0.03125 0.48020833333333335 0.0625 0.46875
0 0.084375 0.5375 0.08125 0.30416666666666664
0 0.334375 0.4864583333333333 0.040625 0.15625
0 0.10859375 0.49375 0.0765625 0.30416666666666664
0 0.284375 0.46979166666666666 0.0375 0.14375
0 0.22109375 0.48125 0.0890625 0.43333333333333335
0 0.25859375 0.47604166666666664 0.0421875 0.16875
0 0.43984375 0.49270833333333336 0.0640625 0.21875
0 0.36640625 0.484375 0.0640625 0.23541666666666666
0 0.56484375 0.5239583333333333 0.1359375 0.61875
0 0.03125 0.48020833333333335 0.0625 0.46875
0 0.084375 0.5375 0.08125 0.30416666666666664
0 0.334375 0.4864583333333333 0.040625 0.15625
0 0.10859375 0.49375 0.0765625 0.30416666666666664
0 0.284375 0.46979166666666666 0.0375 0.14375
0 0.22109375 0.48125 0.0890625 0.43333333333333335
0 0.25859375 0.47604166666666664 0.0421875 0.16875
0 0.43984375 0.49270833333333336 0.0640625 0.21875
0 0.36640625 0.484375 0.0640625 0.23541666666666666
0 0.56484375 0.5239583333333333 0.1359375 0.61875