0 0.0234375 0.48854166666666665 0.046875 0.47708333333333336
0 0.3296875 0.490625 0.040625 0.15625
0 0.0734375 0.54375 0.084375 0.30833333333333335
0 0.2796875 0.47604166666666664 0.0375 0.14375
0 0.2546875 0.48333333333333334 0.04375 0.17083333333333334
0 0.10390625 0.5041666666666667 0.0796875 0.3125
0 0.2140625 0.48854166666666665 0.0875 0.44375
0 0.43359375 0.496875 0.0609375 0.21875
0 0.359375 0.49270833333333336 0.0625 0.23541666666666666
0 0.55546875 0.5239583333333333 0.1421875 0.6104166666666667
0 0.0234375 0.48854166666666665 0.046875 0.47708333333333336
0 0.3296875 0.490625 0.040625 0.15625
0 0.0734375 0.54375 0.084375 0.30833333333333335
0 0.2796875 0.47604166666666664 0.0375 0.14375
0 0.2546875 0.48333333333333334 0.04375 0.17083333333333334
0 0.10390625 0.5041666666666667 0.0796875 0.3125
0 0.2140625 0.48854166666666665 0.0875 0.44375
0 0.43359375 0.496875 0.0609375 0.21875
0 0.359375 0.49270833333333336 0.0625 0.23541666666666666
0 0.55546875 0.5239583333333333 0.1421875 0.6104166666666667