0 0.32265625 0.49166666666666664 0.0421875 0.15833333333333333
0 0.06015625 0.5479166666666667 0.0859375 0.31666666666666665
0 0.27109375 0.47708333333333336 0.0359375 0.14583333333333334
0 0.1 0.509375 0.08125 0.31875
0 0.42734375 0.4979166666666667 0.0609375 0.22083333333333333
0 0.2484375 0.48541666666666666 0.04375 0.175
0 0.20546875 0.48854166666666665 0.0859375 0.45208333333333334
0 0.35234375 0.4947916666666667 0.0640625 0.23541666666666666
0 0.546875 0.5229166666666667 0.146875 0.6125
0 0.32265625 0.49166666666666664 0.0421875 0.15833333333333333
0 0.06015625 0.5479166666666667 0.0859375 0.31666666666666665
0 0.27109375 0.47708333333333336 0.0359375 0.14583333333333334
0 0.1 0.509375 0.08125 0.31875
0 0.42734375 0.4979166666666667 0.0609375 0.22083333333333333
0 0.2484375 0.48541666666666666 0.04375 0.175
0 0.20546875 0.48854166666666665 0.0859375 0.45208333333333334
0 0.35234375 0.4947916666666667 0.0640625 0.23541666666666666
0 0.546875 0.5229166666666667 0.146875 0.6125