0 0.31953125 0.4875 0.0390625 0.15416666666666667
0 0.053125 0.5458333333333333 0.090625 0.325
0 0.26875 0.47291666666666665 0.0375 0.14583333333333334
0 0.0984375 0.5041666666666667 0.08125 0.3125
0 0.19765625 0.48541666666666666 0.0921875 0.4625
0 0.246875 0.4822916666666667 0.04375 0.17708333333333334
0 0.425 0.49270833333333336 0.0625 0.22291666666666668
0 0.34765625 0.4895833333333333 0.0640625 0.2375
0 0.540625 0.51875 0.146875 0.6166666666666667
0 0.31953125 0.4875 0.0390625 0.15416666666666667
0 0.053125 0.5458333333333333 0.090625 0.325
0 0.26875 0.47291666666666665 0.0375 0.14583333333333334
0 0.0984375 0.5041666666666667 0.08125 0.3125
0 0.19765625 0.48541666666666666 0.0921875 0.4625
0 0.246875 0.4822916666666667 0.04375 0.17708333333333334
0 0.425 0.49270833333333336 0.0625 0.22291666666666668
0 0.34765625 0.4895833333333333 0.0640625 0.2375
0 0.540625 0.51875 0.146875 0.6166666666666667