0 0.328125 0.5052083333333334 0.03125 0.11041666666666666
0 0.0375 0.5416666666666666 0.075 0.18333333333333332
0 0.49140625 0.5 0.0359375 0.12083333333333333
0 0.96640625 0.503125 0.0390625 0.11875
0 0.45390625 0.5 0.0390625 0.12916666666666668
0 0.625 0.4895833333333333 0.1 0.36666666666666664
0 0.546875 0.5135416666666667 0.090625 0.33958333333333335
0 0.25625 0.5083333333333333 0.14375 0.48333333333333334
0 0.2921875 0.4947916666666667 0.028125 0.10625
0 0.3875 0.5052083333333334 0.025 0.08958333333333333
0 0.23203125 0.5010416666666667 0.0328125 0.11041666666666666
0 0.328125 0.5052083333333334 0.03125 0.11041666666666666
0 0.0375 0.5416666666666666 0.075 0.18333333333333332
0 0.49140625 0.5 0.0359375 0.12083333333333333
0 0.96640625 0.503125 0.0390625 0.11875
0 0.45390625 0.5 0.0390625 0.12916666666666668
0 0.625 0.4895833333333333 0.1 0.36666666666666664
0 0.546875 0.5135416666666667 0.090625 0.33958333333333335
0 0.25625 0.5083333333333333 0.14375 0.48333333333333334
0 0.2921875 0.4947916666666667 0.028125 0.10625
0 0.3875 0.5052083333333334 0.025 0.08958333333333333
0 0.23203125 0.5010416666666667 0.0328125 0.11041666666666666