0 0.03671875 0.5427083333333333 0.0734375 0.33958333333333335
0 0.25390625 0.471875 0.0390625 0.15208333333333332
0 0.08515625 0.490625 0.0828125 0.29375
0 0.1734375 0.48333333333333334 0.096875 0.48333333333333334
0 0.23203125 0.478125 0.0484375 0.18125
0 0.409375 0.49166666666666664 0.0625 0.225
0 0.33046875 0.4875 0.0640625 0.2375
0 0.51875 0.53125 0.15 0.625
0 0.309375 0.48854166666666665 0.04375 0.16041666666666668
0 0.03671875 0.5427083333333333 0.0734375 0.33958333333333335
0 0.25390625 0.471875 0.0390625 0.15208333333333332
0 0.08515625 0.490625 0.0828125 0.29375
0 0.1734375 0.48333333333333334 0.096875 0.48333333333333334
0 0.23203125 0.478125 0.0484375 0.18125
0 0.409375 0.49166666666666664 0.0625 0.225
0 0.33046875 0.4875 0.0640625 0.2375
0 0.51875 0.53125 0.15 0.625
0 0.309375 0.48854166666666665 0.04375 0.16041666666666668