0 0.29921875 0.49583333333333335 0.0421875 0.1625
0 0.24921875 0.48333333333333334 0.0390625 0.15416666666666667
0 0.07890625 0.49583333333333335 0.0828125 0.2916666666666667
0 0.1640625 0.4947916666666667 0.096875 0.4979166666666667
0 0.22578125 0.48854166666666665 0.0484375 0.18541666666666667
0 0.321875 0.4947916666666667 0.065625 0.23958333333333334
0 0.40234375 0.503125 0.0609375 0.22291666666666668
0 0.50625 0.540625 0.14375 0.6229166666666667
0 0.29921875 0.49583333333333335 0.0421875 0.1625
0 0.24921875 0.48333333333333334 0.0390625 0.15416666666666667
0 0.07890625 0.49583333333333335 0.0828125 0.2916666666666667
0 0.1640625 0.4947916666666667 0.096875 0.4979166666666667
0 0.22578125 0.48854166666666665 0.0484375 0.18541666666666667
0 0.321875 0.4947916666666667 0.065625 0.23958333333333334
0 0.40234375 0.503125 0.0609375 0.22291666666666668
0 0.50625 0.540625 0.14375 0.6229166666666667