0 0.30078125 0.49895833333333334 0.0421875 0.16458333333333333
0 0.0796875 0.49583333333333335 0.08125 0.2791666666666667
0 0.25078125 0.4875 0.0390625 0.15416666666666667
0 0.16171875 0.49895833333333334 0.1015625 0.50625
0 0.321875 0.5 0.065625 0.24166666666666667
0 0.22734375 0.49270833333333336 0.0515625 0.18958333333333333
0 0.40234375 0.5072916666666667 0.0609375 0.22291666666666668
0 0.50390625 0.540625 0.1421875 0.61875
0 0.30078125 0.49895833333333334 0.0421875 0.16458333333333333
0 0.0796875 0.49583333333333335 0.08125 0.2791666666666667
0 0.25078125 0.4875 0.0390625 0.15416666666666667
0 0.16171875 0.49895833333333334 0.1015625 0.50625
0 0.321875 0.5 0.065625 0.24166666666666667
0 0.22734375 0.49270833333333336 0.0515625 0.18958333333333333
0 0.40234375 0.5072916666666667 0.0609375 0.22291666666666668
0 0.50390625 0.540625 0.1421875 0.61875