0 0.30234375 0.4875 0.0421875 0.16666666666666666
0 0.2546875 0.47708333333333336 0.0375 0.15833333333333333
0 0.08515625 0.490625 0.0796875 0.27708333333333335
0 0.16171875 0.49375 0.1046875 0.5166666666666667
0 0.23203125 0.48333333333333334 0.0515625 0.19166666666666668
0 0.32421875 0.49166666666666664 0.0671875 0.24166666666666667
0 0.403125 0.49583333333333335 0.0625 0.225
0 0.50078125 0.515625 0.1390625 0.60625
0 0.30234375 0.4875 0.0421875 0.16666666666666666
0 0.2546875 0.47708333333333336 0.0375 0.15833333333333333
0 0.08515625 0.490625 0.0796875 0.27708333333333335
0 0.16171875 0.49375 0.1046875 0.5166666666666667
0 0.23203125 0.48333333333333334 0.0515625 0.19166666666666668
0 0.32421875 0.49166666666666664 0.0671875 0.24166666666666667
0 0.403125 0.49583333333333335 0.0625 0.225
0 0.50078125 0.515625 0.1390625 0.60625