0 0.253125 0.478125 0.0375 0.16041666666666668
0 0.08203125 0.4864583333333333 0.0765625 0.26875
0 0.15390625 0.49166666666666664 0.1046875 0.5291666666666667
0 0.23125 0.48125 0.05 0.19166666666666668
0 0.32109375 0.490625 0.0671875 0.23958333333333334
0 0.4 0.49375 0.0625 0.225
0 0.496875 0.5125 0.1375 0.6041666666666666
0 0.30234375 0.48854166666666665 0.0421875 0.16458333333333333
0 0.253125 0.478125 0.0375 0.16041666666666668
0 0.08203125 0.4864583333333333 0.0765625 0.26875
0 0.15390625 0.49166666666666664 0.1046875 0.5291666666666667
0 0.23125 0.48125 0.05 0.19166666666666668
0 0.32109375 0.490625 0.0671875 0.23958333333333334
0 0.4 0.49375 0.0625 0.225
0 0.496875 0.5125 0.1375 0.6041666666666666
0 0.30234375 0.48854166666666665 0.0421875 0.16458333333333333