0 0.24921875 0.4791666666666667 0.0390625 0.1625
0 0.0796875 0.4875 0.075 0.26666666666666666
0 0.2265625 0.48541666666666666 0.05 0.19583333333333333
0 0.14609375 0.49583333333333335 0.1078125 0.5416666666666666
0 0.3171875 0.496875 0.06875 0.23958333333333334
0 0.39453125 0.49583333333333335 0.0640625 0.225
0 0.4921875 0.521875 0.1375 0.6104166666666667
0 0.30078125 0.49375 0.0421875 0.16666666666666666
0 0.24921875 0.4791666666666667 0.0390625 0.1625
0 0.0796875 0.4875 0.075 0.26666666666666666
0 0.2265625 0.48541666666666666 0.05 0.19583333333333333
0 0.14609375 0.49583333333333335 0.1078125 0.5416666666666666
0 0.3171875 0.496875 0.06875 0.23958333333333334
0 0.39453125 0.49583333333333335 0.0640625 0.225
0 0.4921875 0.521875 0.1375 0.6104166666666667
0 0.30078125 0.49375 0.0421875 0.16666666666666666