0 0.25859375 0.4791666666666667 0.0390625 0.1625
0 0.0921875 0.49895833333333334 0.075 0.27708333333333335
0 0.2359375 0.4864583333333333 0.05625 0.20208333333333334
0 0.146875 0.49895833333333334 0.1125 0.5520833333333334
0 0.32578125 0.4979166666666667 0.0703125 0.2375
0 0.40234375 0.4979166666666667 0.0609375 0.225
0 0.49921875 0.5322916666666667 0.1390625 0.6145833333333334
0 0.30546875 0.4947916666666667 0.0421875 0.16458333333333333
0 0.25859375 0.4791666666666667 0.0390625 0.1625
0 0.0921875 0.49895833333333334 0.075 0.27708333333333335
0 0.2359375 0.4864583333333333 0.05625 0.20208333333333334
0 0.146875 0.49895833333333334 0.1125 0.5520833333333334
0 0.32578125 0.4979166666666667 0.0703125 0.2375
0 0.40234375 0.4979166666666667 0.0609375 0.225
0 0.49921875 0.5322916666666667 0.1390625 0.6145833333333334
0 0.30546875 0.4947916666666667 0.0421875 0.16458333333333333