0 0.26953125 0.478125 0.0390625 0.16041666666666668
0 0.10703125 0.49583333333333335 0.0734375 0.275
0 0.15390625 0.49895833333333334 0.1171875 0.5604166666666667
0 0.33984375 0.4947916666666667 0.0671875 0.23541666666666666
0 0.246875 0.484375 0.05625 0.20208333333333334
0 0.41328125 0.4979166666666667 0.0609375 0.22083333333333333
0 0.51015625 0.5375 0.1421875 0.6208333333333333
0 0.31484375 0.49375 0.0421875 0.16666666666666666
0 0.26953125 0.478125 0.0390625 0.16041666666666668
0 0.10703125 0.49583333333333335 0.0734375 0.275
0 0.15390625 0.49895833333333334 0.1171875 0.5604166666666667
0 0.33984375 0.4947916666666667 0.0671875 0.23541666666666666
0 0.246875 0.484375 0.05625 0.20208333333333334
0 0.41328125 0.4979166666666667 0.0609375 0.22083333333333333
0 0.51015625 0.5375 0.1421875 0.6208333333333333
0 0.31484375 0.49375 0.0421875 0.16666666666666666