0 0.31953125 0.4822916666666667 0.0453125 0.17291666666666666
0 0.27421875 0.4666666666666667 0.0390625 0.1625
0 0.2515625 0.47291666666666665 0.05625 0.20833333333333334
0 0.14765625 0.48854166666666665 0.1234375 0.5770833333333333
0 0.34453125 0.4822916666666667 0.0671875 0.23958333333333334
0 0.41796875 0.4875 0.0609375 0.22083333333333333
0 0.51484375 0.5239583333333333 0.1390625 0.61875
0 0.10703125 0.48541666666666666 0.0734375 0.275
0 0.31953125 0.4822916666666667 0.0453125 0.17291666666666666
0 0.27421875 0.4666666666666667 0.0390625 0.1625
0 0.2515625 0.47291666666666665 0.05625 0.20833333333333334
0 0.14765625 0.48854166666666665 0.1234375 0.5770833333333333
0 0.34453125 0.4822916666666667 0.0671875 0.23958333333333334
0 0.41796875 0.4875 0.0609375 0.22083333333333333
0 0.51484375 0.5239583333333333 0.1390625 0.61875
0 0.10703125 0.48541666666666666 0.0734375 0.275