0 0.32109375 0.4875 0.0484375 0.17916666666666667
0 0.2734375 0.471875 0.040625 0.16458333333333333
0 0.25078125 0.478125 0.0578125 0.21041666666666667
0 0.4171875 0.49166666666666664 0.059375 0.22083333333333333
0 0.14609375 0.49166666666666664 0.1234375 0.5875
0 0.3453125 0.4864583333333333 0.065625 0.23958333333333334
0 0.51796875 0.5229166666666667 0.1390625 0.6125
0 0.10546875 0.48333333333333334 0.0734375 0.275
0 0.32109375 0.4875 0.0484375 0.17916666666666667
0 0.2734375 0.471875 0.040625 0.16458333333333333
0 0.25078125 0.478125 0.0578125 0.21041666666666667
0 0.4171875 0.49166666666666664 0.059375 0.22083333333333333
0 0.14609375 0.49166666666666664 0.1234375 0.5875
0 0.3453125 0.4864583333333333 0.065625 0.23958333333333334
0 0.51796875 0.5229166666666667 0.1390625 0.6125
0 0.10546875 0.48333333333333334 0.0734375 0.275