0 0.340625 0.5052083333333334 0.03125 0.11041666666666666
0 0.40234375 0.503125 0.0265625 0.08958333333333333
0 0.5046875 0.496875 0.0375 0.12291666666666666
0 0.3 0.5083333333333333 0.03125 0.10416666666666667
0 0.46328125 0.5 0.0390625 0.12916666666666668
0 0.0421875 0.546875 0.084375 0.18541666666666667
0 0.56796875 0.5083333333333333 0.0984375 0.3541666666666667
0 0.64921875 0.4822916666666667 0.0984375 0.38125
0 0.2375 0.5 0.03125 0.10833333333333334
0 0.340625 0.5052083333333334 0.03125 0.11041666666666666
0 0.40234375 0.503125 0.0265625 0.08958333333333333
0 0.5046875 0.496875 0.0375 0.12291666666666666
0 0.3 0.5083333333333333 0.03125 0.10416666666666667
0 0.46328125 0.5 0.0390625 0.12916666666666668
0 0.0421875 0.546875 0.084375 0.18541666666666667
0 0.56796875 0.5083333333333333 0.0984375 0.3541666666666667
0 0.64921875 0.4822916666666667 0.0984375 0.38125
0 0.2375 0.5 0.03125 0.10833333333333334