0 0.1234375 0.484375 0.075 0.27708333333333335
0 0.328125 0.49270833333333336 0.046875 0.18125
0 0.27890625 0.478125 0.0390625 0.16458333333333333
0 0.4234375 0.496875 0.0625 0.22708333333333333
0 0.25546875 0.48333333333333334 0.0578125 0.2125
0 0.14921875 0.4979166666666667 0.1234375 0.6
0 0.3515625 0.48854166666666665 0.06875 0.23958333333333334
0 0.525 0.51875 0.140625 0.5916666666666667
0 0.1234375 0.484375 0.075 0.27708333333333335
0 0.328125 0.49270833333333336 0.046875 0.18125
0 0.27890625 0.478125 0.0390625 0.16458333333333333
0 0.4234375 0.496875 0.0625 0.22708333333333333
0 0.25546875 0.48333333333333334 0.0578125 0.2125
0 0.14921875 0.4979166666666667 0.1234375 0.6
0 0.3515625 0.48854166666666665 0.06875 0.23958333333333334
0 0.525 0.51875 0.140625 0.5916666666666667