0 0.3453125 0.49166666666666664 0.046875 0.175
0 0.29375 0.478125 0.040625 0.16458333333333333
0 0.26953125 0.484375 0.0546875 0.21458333333333332
0 0.16015625 0.5010416666666667 0.1265625 0.60625
0 0.4375 0.49375 0.0625 0.225
0 0.36640625 0.48854166666666665 0.0671875 0.23958333333333334
0 0.540625 0.515625 0.140625 0.5895833333333333
0 0.3453125 0.49166666666666664 0.046875 0.175
0 0.29375 0.478125 0.040625 0.16458333333333333
0 0.26953125 0.484375 0.0546875 0.21458333333333332
0 0.16015625 0.5010416666666667 0.1265625 0.60625
0 0.4375 0.49375 0.0625 0.225
0 0.36640625 0.48854166666666665 0.0671875 0.23958333333333334
0 0.540625 0.515625 0.140625 0.5895833333333333