0 0.3515625 0.49375 0.046875 0.175
0 0.2984375 0.4822916666666667 0.040625 0.16875
0 0.44296875 0.49583333333333335 0.0609375 0.225
0 0.2734375 0.4864583333333333 0.05625 0.21875
0 0.1625 0.50625 0.13125 0.6166666666666667
0 0.3734375 0.49166666666666664 0.065625 0.2375
0 0.546875 0.521875 0.140625 0.5979166666666667
0 0.3515625 0.49375 0.046875 0.175
0 0.2984375 0.4822916666666667 0.040625 0.16875
0 0.44296875 0.49583333333333335 0.0609375 0.225
0 0.2734375 0.4864583333333333 0.05625 0.21875
0 0.1625 0.50625 0.13125 0.6166666666666667
0 0.3734375 0.49166666666666664 0.065625 0.2375
0 0.546875 0.521875 0.140625 0.5979166666666667