0 0.30078125 0.475 0.0421875 0.17083333333333334
0 0.275 0.48020833333333335 0.059375 0.22291666666666668
0 0.159375 0.503125 0.134375 0.63125
0 0.4453125 0.490625 0.0625 0.22708333333333333
0 0.3765625 0.4875 0.065625 0.2375
0 0.55078125 0.525 0.1390625 0.6
0 0.30078125 0.475 0.0421875 0.17083333333333334
0 0.275 0.48020833333333335 0.059375 0.22291666666666668
0 0.159375 0.503125 0.134375 0.63125
0 0.4453125 0.490625 0.0625 0.22708333333333333
0 0.3765625 0.4875 0.065625 0.2375
0 0.55078125 0.525 0.1390625 0.6