0 0.303125 0.47291666666666665 0.04375 0.175
0 0.27578125 0.48020833333333335 0.0609375 0.22708333333333333
0 0.37890625 0.48854166666666665 0.0671875 0.23958333333333334
0 0.446875 0.49375 0.0625 0.225
0 0.553125 0.5302083333333333 0.140625 0.6020833333333333
0 0.15546875 0.5072916666666667 0.1390625 0.6479166666666667
0 0.303125 0.47291666666666665 0.04375 0.175
0 0.27578125 0.48020833333333335 0.0609375 0.22708333333333333
0 0.37890625 0.48854166666666665 0.0671875 0.23958333333333334
0 0.446875 0.49375 0.0625 0.225
0 0.553125 0.5302083333333333 0.140625 0.6020833333333333
0 0.15546875 0.5072916666666667 0.1390625 0.6479166666666667