0 0.30546875 0.48125 0.0453125 0.17916666666666667
0 0.38046875 0.49583333333333335 0.0671875 0.2375
0 0.27421875 0.4864583333333333 0.0640625 0.23541666666666666
0 0.446875 0.5020833333333333 0.0625 0.225
0 0.1515625 0.5166666666666667 0.14375 0.6666666666666666
0 0.55390625 0.5354166666666667 0.1421875 0.6
0 0.30546875 0.48125 0.0453125 0.17916666666666667
0 0.38046875 0.49583333333333335 0.0671875 0.2375
0 0.27421875 0.4864583333333333 0.0640625 0.23541666666666666
0 0.446875 0.5020833333333333 0.0625 0.225
0 0.1515625 0.5166666666666667 0.14375 0.6666666666666666
0 0.55390625 0.5354166666666667 0.1421875 0.6