0 0.3109375 0.47604166666666664 0.04375 0.18125
0 0.278125 0.484375 0.0625 0.23958333333333334
0 0.38515625 0.4895833333333333 0.0671875 0.2375
0 0.45078125 0.49583333333333335 0.0609375 0.225
0 0.146875 0.5145833333333333 0.146875 0.6791666666666667
0 0.55703125 0.521875 0.1390625 0.59375
0 0.3109375 0.47604166666666664 0.04375 0.18125
0 0.278125 0.484375 0.0625 0.23958333333333334
0 0.38515625 0.4895833333333333 0.0671875 0.2375
0 0.45078125 0.49583333333333335 0.0609375 0.225
0 0.146875 0.5145833333333333 0.146875 0.6791666666666667
0 0.55703125 0.521875 0.1390625 0.59375