0 0.3140625 0.47708333333333336 0.04375 0.18333333333333332
0 0.278125 0.4864583333333333 0.065625 0.24375
0 0.3875 0.48854166666666665 0.06875 0.23958333333333334
0 0.4515625 0.4947916666666667 0.0625 0.22291666666666668
0 0.14296875 0.515625 0.1484375 0.6979166666666666
0 0.55859375 0.515625 0.1359375 0.5854166666666667
0 0.3140625 0.47708333333333336 0.04375 0.18333333333333332
0 0.278125 0.4864583333333333 0.065625 0.24375
0 0.3875 0.48854166666666665 0.06875 0.23958333333333334
0 0.4515625 0.4947916666666667 0.0625 0.22291666666666668
0 0.14296875 0.515625 0.1484375 0.6979166666666666
0 0.55859375 0.515625 0.1359375 0.5854166666666667