0 0.31484375 0.478125 0.0453125 0.18541666666666667
0 0.278125 0.48541666666666666 0.065625 0.24583333333333332
0 0.45078125 0.49270833333333336 0.0609375 0.22291666666666668
0 0.3875 0.4875 0.06875 0.24166666666666667
0 0.1359375 0.5177083333333333 0.15 0.7145833333333333
0 0.5609375 0.5135416666666667 0.1375 0.5854166666666667
0 0.31484375 0.478125 0.0453125 0.18541666666666667
0 0.278125 0.48541666666666666 0.065625 0.24583333333333332
0 0.45078125 0.49270833333333336 0.0609375 0.22291666666666668
0 0.3875 0.4875 0.06875 0.24166666666666667
0 0.1359375 0.5177083333333333 0.15 0.7145833333333333
0 0.5609375 0.5135416666666667 0.1375 0.5854166666666667