0 0.31796875 0.4739583333333333 0.0484375 0.18958333333333333
0 0.390625 0.48541666666666666 0.06875 0.2375
0 0.45234375 0.49166666666666664 0.0609375 0.225
0 0.2796875 0.48125 0.06875 0.25
0 0.13046875 0.5125 0.1609375 0.7458333333333333
0 0.56640625 0.5145833333333333 0.1390625 0.5875
0 0.31796875 0.4739583333333333 0.0484375 0.18958333333333333
0 0.390625 0.48541666666666666 0.06875 0.2375
0 0.45234375 0.49166666666666664 0.0609375 0.225
0 0.2796875 0.48125 0.06875 0.25
0 0.13046875 0.5125 0.1609375 0.7458333333333333
0 0.56640625 0.5145833333333333 0.1390625 0.5875