0 0.40390625 0.5010416666666667 0.0265625 0.08958333333333333
0 0.30234375 0.50625 0.0296875 0.10833333333333334
0 0.34375 0.503125 0.03125 0.11041666666666666
0 0.04296875 0.54375 0.0859375 0.18333333333333332
0 0.50859375 0.49270833333333336 0.0390625 0.12291666666666666
0 0.465625 0.496875 0.0375 0.12708333333333333
0 0.6578125 0.478125 0.096875 0.39375
0 0.5765625 0.5041666666666667 0.10625 0.3625
0 0.24296875 0.49895833333333334 0.0328125 0.11041666666666666
0 0.2140625 0.5104166666666666 0.234375 0.5125
0 0.40390625 0.5010416666666667 0.0265625 0.08958333333333333
0 0.30234375 0.50625 0.0296875 0.10833333333333334
0 0.34375 0.503125 0.03125 0.11041666666666666
0 0.04296875 0.54375 0.0859375 0.18333333333333332
0 0.50859375 0.49270833333333336 0.0390625 0.12291666666666666
0 0.465625 0.496875 0.0375 0.12708333333333333
0 0.6578125 0.478125 0.096875 0.39375
0 0.5765625 0.5041666666666667 0.10625 0.3625
0 0.24296875 0.49895833333333334 0.0328125 0.11041666666666666
0 0.2140625 0.5104166666666666 0.234375 0.5125