0 0.33046875 0.47291666666666665 0.0484375 0.19583333333333333
0 0.46171875 0.49270833333333336 0.0609375 0.22291666666666668
0 0.2890625 0.48125 0.071875 0.26666666666666666
0 0.11875 0.515625 0.171875 0.80625
0 0.40234375 0.4864583333333333 0.0671875 0.23958333333333334
0 0.575 0.5291666666666667 0.134375 0.6041666666666666
0 0.1859375 0.478125 0.0625 0.23541666666666666
0 0.33046875 0.47291666666666665 0.0484375 0.19583333333333333
0 0.46171875 0.49270833333333336 0.0609375 0.22291666666666668
0 0.2890625 0.48125 0.071875 0.26666666666666666
0 0.11875 0.515625 0.171875 0.80625
0 0.40234375 0.4864583333333333 0.0671875 0.23958333333333334
0 0.575 0.5291666666666667 0.134375 0.6041666666666666
0 0.1859375 0.478125 0.0625 0.23541666666666666