0 0.3296875 0.4708333333333333 0.05 0.2
0 0.18515625 0.475 0.0609375 0.2375
0 0.28828125 0.4791666666666667 0.0734375 0.275
0 0.46171875 0.4895833333333333 0.0609375 0.225
0 0.4015625 0.48541666666666666 0.06875 0.24166666666666667
0 0.1109375 0.5125 0.171875 0.8333333333333334
0 0.57734375 0.5260416666666666 0.1328125 0.6020833333333333
0 0.3296875 0.4708333333333333 0.05 0.2
0 0.18515625 0.475 0.0609375 0.2375
0 0.28828125 0.4791666666666667 0.0734375 0.275
0 0.46171875 0.4895833333333333 0.0609375 0.225
0 0.4015625 0.48541666666666666 0.06875 0.24166666666666667
0 0.1109375 0.5125 0.171875 0.8333333333333334
0 0.57734375 0.5260416666666666 0.1328125 0.6020833333333333