0 0.17890625 0.47708333333333336 0.0671875 0.24166666666666667
0 0.32578125 0.471875 0.0515625 0.20208333333333334
0 0.459375 0.49166666666666664 0.0625 0.225
0 0.39765625 0.4875 0.0703125 0.24166666666666667
0 0.09140625 0.5114583333333333 0.1828125 0.8729166666666667
0 0.28203125 0.48333333333333334 0.0765625 0.2833333333333333
0 0.575 0.5208333333333334 0.134375 0.5958333333333333
0 0.17890625 0.47708333333333336 0.0671875 0.24166666666666667
0 0.32578125 0.471875 0.0515625 0.20208333333333334
0 0.459375 0.49166666666666664 0.0625 0.225
0 0.39765625 0.4875 0.0703125 0.24166666666666667
0 0.09140625 0.5114583333333333 0.1828125 0.8729166666666667
0 0.28203125 0.48333333333333334 0.0765625 0.2833333333333333
0 0.575 0.5208333333333334 0.134375 0.5958333333333333