0 0.0828125 0.51875 0.165625 0.9208333333333333
0 0.39140625 0.4947916666666667 0.0703125 0.24375
0 0.3203125 0.48125 0.053125 0.20416666666666666
0 0.17109375 0.48333333333333334 0.0671875 0.24583333333333332
0 0.45390625 0.49895833333333334 0.0609375 0.22708333333333333
0 0.27421875 0.49375 0.0796875 0.2875
0 0.57421875 0.5166666666666667 0.1359375 0.5791666666666667
0 0.0828125 0.51875 0.165625 0.9208333333333333
0 0.39140625 0.4947916666666667 0.0703125 0.24375
0 0.3203125 0.48125 0.053125 0.20416666666666666
0 0.17109375 0.48333333333333334 0.0671875 0.24583333333333332
0 0.45390625 0.49895833333333334 0.0609375 0.22708333333333333
0 0.27421875 0.49375 0.0796875 0.2875
0 0.57421875 0.5166666666666667 0.1359375 0.5791666666666667