0 0.08046875 0.509375 0.1609375 0.9520833333333333
0 0.32265625 0.4791666666666667 0.0546875 0.20833333333333334
0 0.45625 0.49583333333333335 0.0625 0.22916666666666666
0 0.171875 0.47708333333333336 0.06875 0.24583333333333332
0 0.39296875 0.490625 0.0703125 0.24375
0 0.27421875 0.4895833333333333 0.0796875 0.29583333333333334
0 0.57890625 0.5114583333333333 0.1390625 0.5770833333333333
0 0.08046875 0.509375 0.1609375 0.9520833333333333
0 0.32265625 0.4791666666666667 0.0546875 0.20833333333333334
0 0.45625 0.49583333333333335 0.0625 0.22916666666666666
0 0.171875 0.47708333333333336 0.06875 0.24583333333333332
0 0.39296875 0.490625 0.0703125 0.24375
0 0.27421875 0.4895833333333333 0.0796875 0.29583333333333334
0 0.57890625 0.5114583333333333 0.1390625 0.5770833333333333