0 0.321875 0.478125 0.05625 0.21041666666666667
0 0.16953125 0.4791666666666667 0.0734375 0.24583333333333332
0 0.45546875 0.49270833333333336 0.0609375 0.22708333333333333
0 0.39296875 0.4875 0.0703125 0.24583333333333332
0 0.578125 0.515625 0.140625 0.58125
0 0.26640625 0.4875 0.0828125 0.30416666666666664
0 0 0.0010416666666666667 0 0.0020833333333333333
0 0.321875 0.478125 0.05625 0.21041666666666667
0 0.16953125 0.4791666666666667 0.0734375 0.24583333333333332
0 0.45546875 0.49270833333333336 0.0609375 0.22708333333333333
0 0.39296875 0.4875 0.0703125 0.24583333333333332
0 0.578125 0.515625 0.140625 0.58125
0 0.26640625 0.4875 0.0828125 0.30416666666666664
0 0 0.0010416666666666667 0 0.0020833333333333333