0 0 0.0010416666666666667 0 0.0020833333333333333
0 0.0015625 0.0010416666666666667 0 0.0020833333333333333
0 0.1671875 0.47708333333333336 0.071875 0.24166666666666667
0 0.45546875 0.49166666666666664 0.0640625 0.22916666666666666
0 0.31953125 0.4739583333333333 0.0578125 0.21875
0 0.3921875 0.48541666666666666 0.06875 0.24583333333333332
0 0.259375 0.48020833333333335 0.090625 0.3229166666666667
0 0.5765625 0.5239583333333333 0.134375 0.5854166666666667
0 0 0.0010416666666666667 0 0.0020833333333333333
0 0.0015625 0.0010416666666666667 0 0.0020833333333333333
0 0.1671875 0.47708333333333336 0.071875 0.24166666666666667
0 0.45546875 0.49166666666666664 0.0640625 0.22916666666666666
0 0.31953125 0.4739583333333333 0.0578125 0.21875
0 0.3921875 0.48541666666666666 0.06875 0.24583333333333332
0 0.259375 0.48020833333333335 0.090625 0.3229166666666667
0 0.5765625 0.5239583333333333 0.134375 0.5854166666666667