0 0.0015625 0.0010416666666666667 0 0.0020833333333333333
0 0.1671875 0.48333333333333334 0.071875 0.24166666666666667
0 0.45703125 0.4979166666666667 0.0640625 0.22916666666666666
0 0.321875 0.478125 0.059375 0.22708333333333333
0 0.3921875 0.49166666666666664 0.06875 0.24583333333333332
0 0.5734375 0.528125 0.1375 0.5854166666666667
0 0.25859375 0.48854166666666665 0.0953125 0.33958333333333335
0 0.0015625 0.0010416666666666667 0 0.0020833333333333333
0 0.1671875 0.48333333333333334 0.071875 0.24166666666666667
0 0.45703125 0.4979166666666667 0.0640625 0.22916666666666666
0 0.321875 0.478125 0.059375 0.22708333333333333
0 0.3921875 0.49166666666666664 0.06875 0.24583333333333332
0 0.5734375 0.528125 0.1375 0.5854166666666667
0 0.25859375 0.48854166666666665 0.0953125 0.33958333333333335