0 0.253125 0.5125 0.03125 0.1125
0 0.03984375 0.5520833333333334 0.0796875 0.1875
0 0.34296875 0.5083333333333333 0.0328125 0.10833333333333334
0 0.4046875 0.50625 0.028125 0.0875
0 0.3015625 0.5125 0.03125 0.10833333333333334
0 0.5078125 0.4979166666666667 0.0375 0.125
0 0.46171875 0.5 0.0390625 0.13333333333333333
0 0.66953125 0.4822916666666667 0.1015625 0.41041666666666665
0 0.58359375 0.5083333333333333 0.1171875 0.375
0 0.19140625 0.51875 0.2203125 0.5291666666666667
0 0.253125 0.5125 0.03125 0.1125
0 0.03984375 0.5520833333333334 0.0796875 0.1875
0 0.34296875 0.5083333333333333 0.0328125 0.10833333333333334
0 0.4046875 0.50625 0.028125 0.0875
0 0.3015625 0.5125 0.03125 0.10833333333333334
0 0.5078125 0.4979166666666667 0.0375 0.125
0 0.46171875 0.5 0.0390625 0.13333333333333333
0 0.66953125 0.4822916666666667 0.1015625 0.41041666666666665
0 0.58359375 0.5083333333333333 0.1171875 0.375
0 0.19140625 0.51875 0.2203125 0.5291666666666667