0 0.0015625 0.0010416666666666667 0 0.0020833333333333333
0 0.1703125 0.48541666666666666 0.06875 0.24166666666666667
0 0.459375 0.4979166666666667 0.0625 0.22916666666666666
0 0.3265625 0.48020833333333335 0.059375 0.23125
0 0.3953125 0.49375 0.06875 0.24583333333333332
0 0.259375 0.49375 0.096875 0.35
0 0.5765625 0.521875 0.1375 0.58125
0 0.0015625 0.0010416666666666667 0 0.0020833333333333333
0 0.1703125 0.48541666666666666 0.06875 0.24166666666666667
0 0.459375 0.4979166666666667 0.0625 0.22916666666666666
0 0.3265625 0.48020833333333335 0.059375 0.23125
0 0.3953125 0.49375 0.06875 0.24583333333333332
0 0.259375 0.49375 0.096875 0.35
0 0.5765625 0.521875 0.1375 0.58125