0 0.0015625 0.0010416666666666667 0 0.0020833333333333333
0 0.17109375 0.48333333333333334 0.0703125 0.24166666666666667
0 0.4609375 0.49583333333333335 0.0625 0.22916666666666666
0 0.396875 0.49270833333333336 0.06875 0.24375
0 0.32734375 0.48020833333333335 0.0609375 0.23125
0 0.259375 0.49375 0.096875 0.35833333333333334
0 0.57890625 0.5125 0.1390625 0.5708333333333333
0 0.13984375 0.490625 0.0453125 0.17291666666666666
0 0.0015625 0.0010416666666666667 0 0.0020833333333333333
0 0.17109375 0.48333333333333334 0.0703125 0.24166666666666667
0 0.4609375 0.49583333333333335 0.0625 0.22916666666666666
0 0.396875 0.49270833333333336 0.06875 0.24375
0 0.32734375 0.48020833333333335 0.0609375 0.23125
0 0.259375 0.49375 0.096875 0.35833333333333334
0 0.57890625 0.5125 0.1390625 0.5708333333333333
0 0.13984375 0.490625 0.0453125 0.17291666666666666