0 0.1328125 0.4895833333333333 0.046875 0.175
0 0.0015625 0.0010416666666666667 0 0.0020833333333333333
0 0.16640625 0.4822916666666667 0.0671875 0.24375
0 0.325 0.48020833333333335 0.0625 0.23958333333333334
0 0.459375 0.4947916666666667 0.0625 0.23125
0 0.3921875 0.49166666666666664 0.06875 0.25
0 0.25 0.496875 0.103125 0.3729166666666667
0 0.57734375 0.509375 0.1359375 0.56875
0 0.1328125 0.4895833333333333 0.046875 0.175
0 0.0015625 0.0010416666666666667 0 0.0020833333333333333
0 0.16640625 0.4822916666666667 0.0671875 0.24375
0 0.325 0.48020833333333335 0.0625 0.23958333333333334
0 0.459375 0.4947916666666667 0.0625 0.23125
0 0.3921875 0.49166666666666664 0.06875 0.25
0 0.25 0.496875 0.103125 0.3729166666666667
0 0.57734375 0.509375 0.1359375 0.56875