0 0.12890625 0.49270833333333336 0.0484375 0.18125
0 0.1640625 0.484375 0.06875 0.24375
0 0.0015625 0.0010416666666666667 0 0.0020833333333333333
0 0.3234375 0.484375 0.065625 0.24375
0 0.45625 0.496875 0.0625 0.23125
0 0.3890625 0.49375 0.06875 0.25
0 0.246875 0.4979166666666667 0.10625 0.38333333333333336
0 0.5765625 0.5166666666666667 0.1375 0.575
0 0.12890625 0.49270833333333336 0.0484375 0.18125
0 0.1640625 0.484375 0.06875 0.24375
0 0.0015625 0.0010416666666666667 0 0.0020833333333333333
0 0.3234375 0.484375 0.065625 0.24375
0 0.45625 0.496875 0.0625 0.23125
0 0.3890625 0.49375 0.06875 0.25
0 0.246875 0.4979166666666667 0.10625 0.38333333333333336
0 0.5765625 0.5166666666666667 0.1375 0.575