0 0.11484375 0.484375 0.0515625 0.18958333333333333
0 0.15703125 0.48125 0.0671875 0.24166666666666667
0 0.38203125 0.484375 0.0671875 0.24791666666666667
0 0.4546875 0.49166666666666664 0.065625 0.23333333333333334
0 0.31875 0.4739583333333333 0.06875 0.26458333333333334
0 0.0015625 0.0010416666666666667 0 0.0020833333333333333
0 0.5796875 0.521875 0.140625 0.5895833333333333
0 0.2296875 0.4895833333333333 0.11875 0.4375
0 0.11484375 0.484375 0.0515625 0.18958333333333333
0 0.15703125 0.48125 0.0671875 0.24166666666666667
0 0.38203125 0.484375 0.0671875 0.24791666666666667
0 0.4546875 0.49166666666666664 0.065625 0.23333333333333334
0 0.31875 0.4739583333333333 0.06875 0.26458333333333334
0 0.0015625 0.0010416666666666667 0 0.0020833333333333333
0 0.5796875 0.521875 0.140625 0.5895833333333333
0 0.2296875 0.4895833333333333 0.11875 0.4375