0 0.10625 0.48541666666666666 0.053125 0.19583333333333333
0 0.15078125 0.48125 0.0640625 0.24166666666666667
0 0.4515625 0.49375 0.065625 0.23333333333333334
0 0.378125 0.4864583333333333 0.065625 0.2520833333333333
0 0.0015625 0.0010416666666666667 0 0.0020833333333333333
0 0.57890625 0.5177083333333333 0.1390625 0.5854166666666667
0 0.3140625 0.47604166666666664 0.06875 0.27291666666666664
0 0.21875 0.496875 0.128125 0.46458333333333335
0 0.10625 0.48541666666666666 0.053125 0.19583333333333333
0 0.15078125 0.48125 0.0640625 0.24166666666666667
0 0.4515625 0.49375 0.065625 0.23333333333333334
0 0.378125 0.4864583333333333 0.065625 0.2520833333333333
0 0.0015625 0.0010416666666666667 0 0.0020833333333333333
0 0.57890625 0.5177083333333333 0.1390625 0.5854166666666667
0 0.3140625 0.47604166666666664 0.06875 0.27291666666666664
0 0.21875 0.496875 0.128125 0.46458333333333335