0 0.10625 0.4864583333333333 0.053125 0.19375
0 0.58046875 0.5135416666666667 0.1390625 0.58125
0 0.3796875 0.4895833333333333 0.065625 0.25
0 0.00078125 0.0010416666666666667 0 0.0020833333333333333
0 0.15234375 0.48333333333333334 0.0640625 0.24166666666666667
0 0.453125 0.49375 0.065625 0.2375
0 0.31484375 0.478125 0.0703125 0.27708333333333335
0 0.2140625 0.5 0.13125 0.4791666666666667
0 0.10625 0.4864583333333333 0.053125 0.19375
0 0.58046875 0.5135416666666667 0.1390625 0.58125
0 0.3796875 0.4895833333333333 0.065625 0.25
0 0.00078125 0.0010416666666666667 0 0.0020833333333333333
0 0.15234375 0.48333333333333334 0.0640625 0.24166666666666667
0 0.453125 0.49375 0.065625 0.2375
0 0.31484375 0.478125 0.0703125 0.27708333333333335
0 0.2140625 0.5 0.13125 0.4791666666666667