0 0.15703125 0.48541666666666666 0.0671875 0.2375
0 0.10625 0.49375 0.05625 0.2
0 0.58828125 0.5104166666666666 0.1421875 0.5791666666666667
0 0.45859375 0.4947916666666667 0.0640625 0.23958333333333334
0 0.384375 0.49270833333333336 0.065625 0.24791666666666667
0 0.3171875 0.48333333333333334 0.071875 0.2833333333333333
0 0.00078125 0.0010416666666666667 0 0.0020833333333333333
0 0.20390625 0.5041666666666667 0.1390625 0.5041666666666667
0 0.15703125 0.48541666666666666 0.0671875 0.2375
0 0.10625 0.49375 0.05625 0.2
0 0.58828125 0.5104166666666666 0.1421875 0.5791666666666667
0 0.45859375 0.4947916666666667 0.0640625 0.23958333333333334
0 0.384375 0.49270833333333336 0.065625 0.24791666666666667
0 0.3171875 0.48333333333333334 0.071875 0.2833333333333333
0 0.00078125 0.0010416666666666667 0 0.0020833333333333333
0 0.20390625 0.5041666666666667 0.1390625 0.5041666666666667