0 0.246875 0.5072916666666667 0.03125 0.11458333333333333
0 0.2953125 0.5041666666666667 0.03125 0.1125
0 0.33828125 0.5 0.0328125 0.1125
0 0.45234375 0.49166666666666664 0.0390625 0.13333333333333333
0 0.50390625 0.48854166666666665 0.0390625 0.12708333333333333
0 0.68046875 0.475 0.1109375 0.42916666666666664
0 0.5890625 0.5072916666666667 0.121875 0.40208333333333335
0 0.1375 0.5052083333333334 0.18125 0.5604166666666667
0 0.2125 0.49895833333333334 0.034375 0.13125
0 0.40078125 0.5010416666666667 0.0265625 0.08958333333333333
0 0.246875 0.5072916666666667 0.03125 0.11458333333333333
0 0.2953125 0.5041666666666667 0.03125 0.1125
0 0.33828125 0.5 0.0328125 0.1125
0 0.45234375 0.49166666666666664 0.0390625 0.13333333333333333
0 0.50390625 0.48854166666666665 0.0390625 0.12708333333333333
0 0.68046875 0.475 0.1109375 0.42916666666666664
0 0.5890625 0.5072916666666667 0.121875 0.40208333333333335
0 0.1375 0.5052083333333334 0.18125 0.5604166666666667
0 0.2125 0.49895833333333334 0.034375 0.13125
0 0.40078125 0.5010416666666667 0.0265625 0.08958333333333333