0 0.10078125 0.490625 0.0578125 0.20625
0 0.58671875 0.5041666666666667 0.1421875 0.5708333333333333
0 0.38203125 0.490625 0.0671875 0.2520833333333333
0 0.45703125 0.49166666666666664 0.0640625 0.24166666666666667
0 0.3140625 0.48020833333333335 0.075 0.28958333333333336
0 0.00078125 0.0010416666666666667 0 0.0020833333333333333
0 0.19296875 0.5010416666666667 0.1484375 0.5270833333333333
0 0.15546875 0.48541666666666666 0.0671875 0.2375
0 0.10078125 0.490625 0.0578125 0.20625
0 0.58671875 0.5041666666666667 0.1421875 0.5708333333333333
0 0.38203125 0.490625 0.0671875 0.2520833333333333
0 0.45703125 0.49166666666666664 0.0640625 0.24166666666666667
0 0.3140625 0.48020833333333335 0.075 0.28958333333333336
0 0.00078125 0.0010416666666666667 0 0.0020833333333333333
0 0.19296875 0.5010416666666667 0.1484375 0.5270833333333333
0 0.15546875 0.48541666666666666 0.0671875 0.2375