0 0.5859375 0.5270833333333333 0.134375 0.49166666666666664
0 0.090625 0.48854166666666665 0.059375 0.21041666666666667
0 0.378125 0.48854166666666665 0.06875 0.2520833333333333
0 0.45234375 0.490625 0.0640625 0.23958333333333334
0 0.30703125 0.478125 0.0796875 0.3020833333333333
0 0.00078125 0.0010416666666666667 0 0.0020833333333333333
0 0.17734375 0.49895833333333334 0.1578125 0.55625
0 0.15390625 0.4864583333333333 0.0671875 0.23958333333333334
0 0.5859375 0.5270833333333333 0.134375 0.49166666666666664
0 0.090625 0.48854166666666665 0.059375 0.21041666666666667
0 0.378125 0.48854166666666665 0.06875 0.2520833333333333
0 0.45234375 0.490625 0.0640625 0.23958333333333334
0 0.30703125 0.478125 0.0796875 0.3020833333333333
0 0.00078125 0.0010416666666666667 0 0.0020833333333333333
0 0.17734375 0.49895833333333334 0.1578125 0.55625
0 0.15390625 0.4864583333333333 0.0671875 0.23958333333333334