0 0.0765625 0.4947916666666667 0.059375 0.20625
0 0.44765625 0.4947916666666667 0.0640625 0.24375
0 0.371875 0.48854166666666665 0.06875 0.2520833333333333
0 0.30078125 0.47604166666666664 0.0828125 0.3104166666666667
0 0.00078125 0.0010416666666666667 0 0.0020833333333333333
0 0.15703125 0.4979166666666667 0.1734375 0.5875
0 0.15234375 0.4864583333333333 0.0671875 0.23958333333333334
0 0.584375 0.5270833333333333 0.134375 0.49166666666666664
0 0.0765625 0.4947916666666667 0.059375 0.20625
0 0.44765625 0.4947916666666667 0.0640625 0.24375
0 0.371875 0.48854166666666665 0.06875 0.2520833333333333
0 0.30078125 0.47604166666666664 0.0828125 0.3104166666666667
0 0.00078125 0.0010416666666666667 0 0.0020833333333333333
0 0.15703125 0.4979166666666667 0.1734375 0.5875
0 0.15234375 0.4864583333333333 0.0671875 0.23958333333333334
0 0.584375 0.5270833333333333 0.134375 0.49166666666666664