0 0.078125 0.48541666666666666 0.06875 0.22916666666666666
0 0.37421875 0.4864583333333333 0.0703125 0.2520833333333333
0 0.45078125 0.49166666666666664 0.0640625 0.24166666666666667
0 0.30234375 0.475 0.0890625 0.32083333333333336
0 0.00078125 0.0010416666666666667 0 0.0020833333333333333
0 0.14453125 0.5 0.1890625 0.6291666666666667
0 0.1515625 0.4864583333333333 0.065625 0.23958333333333334
0 0.58359375 0.5270833333333333 0.1359375 0.49166666666666664
0 0.078125 0.48541666666666666 0.06875 0.22916666666666666
0 0.37421875 0.4864583333333333 0.0703125 0.2520833333333333
0 0.45078125 0.49166666666666664 0.0640625 0.24166666666666667
0 0.30234375 0.475 0.0890625 0.32083333333333336
0 0.00078125 0.0010416666666666667 0 0.0020833333333333333
0 0.14453125 0.5 0.1890625 0.6291666666666667
0 0.1515625 0.4864583333333333 0.065625 0.23958333333333334
0 0.58359375 0.5270833333333333 0.1359375 0.49166666666666664