0 0.06640625 0.484375 0.0703125 0.23958333333333334
0 0.44765625 0.496875 0.0609375 0.24375
0 0.3015625 0.48125 0.09375 0.3375
0 0.37421875 0.4895833333333333 0.0671875 0.25416666666666665
0 0.1125 0.5229166666666667 0.209375 0.7208333333333333
0 0.00078125 0.0010416666666666667 0 0.0020833333333333333
0 0.1484375 0.4875 0.065625 0.2375
0 0.58203125 0.5270833333333333 0.1359375 0.49166666666666664
0 0.06640625 0.484375 0.0703125 0.23958333333333334
0 0.44765625 0.496875 0.0609375 0.24375
0 0.3015625 0.48125 0.09375 0.3375
0 0.37421875 0.4895833333333333 0.0671875 0.25416666666666665
0 0.1125 0.5229166666666667 0.209375 0.7208333333333333
0 0.00078125 0.0010416666666666667 0 0.0020833333333333333
0 0.1484375 0.4875 0.065625 0.2375
0 0.58203125 0.5270833333333333 0.1359375 0.49166666666666664