0 0.30234375 0.4864583333333333 0.0984375 0.35625
0 0.4484375 0.5010416666666667 0.0625 0.24375
0 0.37578125 0.49583333333333335 0.0671875 0.25416666666666665
0 0.1015625 0.528125 0.203125 0.7729166666666667
0 0.00078125 0.0010416666666666667 0 0.0020833333333333333
0 0.234375 0.484375 0.03125 0.10625
0 0.146875 0.48854166666666665 0.065625 0.23958333333333334
0 0.06171875 0.4822916666666667 0.0703125 0.23958333333333334
0 0.58125 0.5291666666666667 0.134375 0.49166666666666664
0 0.30234375 0.4864583333333333 0.0984375 0.35625
0 0.4484375 0.5010416666666667 0.0625 0.24375
0 0.37578125 0.49583333333333335 0.0671875 0.25416666666666665
0 0.1015625 0.528125 0.203125 0.7729166666666667
0 0.00078125 0.0010416666666666667 0 0.0020833333333333333
0 0.234375 0.484375 0.03125 0.10625
0 0.146875 0.48854166666666665 0.065625 0.23958333333333334
0 0.06171875 0.4822916666666667 0.0703125 0.23958333333333334
0 0.58125 0.5291666666666667 0.134375 0.49166666666666664