0 0.23671875 0.48541666666666666 0.0328125 0.10833333333333334
0 0.45078125 0.5010416666666667 0.0609375 0.24375
0 0.37734375 0.496875 0.0640625 0.2520833333333333
0 0.30390625 0.4864583333333333 0.1015625 0.3645833333333333
0 0.0984375 0.5291666666666667 0.196875 0.8083333333333333
0 0.00078125 0.0010416666666666667 0 0.0020833333333333333
0 0.1453125 0.48854166666666665 0.065625 0.23958333333333334
0 0.05703125 0.4822916666666667 0.0703125 0.23958333333333334
0 0.58046875 0.5291666666666667 0.1359375 0.49166666666666664
0 0.23671875 0.48541666666666666 0.0328125 0.10833333333333334
0 0.45078125 0.5010416666666667 0.0609375 0.24375
0 0.37734375 0.496875 0.0640625 0.2520833333333333
0 0.30390625 0.4864583333333333 0.1015625 0.3645833333333333
0 0.0984375 0.5291666666666667 0.196875 0.8083333333333333
0 0.00078125 0.0010416666666666667 0 0.0020833333333333333
0 0.1453125 0.48854166666666665 0.065625 0.23958333333333334
0 0.05703125 0.4822916666666667 0.0703125 0.23958333333333334
0 0.58046875 0.5291666666666667 0.1359375 0.49166666666666664