0 0.24140625 0.4875 0.0296875 0.10416666666666667
0 0.15078125 0.48541666666666666 0.0640625 0.24166666666666667
0 0.4546875 0.5 0.0625 0.24583333333333332
0 0.38046875 0.49895833333333334 0.0640625 0.2520833333333333
0 0.31015625 0.48541666666666666 0.1015625 0.37916666666666665
0 0.09140625 0.5229166666666667 0.1828125 0.8541666666666666
0 0.00078125 0.0010416666666666667 0 0.0020833333333333333
0 0.05234375 0.4822916666666667 0.0703125 0.23958333333333334
0 0.5796875 0.5291666666666667 0.134375 0.49166666666666664
0 0.24140625 0.4875 0.0296875 0.10416666666666667
0 0.15078125 0.48541666666666666 0.0640625 0.24166666666666667
0 0.4546875 0.5 0.0625 0.24583333333333332
0 0.38046875 0.49895833333333334 0.0640625 0.2520833333333333
0 0.31015625 0.48541666666666666 0.1015625 0.37916666666666665
0 0.09140625 0.5229166666666667 0.1828125 0.8541666666666666
0 0.00078125 0.0010416666666666667 0 0.0020833333333333333
0 0.05234375 0.4822916666666667 0.0703125 0.23958333333333334
0 0.5796875 0.5291666666666667 0.134375 0.49166666666666664