0 0.240625 0.48333333333333334 0.03125 0.10833333333333334
0 0.45546875 0.496875 0.0640625 0.24791666666666667
0 0.1546875 0.48125 0.0625 0.24166666666666667
0 0.07734375 0.5125 0.1546875 0.9375
0 0.38203125 0.49270833333333336 0.0640625 0.2520833333333333
0 0.31328125 0.47708333333333336 0.1078125 0.4041666666666667
0 0.00078125 0.0010416666666666667 0 0.0020833333333333333
0 0.046875 0.4822916666666667 0.071875 0.23958333333333334
0 0.578125 0.5291666666666667 0.134375 0.49166666666666664
0 0.240625 0.48333333333333334 0.03125 0.10833333333333334
0 0.45546875 0.496875 0.0640625 0.24791666666666667
0 0.1546875 0.48125 0.0625 0.24166666666666667
0 0.07734375 0.5125 0.1546875 0.9375
0 0.38203125 0.49270833333333336 0.0640625 0.2520833333333333
0 0.31328125 0.47708333333333336 0.1078125 0.4041666666666667
0 0.00078125 0.0010416666666666667 0 0.0020833333333333333
0 0.046875 0.4822916666666667 0.071875 0.23958333333333334
0 0.578125 0.5291666666666667 0.134375 0.49166666666666664