0 0.39375 0.4895833333333333 0.028125 0.09166666666666666
0 0.2875 0.4979166666666667 0.03125 0.1125
0 0.3296875 0.49270833333333336 0.03125 0.11458333333333333
0 0.20390625 0.4895833333333333 0.0359375 0.12916666666666668
0 0.49609375 0.48125 0.0390625 0.12916666666666668
0 0.44375 0.48333333333333334 0.0375 0.13333333333333333
0 0.67890625 0.47291666666666665 0.1140625 0.44166666666666665
0 0.09296875 0.5 0.1609375 0.5916666666666667
0 0.58671875 0.5 0.1234375 0.4083333333333333
0 0.240625 0.5052083333333334 0.03125 0.11458333333333333
0 0.8265625 0.48854166666666665 0.0375 0.11875
0 0.39375 0.4895833333333333 0.028125 0.09166666666666666
0 0.2875 0.4979166666666667 0.03125 0.1125
0 0.3296875 0.49270833333333336 0.03125 0.11458333333333333
0 0.20390625 0.4895833333333333 0.0359375 0.12916666666666668
0 0.49609375 0.48125 0.0390625 0.12916666666666668
0 0.44375 0.48333333333333334 0.0375 0.13333333333333333
0 0.67890625 0.47291666666666665 0.1140625 0.44166666666666665
0 0.09296875 0.5 0.1609375 0.5916666666666667
0 0.58671875 0.5 0.1234375 0.4083333333333333
0 0.240625 0.5052083333333334 0.03125 0.11458333333333333
0 0.8265625 0.48854166666666665 0.0375 0.11875