0 0.240625 0.48541666666666666 0.03125 0.10833333333333334
0 0.4546875 0.49895833333333334 0.0625 0.24375
0 0.1546875 0.48333333333333334 0.0625 0.24166666666666667
0 0.075 0.5114583333333333 0.15 0.9770833333333333
0 0.38203125 0.49270833333333336 0.0640625 0.2520833333333333
0 0.31328125 0.4791666666666667 0.1078125 0.4166666666666667
0 0.0008715820312500001 0.0010677083333333333 0.000380859375 0.002126736111111111
0 0.0421875 0.4822916666666667 0.071875 0.23958333333333334
0 0.57734375 0.5291666666666667 0.1359375 0.49166666666666664
0 0.240625 0.48541666666666666 0.03125 0.10833333333333334
0 0.4546875 0.49895833333333334 0.0625 0.24375
0 0.1546875 0.48333333333333334 0.0625 0.24166666666666667
0 0.075 0.5114583333333333 0.15 0.9770833333333333
0 0.38203125 0.49270833333333336 0.0640625 0.2520833333333333
0 0.31328125 0.4791666666666667 0.1078125 0.4166666666666667
0 0.0008715820312500001 0.0010677083333333333 0.000380859375 0.002126736111111111
0 0.0421875 0.4822916666666667 0.071875 0.23958333333333334
0 0.57734375 0.5291666666666667 0.1359375 0.49166666666666664