0 0.23671875 0.4895833333333333 0.0296875 0.1125
0 0 0.0010416666666666667 0 0.0020833333333333333
0 0.1484375 0.490625 0.06875 0.23958333333333334
0 0.3796875 0.496875 0.065625 0.2520833333333333
0 0.3125 0.490625 0.109375 0.4354166666666667
0 0.0008496093749999999 0.0011002604166666665 0.000380859375 0.0021050347222222225
0 0.0375 0.48020833333333335 0.071875 0.23958333333333334
0 0.5765625 0.5291666666666667 0.134375 0.49166666666666664
0 0.23671875 0.4895833333333333 0.0296875 0.1125
0 0 0.0010416666666666667 0 0.0020833333333333333
0 0.1484375 0.490625 0.06875 0.23958333333333334
0 0.3796875 0.496875 0.065625 0.2520833333333333
0 0.3125 0.490625 0.109375 0.4354166666666667
0 0.0008496093749999999 0.0011002604166666665 0.000380859375 0.0021050347222222225
0 0.0375 0.48020833333333335 0.071875 0.23958333333333334
0 0.5765625 0.5291666666666667 0.134375 0.49166666666666664