0 0.03984375 0.49270833333333336 0.0671875 0.2520833333333333
0 0 0.0010416666666666667 0 0.0020833333333333333
0 0.2390625 0.484375 0.03125 0.11041666666666666
0 0.15078125 0.4864583333333333 0.0703125 0.23958333333333334
0 0.38203125 0.49270833333333336 0.0640625 0.25625
0 0.000838623046875 0.001091579861111111 0.00038330078124999996 0.0020876736111111113
0 0.3125 0.4875 0.1125 0.44583333333333336
0 0.57578125 0.5291666666666667 0.1359375 0.49166666666666664
0 0.03984375 0.49270833333333336 0.0671875 0.2520833333333333
0 0 0.0010416666666666667 0 0.0020833333333333333
0 0.2390625 0.484375 0.03125 0.11041666666666666
0 0.15078125 0.4864583333333333 0.0703125 0.23958333333333334
0 0.38203125 0.49270833333333336 0.0640625 0.25625
0 0.000838623046875 0.001091579861111111 0.00038330078124999996 0.0020876736111111113
0 0.3125 0.4875 0.1125 0.44583333333333336
0 0.57578125 0.5291666666666667 0.1359375 0.49166666666666664