0 0.23359375 0.484375 0.0328125 0.11458333333333333
0 0.0328125 0.5020833333333333 0.065625 0.2708333333333333
0 0.146875 0.4864583333333333 0.071875 0.23958333333333334
0 0.37890625 0.49375 0.0640625 0.25416666666666665
0 0.0008105468750000001 0.001098090277777778 0.00037109375 0.002048611111111111
0 0.3046875 0.49166666666666664 0.11875 0.4708333333333333
0 0.575 0.5291666666666667 0.134375 0.49166666666666664
0 0.23359375 0.484375 0.0328125 0.11458333333333333
0 0.0328125 0.5020833333333333 0.065625 0.2708333333333333
0 0.146875 0.4864583333333333 0.071875 0.23958333333333334
0 0.37890625 0.49375 0.0640625 0.25416666666666665
0 0.0008105468750000001 0.001098090277777778 0.00037109375 0.002048611111111111
0 0.3046875 0.49166666666666664 0.11875 0.4708333333333333
0 0.575 0.5291666666666667 0.134375 0.49166666666666664