0 0.56015625 0.515625 0.1484375 0.5645833333333333
0 0.0265625 0.49166666666666664 0.053125 0.2916666666666667
0 0.378125 0.4947916666666667 0.0625 0.2520833333333333
0 0.14765625 0.48020833333333335 0.0703125 0.23958333333333334
0 0.29453125 0.48020833333333335 0.1390625 0.51875
0 0.49921875 0.509375 0.2296875 0.9229166666666667
0 0.56015625 0.515625 0.1484375 0.5645833333333333
0 0.0265625 0.49166666666666664 0.053125 0.2916666666666667
0 0.378125 0.4947916666666667 0.0625 0.2520833333333333
0 0.14765625 0.48020833333333335 0.0703125 0.23958333333333334
0 0.29453125 0.48020833333333335 0.1390625 0.51875
0 0.49921875 0.509375 0.2296875 0.9229166666666667