0 0.5546875 0.5177083333333333 0.153125 0.5729166666666666
0 0.02265625 0.49166666666666664 0.0453125 0.29583333333333334
0 0.38046875 0.496875 0.0609375 0.2520833333333333
0 0.15078125 0.4791666666666667 0.0703125 0.2375
0 0.29296875 0.478125 0.1484375 0.5479166666666667
0 0.50703125 0.5177083333333333 0.2546875 0.9395833333333333
0 0.5546875 0.5177083333333333 0.153125 0.5729166666666666
0 0.02265625 0.49166666666666664 0.0453125 0.29583333333333334
0 0.38046875 0.496875 0.0609375 0.2520833333333333
0 0.15078125 0.4791666666666667 0.0703125 0.2375
0 0.29296875 0.478125 0.1484375 0.5479166666666667
0 0.50703125 0.5177083333333333 0.2546875 0.9395833333333333