0 0.56640625 0.5197916666666667 0.1515625 0.58125
0 0.01953125 0.49583333333333335 0.0390625 0.3
0 0.38671875 0.49583333333333335 0.0640625 0.25416666666666665
0 0.15703125 0.4822916666666667 0.0703125 0.23958333333333334
0 0.29296875 0.4864583333333333 0.1578125 0.58125
0 0.5140625 0.528125 0.2625 0.91875
0 0.56640625 0.5197916666666667 0.1515625 0.58125
0 0.01953125 0.49583333333333335 0.0390625 0.3
0 0.38671875 0.49583333333333335 0.0640625 0.25416666666666665
0 0.15703125 0.4822916666666667 0.0703125 0.23958333333333334
0 0.29296875 0.4864583333333333 0.1578125 0.58125
0 0.5140625 0.528125 0.2625 0.91875