0 0.0140625 0.49895833333333334 0.028125 0.29791666666666666
0 0.56640625 0.5125 0.1453125 0.5708333333333333
0 0.3921875 0.490625 0.0625 0.25625
0 0.1625 0.484375 0.06875 0.23541666666666666
0 0.28984375 0.4947916666666667 0.1734375 0.6270833333333333
0 0.51328125 0.5385416666666667 0.2609375 0.8895833333333333
0 0.0140625 0.49895833333333334 0.028125 0.29791666666666666
0 0.56640625 0.5125 0.1453125 0.5708333333333333
0 0.3921875 0.490625 0.0625 0.25625
0 0.1625 0.484375 0.06875 0.23541666666666666
0 0.28984375 0.4947916666666667 0.1734375 0.6270833333333333
0 0.51328125 0.5385416666666667 0.2609375 0.8895833333333333