0 0.22578125 0.4895833333333333 0.0359375 0.12083333333333333
0 0.05078125 0.48854166666666665 0.1015625 0.61875
0 0.275 0.4875 0.034375 0.11666666666666667
0 0.38203125 0.4822916666666667 0.0265625 0.09375
0 0.81328125 0.4875 0.0359375 0.12083333333333333
0 0.31640625 0.48333333333333334 0.0328125 0.11666666666666667
0 0.1890625 0.4822916666666667 0.0375 0.13541666666666666
0 0.4296875 0.47708333333333336 0.0375 0.13333333333333333
0 0.4859375 0.47604166666666664 0.040625 0.13125
0 0.67890625 0.471875 0.1140625 0.46041666666666664
0 0.5796875 0.5 0.121875 0.42916666666666664
0 0.22578125 0.4895833333333333 0.0359375 0.12083333333333333
0 0.05078125 0.48854166666666665 0.1015625 0.61875
0 0.275 0.4875 0.034375 0.11666666666666667
0 0.38203125 0.4822916666666667 0.0265625 0.09375
0 0.81328125 0.4875 0.0359375 0.12083333333333333
0 0.31640625 0.48333333333333334 0.0328125 0.11666666666666667
0 0.1890625 0.4822916666666667 0.0375 0.13541666666666666
0 0.4296875 0.47708333333333336 0.0375 0.13333333333333333
0 0.4859375 0.47604166666666664 0.040625 0.13125
0 0.67890625 0.471875 0.1140625 0.46041666666666664
0 0.5796875 0.5 0.121875 0.42916666666666664