0 0.21484375 0.4895833333333333 0.0328125 0.12083333333333333
0 0.80625 0.4947916666666667 0.0375 0.11875
0 0.26875 0.490625 0.034375 0.11875
0 0.30859375 0.4864583333333333 0.0328125 0.11875
0 0.4203125 0.4822916666666667 0.0375 0.13125
0 0.18203125 0.484375 0.0390625 0.13541666666666666
0 0.48046875 0.48020833333333335 0.0421875 0.13125
0 0.68359375 0.475 0.1171875 0.48333333333333334
0 0.58125 0.50625 0.121875 0.45
0 0.23984375 0.48854166666666665 0.0328125 0.12291666666666666
0 0.37890625 0.4875 0.0265625 0.09166666666666666
0 0.21484375 0.4895833333333333 0.0328125 0.12083333333333333
0 0.80625 0.4947916666666667 0.0375 0.11875
0 0.26875 0.490625 0.034375 0.11875
0 0.30859375 0.4864583333333333 0.0328125 0.11875
0 0.4203125 0.4822916666666667 0.0375 0.13125
0 0.18203125 0.484375 0.0390625 0.13541666666666666
0 0.48046875 0.48020833333333335 0.0421875 0.13125
0 0.68359375 0.475 0.1171875 0.48333333333333334
0 0.58125 0.50625 0.121875 0.45
0 0.23984375 0.48854166666666665 0.0328125 0.12291666666666666
0 0.37890625 0.4875 0.0265625 0.09166666666666666