0 0 0.0010416666666666667 0 0.0020833333333333333
0 0.28125 0.4864583333333333 0.04375 0.14791666666666667
0 0.14921875 0.484375 0.0640625 0.23541666666666666
0 0.4921875 0.5302083333333333 0.13125 0.5479166666666667
0 0.36328125 0.528125 0.1890625 0.7229166666666667
0 0.20703125 0.4864583333333333 0.0390625 0.14375
0 0 0.0010416666666666667 0 0.0020833333333333333
0 0.28125 0.4864583333333333 0.04375 0.14791666666666667
0 0.14921875 0.484375 0.0640625 0.23541666666666666
0 0.4921875 0.5302083333333333 0.13125 0.5479166666666667
0 0.36328125 0.528125 0.1890625 0.7229166666666667
0 0.20703125 0.4864583333333333 0.0390625 0.14375