0 0.23125 0.5020833333333333 0.03125 0.12083333333333333
0 0.20625 0.503125 0.034375 0.12291666666666666
0 0.4125 0.49583333333333335 0.0375 0.13333333333333333
0 0.3015625 0.5 0.034375 0.12083333333333333
0 0.47421875 0.4947916666666667 0.0390625 0.13125
0 0.2609375 0.5041666666666667 0.034375 0.11666666666666667
0 0.17265625 0.49895833333333334 0.0390625 0.13958333333333334
0 0.68828125 0.4895833333333333 0.1234375 0.5
0 0.58125 0.5208333333333334 0.121875 0.4666666666666667
0 0.3734375 0.496875 0.028125 0.09375
0 0.8046875 0.5052083333333334 0.0375 0.11875
0 0.23125 0.5020833333333333 0.03125 0.12083333333333333
0 0.20625 0.503125 0.034375 0.12291666666666666
0 0.4125 0.49583333333333335 0.0375 0.13333333333333333
0 0.3015625 0.5 0.034375 0.12083333333333333
0 0.47421875 0.4947916666666667 0.0390625 0.13125
0 0.2609375 0.5041666666666667 0.034375 0.11666666666666667
0 0.17265625 0.49895833333333334 0.0390625 0.13958333333333334
0 0.68828125 0.4895833333333333 0.1234375 0.5
0 0.58125 0.5208333333333334 0.121875 0.4666666666666667
0 0.3734375 0.496875 0.028125 0.09375
0 0.8046875 0.5052083333333334 0.0375 0.11875