0 0.62265625 0.49270833333333336 0.0296875 0.11875
0 0.59375 0.5 0.0625 0.25416666666666665
0 0.36640625 0.4895833333333333 0.0609375 0.21666666666666667
0 0.69296875 0.5135416666666667 0.1328125 0.53125
0 0.5265625 0.5020833333333333 0.146875 0.5458333333333333
0 0.4703125 0.4947916666666667 0.05 0.17291666666666666
0 0.62265625 0.49270833333333336 0.0296875 0.11875
0 0.59375 0.5 0.0625 0.25416666666666665
0 0.36640625 0.4895833333333333 0.0609375 0.21666666666666667
0 0.69296875 0.5135416666666667 0.1328125 0.53125
0 0.5265625 0.5020833333333333 0.146875 0.5458333333333333
0 0.4703125 0.4947916666666667 0.05 0.17291666666666666