0 0.47265625 0.49375 0.0484375 0.175
0 0.5984375 0.49895833333333334 0.0625 0.25625
0 0.37109375 0.48854166666666665 0.0578125 0.21458333333333332
0 0.69765625 0.5135416666666667 0.1296875 0.5354166666666667
0 0.53359375 0.5052083333333334 0.1421875 0.54375
0 0.35234375 0.49166666666666664 0.0453125 0.175
0 0.47265625 0.49375 0.0484375 0.175
0 0.5984375 0.49895833333333334 0.0625 0.25625
0 0.37109375 0.48854166666666665 0.0578125 0.21458333333333332
0 0.69765625 0.5135416666666667 0.1296875 0.5354166666666667
0 0.53359375 0.5052083333333334 0.1421875 0.54375
0 0.35234375 0.49166666666666664 0.0453125 0.175