0 0.23515625 0.4947916666666667 0.0328125 0.12291666666666666
0 0.2640625 0.5 0.034375 0.11666666666666667
0 0.21015625 0.4979166666666667 0.0359375 0.125
0 0.41171875 0.484375 0.0390625 0.13958333333333334
0 0.30546875 0.4947916666666667 0.0359375 0.11875
0 0.478125 0.4864583333333333 0.040625 0.13125
0 0.17421875 0.49270833333333336 0.0390625 0.13958333333333334
0 0.71328125 0.47708333333333336 0.1328125 0.525
0 0.5984375 0.509375 0.13125 0.4979166666666667
0 0.375 0.4947916666666667 0.028125 0.09375
0 0.8078125 0.5 0.0375 0.12083333333333333
0 0.23515625 0.4947916666666667 0.0328125 0.12291666666666666
0 0.2640625 0.5 0.034375 0.11666666666666667
0 0.21015625 0.4979166666666667 0.0359375 0.125
0 0.41171875 0.484375 0.0390625 0.13958333333333334
0 0.30546875 0.4947916666666667 0.0359375 0.11875
0 0.478125 0.4864583333333333 0.040625 0.13125
0 0.17421875 0.49270833333333336 0.0390625 0.13958333333333334
0 0.71328125 0.47708333333333336 0.1328125 0.525
0 0.5984375 0.509375 0.13125 0.4979166666666667
0 0.375 0.4947916666666667 0.028125 0.09375
0 0.8078125 0.5 0.0375 0.12083333333333333