0 0.34765625 0.4864583333333333 0.0515625 0.17708333333333334
0 0.475 0.4895833333333333 0.05 0.18333333333333332
0 0.37578125 0.48541666666666666 0.0609375 0.2125
0 0.6046875 0.49583333333333335 0.065625 0.25833333333333336
0 0.70390625 0.5145833333333333 0.1328125 0.5375
0 0.53984375 0.5083333333333333 0.1390625 0.5375
0 0.34765625 0.4864583333333333 0.0515625 0.17708333333333334
0 0.475 0.4895833333333333 0.05 0.18333333333333332
0 0.37578125 0.48541666666666666 0.0609375 0.2125
0 0.6046875 0.49583333333333335 0.065625 0.25833333333333336
0 0.70390625 0.5145833333333333 0.1328125 0.5375
0 0.53984375 0.5083333333333333 0.1390625 0.5375