0 0.34921875 0.484375 0.0484375 0.17708333333333334
0 0.48046875 0.48541666666666666 0.0515625 0.18333333333333332
0 0.61015625 0.49270833333333336 0.0671875 0.2604166666666667
0 0.38046875 0.48125 0.0609375 0.2125
0 0.709375 0.5145833333333333 0.134375 0.5416666666666666
0 0.54609375 0.5072916666666667 0.1390625 0.53125
0 0.34921875 0.484375 0.0484375 0.17708333333333334
0 0.48046875 0.48541666666666666 0.0515625 0.18333333333333332
0 0.61015625 0.49270833333333336 0.0671875 0.2604166666666667
0 0.38046875 0.48125 0.0609375 0.2125
0 0.709375 0.5145833333333333 0.134375 0.5416666666666666
0 0.54609375 0.5072916666666667 0.1390625 0.53125