0 0.35078125 0.48333333333333334 0.0484375 0.17916666666666667
0 0.484375 0.48020833333333335 0.053125 0.19375
0 0.61953125 0.48854166666666665 0.0671875 0.2604166666666667
0 0.3875 0.478125 0.059375 0.21041666666666667
0 0.71796875 0.5208333333333334 0.1390625 0.55
0 0.553125 0.5010416666666667 0.1375 0.5229166666666667
0 0.2796875 0.46770833333333334 0.03125 0.10208333333333333
0 0.35078125 0.48333333333333334 0.0484375 0.17916666666666667
0 0.484375 0.48020833333333335 0.053125 0.19375
0 0.61953125 0.48854166666666665 0.0671875 0.2604166666666667
0 0.3875 0.478125 0.059375 0.21041666666666667
0 0.71796875 0.5208333333333334 0.1390625 0.55
0 0.553125 0.5010416666666667 0.1375 0.5229166666666667
0 0.2796875 0.46770833333333334 0.03125 0.10208333333333333