0 0.28046875 0.4708333333333333 0.0296875 0.1
0 0.35078125 0.4875 0.0515625 0.18333333333333332
0 0.48515625 0.4822916666666667 0.0546875 0.19791666666666666
0 0.6234375 0.49270833333333336 0.065625 0.2604166666666667
0 0.390625 0.48125 0.059375 0.2125
0 0.72265625 0.5260416666666666 0.1359375 0.5479166666666667
0 0.55859375 0.49270833333333336 0.1359375 0.50625
0 0.28046875 0.4708333333333333 0.0296875 0.1
0 0.35078125 0.4875 0.0515625 0.18333333333333332
0 0.48515625 0.4822916666666667 0.0546875 0.19791666666666666
0 0.6234375 0.49270833333333336 0.065625 0.2604166666666667
0 0.390625 0.48125 0.059375 0.2125
0 0.72265625 0.5260416666666666 0.1359375 0.5479166666666667
0 0.55859375 0.49270833333333336 0.1359375 0.50625