0 0.27890625 0.475 0.0328125 0.10416666666666667
0 0.34765625 0.48854166666666665 0.0546875 0.18958333333333333
0 0.6265625 0.4947916666666667 0.065625 0.2604166666666667
0 0.48671875 0.484375 0.0578125 0.20208333333333334
0 0.39609375 0.4822916666666667 0.0609375 0.21458333333333332
0 0.73046875 0.521875 0.1296875 0.5395833333333333
0 0.5671875 0.49375 0.146875 0.5041666666666667
0 0.27890625 0.475 0.0328125 0.10416666666666667
0 0.34765625 0.48854166666666665 0.0546875 0.18958333333333333
0 0.6265625 0.4947916666666667 0.065625 0.2604166666666667
0 0.48671875 0.484375 0.0578125 0.20208333333333334
0 0.39609375 0.4822916666666667 0.0609375 0.21458333333333332
0 0.73046875 0.521875 0.1296875 0.5395833333333333
0 0.5671875 0.49375 0.146875 0.5041666666666667