0 0.62890625 0.49375 0.0640625 0.25833333333333336
0 0.34609375 0.48541666666666666 0.0546875 0.19166666666666668
0 0.48671875 0.48333333333333334 0.0578125 0.20416666666666666
0 0.39765625 0.48020833333333335 0.0609375 0.21458333333333332
0 0.7328125 0.5114583333333333 0.13125 0.5229166666666667
0 0.57421875 0.49375 0.1515625 0.5041666666666667
0 0.27890625 0.4708333333333333 0.0328125 0.10416666666666667
0 0.62890625 0.49375 0.0640625 0.25833333333333336
0 0.34609375 0.48541666666666666 0.0546875 0.19166666666666668
0 0.48671875 0.48333333333333334 0.0578125 0.20416666666666666
0 0.39765625 0.48020833333333335 0.0609375 0.21458333333333332
0 0.7328125 0.5114583333333333 0.13125 0.5229166666666667
0 0.57421875 0.49375 0.1515625 0.5041666666666667
0 0.27890625 0.4708333333333333 0.0328125 0.10416666666666667