0 0.27734375 0.4739583333333333 0.0328125 0.10208333333333333
0 0.63203125 0.49583333333333335 0.0640625 0.25833333333333336
0 0.34140625 0.4875 0.0546875 0.2
0 0.48671875 0.4875 0.0609375 0.20833333333333334
0 0.4 0.48541666666666666 0.0625 0.2125
0 0.73671875 0.5114583333333333 0.1328125 0.5270833333333333
0 0.58125 0.503125 0.153125 0.4979166666666667
0 0.27734375 0.4739583333333333 0.0328125 0.10208333333333333
0 0.63203125 0.49583333333333335 0.0640625 0.25833333333333336
0 0.34140625 0.4875 0.0546875 0.2
0 0.48671875 0.4875 0.0609375 0.20833333333333334
0 0.4 0.48541666666666666 0.0625 0.2125
0 0.73671875 0.5114583333333333 0.1328125 0.5270833333333333
0 0.58125 0.503125 0.153125 0.4979166666666667