0 0.2765625 0.48020833333333335 0.03125 0.10208333333333333
0 0.634375 0.5 0.06875 0.2625
0 0.33671875 0.49375 0.0578125 0.2
0 0.48671875 0.49270833333333336 0.0640625 0.21041666666666667
0 0.40234375 0.49270833333333336 0.0609375 0.21041666666666667
0 0.7390625 0.51875 0.134375 0.525
0 0.58828125 0.5104166666666666 0.1515625 0.4875
0 0.2765625 0.48020833333333335 0.03125 0.10208333333333333
0 0.634375 0.5 0.06875 0.2625
0 0.33671875 0.49375 0.0578125 0.2
0 0.48671875 0.49270833333333336 0.0640625 0.21041666666666667
0 0.40234375 0.49270833333333336 0.0609375 0.21041666666666667
0 0.7390625 0.51875 0.134375 0.525
0 0.58828125 0.5104166666666666 0.1515625 0.4875