0 0.2734375 0.4791666666666667 0.034375 0.10416666666666667
0 0.63125 0.4979166666666667 0.071875 0.275
0 0.4828125 0.49270833333333336 0.065625 0.21458333333333332
0 0.3296875 0.496875 0.0625 0.20208333333333334
0 0.4015625 0.49270833333333336 0.0625 0.21041666666666667
0 0.7375 0.521875 0.1375 0.53125
0 0.59375 0.509375 0.15 0.48125
0 0.51484375 0.49895833333333334 0.0359375 0.13541666666666666
0 0.2734375 0.4791666666666667 0.034375 0.10416666666666667
0 0.63125 0.4979166666666667 0.071875 0.275
0 0.4828125 0.49270833333333336 0.065625 0.21458333333333332
0 0.3296875 0.496875 0.0625 0.20208333333333334
0 0.4015625 0.49270833333333336 0.0625 0.21041666666666667
0 0.7375 0.521875 0.1375 0.53125
0 0.59375 0.509375 0.15 0.48125
0 0.51484375 0.49895833333333334 0.0359375 0.13541666666666666