0 0.2671875 0.478125 0.03125 0.10625
0 0.6296875 0.49583333333333335 0.06875 0.26666666666666666
0 0.51328125 0.496875 0.0359375 0.13125
0 0.3203125 0.49583333333333335 0.0625 0.20833333333333334
0 0.4765625 0.49166666666666664 0.06875 0.22083333333333333
0 0.40078125 0.49166666666666664 0.0640625 0.2125
0 0.59609375 0.5 0.1421875 0.4708333333333333
0 0.73515625 0.5302083333333333 0.1359375 0.53125
0 0.2671875 0.478125 0.03125 0.10625
0 0.6296875 0.49583333333333335 0.06875 0.26666666666666666
0 0.51328125 0.496875 0.0359375 0.13125
0 0.3203125 0.49583333333333335 0.0625 0.20833333333333334
0 0.4765625 0.49166666666666664 0.06875 0.22083333333333333
0 0.40078125 0.49166666666666664 0.0640625 0.2125
0 0.59609375 0.5 0.1421875 0.4708333333333333
0 0.73515625 0.5302083333333333 0.1359375 0.53125