0 0.375 0.4947916666666667 0.028125 0.09375
0 0.2328125 0.496875 0.034375 0.12291666666666666
0 0.409375 0.4875 0.0375 0.13333333333333333
0 0.20703125 0.49895833333333334 0.0359375 0.12291666666666666
0 0.30546875 0.49583333333333335 0.0359375 0.12083333333333333
0 0.47734375 0.48854166666666665 0.0390625 0.13125
0 0.2625 0.5 0.034375 0.12083333333333333
0 0.1734375 0.49583333333333335 0.040625 0.14583333333333334
0 0.7234375 0.475 0.134375 0.5416666666666666
0 0.60390625 0.5114583333333333 0.1359375 0.5145833333333333
0 0.80625 0.5 0.0375 0.12083333333333333
0 0.375 0.4947916666666667 0.028125 0.09375
0 0.2328125 0.496875 0.034375 0.12291666666666666
0 0.409375 0.4875 0.0375 0.13333333333333333
0 0.20703125 0.49895833333333334 0.0359375 0.12291666666666666
0 0.30546875 0.49583333333333335 0.0359375 0.12083333333333333
0 0.47734375 0.48854166666666665 0.0390625 0.13125
0 0.2625 0.5 0.034375 0.12083333333333333
0 0.1734375 0.49583333333333335 0.040625 0.14583333333333334
0 0.7234375 0.475 0.134375 0.5416666666666666
0 0.60390625 0.5114583333333333 0.1359375 0.5145833333333333
0 0.80625 0.5 0.0375 0.12083333333333333