0 0.51171875 0.5 0.0359375 0.13333333333333333
0 0.26171875 0.48125 0.0328125 0.10833333333333334
0 0.31328125 0.49895833333333334 0.0578125 0.21041666666666667
0 0.47421875 0.49375 0.0703125 0.225
0 0.4 0.49270833333333336 0.0625 0.21041666666666667
0 0.73203125 0.5364583333333334 0.1328125 0.53125
0 0.59921875 0.5010416666666667 0.1359375 0.46875
0 0.55546875 0.5020833333333333 0.0578125 0.2125
0 0.51171875 0.5 0.0359375 0.13333333333333333
0 0.26171875 0.48125 0.0328125 0.10833333333333334
0 0.31328125 0.49895833333333334 0.0578125 0.21041666666666667
0 0.47421875 0.49375 0.0703125 0.225
0 0.4 0.49270833333333336 0.0625 0.21041666666666667
0 0.73203125 0.5364583333333334 0.1328125 0.53125
0 0.59921875 0.5010416666666667 0.1359375 0.46875
0 0.55546875 0.5020833333333333 0.0578125 0.2125