0 0.26171875 0.48125 0.0328125 0.10833333333333334
0 0.5140625 0.4979166666666667 0.0375 0.1375
0 0.55703125 0.49895833333333334 0.0546875 0.21875
0 0.309375 0.4947916666666667 0.059375 0.21875
0 0.47578125 0.49375 0.0734375 0.22916666666666666
0 0.40234375 0.48854166666666665 0.0609375 0.21041666666666667
0 0.73359375 0.5322916666666667 0.1328125 0.53125
0 0.6078125 0.5010416666666667 0.13125 0.46875
0 0.26171875 0.48125 0.0328125 0.10833333333333334
0 0.5140625 0.4979166666666667 0.0375 0.1375
0 0.55703125 0.49895833333333334 0.0546875 0.21875
0 0.309375 0.4947916666666667 0.059375 0.21875
0 0.47578125 0.49375 0.0734375 0.22916666666666666
0 0.40234375 0.48854166666666665 0.0609375 0.21041666666666667
0 0.73359375 0.5322916666666667 0.1328125 0.53125
0 0.6078125 0.5010416666666667 0.13125 0.46875