0 0.26015625 0.48020833333333335 0.0328125 0.11041666666666666
0 0.5140625 0.4979166666666667 0.0375 0.14166666666666666
0 0.5578125 0.496875 0.05625 0.22291666666666668
0 0.30546875 0.49375 0.0578125 0.225
0 0.4734375 0.4947916666666667 0.08125 0.23541666666666666
0 0.40390625 0.4895833333333333 0.0640625 0.2125
0 0.734375 0.5229166666666667 0.13125 0.5208333333333334
0 0.61171875 0.5041666666666667 0.1265625 0.4666666666666667
0 0.26015625 0.48020833333333335 0.0328125 0.11041666666666666
0 0.5140625 0.4979166666666667 0.0375 0.14166666666666666
0 0.5578125 0.496875 0.05625 0.22291666666666668
0 0.30546875 0.49375 0.0578125 0.225
0 0.4734375 0.4947916666666667 0.08125 0.23541666666666666
0 0.40390625 0.4895833333333333 0.0640625 0.2125
0 0.734375 0.5229166666666667 0.13125 0.5208333333333334
0 0.61171875 0.5041666666666667 0.1265625 0.4666666666666667