0 0.25546875 0.48125 0.0328125 0.1125
0 0.5125 0.5 0.040625 0.14166666666666666
0 0.55703125 0.503125 0.0578125 0.23125
0 0.471875 0.4979166666666667 0.084375 0.24166666666666667
0 0.2953125 0.496875 0.0625 0.22708333333333333
0 0.40390625 0.49270833333333336 0.0640625 0.21041666666666667
0 0.6140625 0.5114583333333333 0.125 0.46041666666666664
0 0.7328125 0.5208333333333334 0.128125 0.5166666666666667
0 0.25546875 0.48125 0.0328125 0.1125
0 0.5125 0.5 0.040625 0.14166666666666666
0 0.55703125 0.503125 0.0578125 0.23125
0 0.471875 0.4979166666666667 0.084375 0.24166666666666667
0 0.2953125 0.496875 0.0625 0.22708333333333333
0 0.40390625 0.49270833333333336 0.0640625 0.21041666666666667
0 0.6140625 0.5114583333333333 0.125 0.46041666666666664
0 0.7328125 0.5208333333333334 0.128125 0.5166666666666667