0 0.51171875 0.49895833333333334 0.0390625 0.14375
0 0.25234375 0.48020833333333335 0.0328125 0.11458333333333333
0 0.5578125 0.5020833333333333 0.059375 0.23333333333333334
0 0.471875 0.4979166666666667 0.078125 0.24166666666666667
0 0.290625 0.49583333333333335 0.065625 0.22916666666666666
0 0.40390625 0.49375 0.0609375 0.20833333333333334
0 0.6171875 0.509375 0.121875 0.46041666666666664
0 0.7328125 0.5197916666666667 0.128125 0.51875
0 0.51171875 0.49895833333333334 0.0390625 0.14375
0 0.25234375 0.48020833333333335 0.0328125 0.11458333333333333
0 0.5578125 0.5020833333333333 0.059375 0.23333333333333334
0 0.471875 0.4979166666666667 0.078125 0.24166666666666667
0 0.290625 0.49583333333333335 0.065625 0.22916666666666666
0 0.40390625 0.49375 0.0609375 0.20833333333333334
0 0.6171875 0.509375 0.121875 0.46041666666666664
0 0.7328125 0.5197916666666667 0.128125 0.51875