0 0.246875 0.475 0.034375 0.11666666666666667
0 0.51015625 0.4947916666666667 0.0421875 0.14791666666666667
0 0.55625 0.49583333333333335 0.059375 0.24166666666666667
0 0.278125 0.49375 0.071875 0.23333333333333334
0 0.47109375 0.48854166666666665 0.0796875 0.24791666666666667
0 0.73125 0.5135416666666667 0.125 0.51875
0 0.61796875 0.49583333333333335 0.1203125 0.45
0 0.40234375 0.4875 0.0609375 0.20833333333333334
0 0.246875 0.475 0.034375 0.11666666666666667
0 0.51015625 0.4947916666666667 0.0421875 0.14791666666666667
0 0.55625 0.49583333333333335 0.059375 0.24166666666666667
0 0.278125 0.49375 0.071875 0.23333333333333334
0 0.47109375 0.48854166666666665 0.0796875 0.24791666666666667
0 0.73125 0.5135416666666667 0.125 0.51875
0 0.61796875 0.49583333333333335 0.1203125 0.45
0 0.40234375 0.4875 0.0609375 0.20833333333333334