0 0.2375 0.4791666666666667 0.0375 0.12916666666666668
0 0.503125 0.49375 0.040625 0.15
0 0.55 0.49375 0.0625 0.24583333333333332
0 0.2671875 0.49166666666666664 0.071875 0.24166666666666667
0 0.46484375 0.4875 0.0828125 0.25416666666666665
0 0.61796875 0.4895833333333333 0.1203125 0.44583333333333336
0 0.728125 0.5197916666666667 0.128125 0.5229166666666667
0 0.396875 0.48541666666666666 0.0625 0.20833333333333334
0 0.2375 0.4791666666666667 0.0375 0.12916666666666668
0 0.503125 0.49375 0.040625 0.15
0 0.55 0.49375 0.0625 0.24583333333333332
0 0.2671875 0.49166666666666664 0.071875 0.24166666666666667
0 0.46484375 0.4875 0.0828125 0.25416666666666665
0 0.61796875 0.4895833333333333 0.1203125 0.44583333333333336
0 0.728125 0.5197916666666667 0.128125 0.5229166666666667
0 0.396875 0.48541666666666666 0.0625 0.20833333333333334