0 0.49921875 0.49270833333333336 0.0390625 0.15208333333333332
0 0.253125 0.49270833333333336 0.078125 0.2520833333333333
0 0.5453125 0.490625 0.065625 0.2520833333333333
0 0.45859375 0.48541666666666666 0.0796875 0.2625
0 0.3921875 0.484375 0.0625 0.21041666666666667
0 0.7265625 0.521875 0.125 0.5229166666666667
0 0.61796875 0.48854166666666665 0.1203125 0.4395833333333333
0 0.49921875 0.49270833333333336 0.0390625 0.15208333333333332
0 0.253125 0.49270833333333336 0.078125 0.2520833333333333
0 0.5453125 0.490625 0.065625 0.2520833333333333
0 0.45859375 0.48541666666666666 0.0796875 0.2625
0 0.3921875 0.484375 0.0625 0.21041666666666667
0 0.7265625 0.521875 0.125 0.5229166666666667
0 0.61796875 0.48854166666666665 0.1203125 0.4395833333333333