0 0.48984375 0.49375 0.0421875 0.15416666666666667
0 0.23515625 0.4895833333333333 0.0765625 0.25833333333333336
0 0.5359375 0.49270833333333336 0.06875 0.25625
0 0.4484375 0.4864583333333333 0.084375 0.27291666666666664
0 0.7171875 0.521875 0.125 0.51875
0 0.384375 0.484375 0.0625 0.21041666666666667
0 0.61484375 0.4947916666666667 0.1203125 0.4354166666666667
0 0.48984375 0.49375 0.0421875 0.15416666666666667
0 0.23515625 0.4895833333333333 0.0765625 0.25833333333333336
0 0.5359375 0.49270833333333336 0.06875 0.25625
0 0.4484375 0.4864583333333333 0.084375 0.27291666666666664
0 0.7171875 0.521875 0.125 0.51875
0 0.384375 0.484375 0.0625 0.21041666666666667
0 0.61484375 0.4947916666666667 0.1203125 0.4354166666666667