0 0.4828125 0.4895833333333333 0.040625 0.15833333333333333
0 0.2203125 0.48541666666666666 0.078125 0.26666666666666666
0 0.53125 0.490625 0.071875 0.2604166666666667
0 0.3796875 0.4791666666666667 0.0625 0.2125
0 0.440625 0.48541666666666666 0.0875 0.2791666666666667
0 0.61328125 0.49375 0.1203125 0.43333333333333335
0 0.71484375 0.5135416666666667 0.1234375 0.5104166666666666
0 0.4828125 0.4895833333333333 0.040625 0.15833333333333333
0 0.2203125 0.48541666666666666 0.078125 0.26666666666666666
0 0.53125 0.490625 0.071875 0.2604166666666667
0 0.3796875 0.4791666666666667 0.0625 0.2125
0 0.440625 0.48541666666666666 0.0875 0.2791666666666667
0 0.61328125 0.49375 0.1203125 0.43333333333333335
0 0.71484375 0.5135416666666667 0.1234375 0.5104166666666666