0 0.23671875 0.5020833333333333 0.0328125 0.125
0 0.209375 0.5052083333333334 0.034375 0.12708333333333333
0 0.4109375 0.49166666666666664 0.0375 0.1375
0 0.30859375 0.5010416666666667 0.0359375 0.12708333333333333
0 0.2671875 0.5041666666666667 0.034375 0.125
0 0.4828125 0.49375 0.040625 0.13333333333333333
0 0.17578125 0.49895833333333334 0.0390625 0.14791666666666667
0 0.7546875 0.478125 0.153125 0.5729166666666666
0 0.621875 0.515625 0.146875 0.5520833333333334
0 0.8046875 0.5020833333333333 0.0375 0.12083333333333333
0 0.3796875 0.496875 0.028125 0.09375
0 0.23671875 0.5020833333333333 0.0328125 0.125
0 0.209375 0.5052083333333334 0.034375 0.12708333333333333
0 0.4109375 0.49166666666666664 0.0375 0.1375
0 0.30859375 0.5010416666666667 0.0359375 0.12708333333333333
0 0.2671875 0.5041666666666667 0.034375 0.125
0 0.4828125 0.49375 0.040625 0.13333333333333333
0 0.17578125 0.49895833333333334 0.0390625 0.14791666666666667
0 0.7546875 0.478125 0.153125 0.5729166666666666
0 0.621875 0.515625 0.146875 0.5520833333333334
0 0.8046875 0.5020833333333333 0.0375 0.12083333333333333
0 0.3796875 0.496875 0.028125 0.09375