0 0.47265625 0.49583333333333335 0.0421875 0.1625
0 0.51953125 0.5010416666666667 0.0765625 0.26875
0 0.4265625 0.4947916666666667 0.09375 0.28958333333333336
0 0.37109375 0.48541666666666666 0.0640625 0.2125
0 0.70703125 0.5135416666666667 0.1234375 0.5020833333333333
0 0.18984375 0.490625 0.0890625 0.26875
0 0.6125 0.503125 0.115625 0.4270833333333333
0 0.47265625 0.49583333333333335 0.0421875 0.1625
0 0.51953125 0.5010416666666667 0.0765625 0.26875
0 0.4265625 0.4947916666666667 0.09375 0.28958333333333336
0 0.37109375 0.48541666666666666 0.0640625 0.2125
0 0.70703125 0.5135416666666667 0.1234375 0.5020833333333333
0 0.18984375 0.490625 0.0890625 0.26875
0 0.6125 0.503125 0.115625 0.4270833333333333