0 0.46953125 0.4947916666666667 0.0421875 0.16458333333333333
0 0.51640625 0.5 0.0796875 0.275
0 0.42109375 0.4947916666666667 0.0953125 0.29375
0 0.3671875 0.4864583333333333 0.0625 0.21041666666666667
0 0.17734375 0.49166666666666664 0.0953125 0.275
0 0.70625 0.515625 0.128125 0.50625
0 0.6125 0.5010416666666667 0.1125 0.42291666666666666
0 0.55703125 0.4895833333333333 0.0421875 0.18333333333333332
0 0.46953125 0.4947916666666667 0.0421875 0.16458333333333333
0 0.51640625 0.5 0.0796875 0.275
0 0.42109375 0.4947916666666667 0.0953125 0.29375
0 0.3671875 0.4864583333333333 0.0625 0.21041666666666667
0 0.17734375 0.49166666666666664 0.0953125 0.275
0 0.70625 0.515625 0.128125 0.50625
0 0.6125 0.5010416666666667 0.1125 0.42291666666666666
0 0.55703125 0.4895833333333333 0.0421875 0.18333333333333332