0 0.5515625 0.49166666666666664 0.04375 0.18333333333333332
0 0.4609375 0.4979166666666667 0.040625 0.1625
0 0.50859375 0.503125 0.0796875 0.28125
0 0.15859375 0.49583333333333335 0.0953125 0.2916666666666667
0 0.36015625 0.48854166666666665 0.0609375 0.20625
0 0.41171875 0.49583333333333335 0.0953125 0.30416666666666664
0 0.61171875 0.49583333333333335 0.1078125 0.4166666666666667
0 0.7015625 0.5197916666666667 0.125 0.50625
0 0.5515625 0.49166666666666664 0.04375 0.18333333333333332
0 0.4609375 0.4979166666666667 0.040625 0.1625
0 0.50859375 0.503125 0.0796875 0.28125
0 0.15859375 0.49583333333333335 0.0953125 0.2916666666666667
0 0.36015625 0.48854166666666665 0.0609375 0.20625
0 0.41171875 0.49583333333333335 0.0953125 0.30416666666666664
0 0.61171875 0.49583333333333335 0.1078125 0.4166666666666667
0 0.7015625 0.5197916666666667 0.125 0.50625