0 0.5453125 0.49583333333333335 0.04375 0.18333333333333332
0 0.45546875 0.5052083333333334 0.0421875 0.16458333333333333
0 0.50234375 0.5072916666666667 0.0796875 0.28958333333333336
0 0.35546875 0.49583333333333335 0.0609375 0.20833333333333334
0 0.13671875 0.5010416666666667 0.1015625 0.3020833333333333
0 0.61171875 0.5 0.1078125 0.4125
0 0.6984375 0.5291666666666667 0.125 0.5083333333333333
0 0.40390625 0.4979166666666667 0.0984375 0.31666666666666665
0 0.5453125 0.49583333333333335 0.04375 0.18333333333333332
0 0.45546875 0.5052083333333334 0.0421875 0.16458333333333333
0 0.50234375 0.5072916666666667 0.0796875 0.28958333333333336
0 0.35546875 0.49583333333333335 0.0609375 0.20833333333333334
0 0.13671875 0.5010416666666667 0.1015625 0.3020833333333333
0 0.61171875 0.5 0.1078125 0.4125
0 0.6984375 0.5291666666666667 0.125 0.5083333333333333
0 0.40390625 0.4979166666666667 0.0984375 0.31666666666666665