0 0.54296875 0.49895833333333334 0.0484375 0.20208333333333334
0 0.4546875 0.5010416666666667 0.04375 0.16875
0 0.35625 0.49270833333333336 0.059375 0.21041666666666667
0 0.12421875 0.49583333333333335 0.0828125 0.3125
0 0.5015625 0.5020833333333333 0.084375 0.3
0 0.6125 0.4979166666666667 0.10625 0.4083333333333333
0 0.69765625 0.528125 0.1203125 0.5104166666666666
0 0.4 0.49270833333333336 0.103125 0.3229166666666667
0 0.54296875 0.49895833333333334 0.0484375 0.20208333333333334
0 0.4546875 0.5010416666666667 0.04375 0.16875
0 0.35625 0.49270833333333336 0.059375 0.21041666666666667
0 0.12421875 0.49583333333333335 0.0828125 0.3125
0 0.5015625 0.5020833333333333 0.084375 0.3
0 0.6125 0.4979166666666667 0.10625 0.4083333333333333
0 0.69765625 0.528125 0.1203125 0.5104166666666666
0 0.4 0.49270833333333336 0.103125 0.3229166666666667