0 0.35390625 0.4895833333333333 0.0609375 0.2125
0 0.44921875 0.5 0.0421875 0.17083333333333334
0 0.53828125 0.49583333333333335 0.0484375 0.20416666666666666
0 0.096875 0.4947916666666667 0.09375 0.31875
0 0.4953125 0.5 0.084375 0.30833333333333335
0 0.61015625 0.5 0.1046875 0.4083333333333333
0 0.69453125 0.525 0.1234375 0.5125
0 0.39375 0.49270833333333336 0.10625 0.33125
0 0.15546875 0.47604166666666664 0.0390625 0.13125
0 0.35390625 0.4895833333333333 0.0609375 0.2125
0 0.44921875 0.5 0.0421875 0.17083333333333334
0 0.53828125 0.49583333333333335 0.0484375 0.20416666666666666
0 0.096875 0.4947916666666667 0.09375 0.31875
0 0.4953125 0.5 0.084375 0.30833333333333335
0 0.61015625 0.5 0.1046875 0.4083333333333333
0 0.69453125 0.525 0.1234375 0.5125
0 0.39375 0.49270833333333336 0.10625 0.33125
0 0.15546875 0.47604166666666664 0.0390625 0.13125