0 0.53203125 0.49375 0.0484375 0.20416666666666666
0 0.440625 0.496875 0.04375 0.17291666666666666
0 0.14375 0.4739583333333333 0.040625 0.13125
0 0.07265625 0.4947916666666667 0.0953125 0.33125
0 0.4890625 0.5010416666666667 0.090625 0.31875
0 0.38203125 0.49375 0.1140625 0.3458333333333333
0 0.60703125 0.5020833333333333 0.1046875 0.4083333333333333
0 0.6875 0.521875 0.11875 0.5104166666666666
0 0.34453125 0.49375 0.0609375 0.2125
0 0.53203125 0.49375 0.0484375 0.20416666666666666
0 0.440625 0.496875 0.04375 0.17291666666666666
0 0.14375 0.4739583333333333 0.040625 0.13125
0 0.07265625 0.4947916666666667 0.0953125 0.33125
0 0.4890625 0.5010416666666667 0.090625 0.31875
0 0.38203125 0.49375 0.1140625 0.3458333333333333
0 0.60703125 0.5020833333333333 0.1046875 0.4083333333333333
0 0.6875 0.521875 0.11875 0.5104166666666666
0 0.34453125 0.49375 0.0609375 0.2125