0 0.42734375 0.50625 0.0453125 0.175
0 0.12734375 0.484375 0.0421875 0.13541666666666666
0 0.51953125 0.49583333333333335 0.0484375 0.19166666666666668
0 0.046875 0.5083333333333333 0.09375 0.3416666666666667
0 0.59609375 0.5104166666666666 0.1015625 0.4
0 0.67890625 0.525 0.1203125 0.5
0 0.478125 0.5145833333333333 0.096875 0.32916666666666666
0 0.36796875 0.5125 0.1203125 0.35833333333333334
0 0.34609375 0.49375 0.0609375 0.2125
0 0.42734375 0.50625 0.0453125 0.175
0 0.12734375 0.484375 0.0421875 0.13541666666666666
0 0.51953125 0.49583333333333335 0.0484375 0.19166666666666668
0 0.046875 0.5083333333333333 0.09375 0.3416666666666667
0 0.59609375 0.5104166666666666 0.1015625 0.4
0 0.67890625 0.525 0.1203125 0.5
0 0.478125 0.5145833333333333 0.096875 0.32916666666666666
0 0.36796875 0.5125 0.1203125 0.35833333333333334
0 0.34609375 0.49375 0.0609375 0.2125