0 0.421875 0.5072916666666667 0.04375 0.17708333333333334
0 0.11796875 0.48541666666666666 0.0421875 0.1375
0 0.5140625 0.496875 0.046875 0.18958333333333333
0 0.0390625 0.509375 0.078125 0.34375
0 0.590625 0.5083333333333333 0.1 0.39166666666666666
0 0.675 0.5270833333333333 0.121875 0.49583333333333335
0 0.4734375 0.51875 0.096875 0.3375
0 0.36015625 0.515625 0.1234375 0.36875
0 0.34765625 0.49375 0.0609375 0.2125
0 0.421875 0.5072916666666667 0.04375 0.17708333333333334
0 0.11796875 0.48541666666666666 0.0421875 0.1375
0 0.5140625 0.496875 0.046875 0.18958333333333333
0 0.0390625 0.509375 0.078125 0.34375
0 0.590625 0.5083333333333333 0.1 0.39166666666666666
0 0.675 0.5270833333333333 0.121875 0.49583333333333335
0 0.4734375 0.51875 0.096875 0.3375
0 0.36015625 0.515625 0.1234375 0.36875
0 0.34765625 0.49375 0.0609375 0.2125