0 0.09609375 0.49583333333333335 0.0453125 0.14166666666666666
0 0.40390625 0.521875 0.0453125 0.18125
0 0.49921875 0.5104166666666666 0.0484375 0.19583333333333333
0 0.4578125 0.5322916666666667 0.1 0.35208333333333336
0 0.578125 0.5177083333333333 0.1 0.39375
0 0.6609375 0.5416666666666666 0.121875 0.5041666666666667
0 0.3421875 0.525 0.13125 0.37916666666666665
0 0.34921875 0.49375 0.0609375 0.2125
0 0.09609375 0.49583333333333335 0.0453125 0.14166666666666666
0 0.40390625 0.521875 0.0453125 0.18125
0 0.49921875 0.5104166666666666 0.0484375 0.19583333333333333
0 0.4578125 0.5322916666666667 0.1 0.35208333333333336
0 0.578125 0.5177083333333333 0.1 0.39375
0 0.6609375 0.5416666666666666 0.121875 0.5041666666666667
0 0.3421875 0.525 0.13125 0.37916666666666665
0 0.34921875 0.49375 0.0609375 0.2125