0 0.24140625 0.49375 0.0359375 0.125
0 0.21484375 0.49895833333333334 0.0359375 0.12708333333333333
0 0.27265625 0.49583333333333335 0.0328125 0.125
0 0.31484375 0.49270833333333336 0.0359375 0.12708333333333333
0 0.415625 0.4864583333333333 0.0375 0.13125
0 0.4890625 0.484375 0.040625 0.13541666666666666
0 0.18203125 0.49166666666666664 0.0390625 0.15
0 0.78671875 0.46875 0.1828125 0.6
0 0.65 0.509375 0.171875 0.5770833333333333
0 0.8015625 0.5041666666666667 0.0375 0.12083333333333333
0 0.3859375 0.49270833333333336 0.028125 0.09375
0 0.24140625 0.49375 0.0359375 0.125
0 0.21484375 0.49895833333333334 0.0359375 0.12708333333333333
0 0.27265625 0.49583333333333335 0.0328125 0.125
0 0.31484375 0.49270833333333336 0.0359375 0.12708333333333333
0 0.415625 0.4864583333333333 0.0375 0.13125
0 0.4890625 0.484375 0.040625 0.13541666666666666
0 0.18203125 0.49166666666666664 0.0390625 0.15
0 0.78671875 0.46875 0.1828125 0.6
0 0.65 0.509375 0.171875 0.5770833333333333
0 0.8015625 0.5041666666666667 0.0375 0.12083333333333333
0 0.3859375 0.49270833333333336 0.028125 0.09375