0 0.48984375 0.484375 0.0484375 0.19375
0 0.0796875 0.471875 0.046875 0.14375
0 0.56796875 0.49583333333333335 0.0984375 0.39166666666666666
0 0.446875 0.509375 0.103125 0.3645833333333333
0 0.65234375 0.5208333333333334 0.1203125 0.5041666666666667
0 0.328125 0.5 0.134375 0.39166666666666666
0 0.1421875 0.47291666666666665 0.040625 0.14583333333333334
0 0.34921875 0.49375 0.0609375 0.2125
0 0.48984375 0.484375 0.0484375 0.19375
0 0.0796875 0.471875 0.046875 0.14375
0 0.56796875 0.49583333333333335 0.0984375 0.39166666666666666
0 0.446875 0.509375 0.103125 0.3645833333333333
0 0.65234375 0.5208333333333334 0.1203125 0.5041666666666667
0 0.328125 0.5 0.134375 0.39166666666666666
0 0.1421875 0.47291666666666665 0.040625 0.14583333333333334
0 0.34921875 0.49375 0.0609375 0.2125