0 0.11328125 0.48020833333333335 0.0453125 0.14791666666666667
0 0.05 0.478125 0.046875 0.14791666666666667
0 0.55078125 0.5052083333333334 0.0953125 0.38125
0 0.63671875 0.5333333333333333 0.1203125 0.5041666666666667
0 0.3015625 0.5 0.140625 0.4125
0 0.42734375 0.5104166666666666 0.1109375 0.38333333333333336
0 0.4828125 0.4947916666666667 0.046875 0.19375
0 0.35078125 0.49375 0.0609375 0.2125
0 0.11328125 0.48020833333333335 0.0453125 0.14791666666666667
0 0.05 0.478125 0.046875 0.14791666666666667
0 0.55078125 0.5052083333333334 0.0953125 0.38125
0 0.63671875 0.5333333333333333 0.1203125 0.5041666666666667
0 0.3015625 0.5 0.140625 0.4125
0 0.42734375 0.5104166666666666 0.1109375 0.38333333333333336
0 0.4828125 0.4947916666666667 0.046875 0.19375
0 0.35078125 0.49375 0.0609375 0.2125