0 0.46171875 0.4875 0.0484375 0.2
0 0.10078125 0.47604166666666664 0.0453125 0.14791666666666667
0 0.034375 0.47291666666666665 0.046875 0.14583333333333334
0 0.62734375 0.5302083333333333 0.1203125 0.50625
0 0.54296875 0.5041666666666667 0.0984375 0.3875
0 0.2796875 0.49583333333333335 0.159375 0.4375
0 0.4140625 0.5041666666666667 0.11875 0.4
0 0.35234375 0.49375 0.0609375 0.2125
0 0.46171875 0.4875 0.0484375 0.2
0 0.10078125 0.47604166666666664 0.0453125 0.14791666666666667
0 0.034375 0.47291666666666665 0.046875 0.14583333333333334
0 0.62734375 0.5302083333333333 0.1203125 0.50625
0 0.54296875 0.5041666666666667 0.0984375 0.3875
0 0.2796875 0.49583333333333335 0.159375 0.4375
0 0.4140625 0.5041666666666667 0.11875 0.4
0 0.35234375 0.49375 0.0609375 0.2125