0 0.459375 0.48020833333333335 0.046875 0.20625
0 0.09453125 0.471875 0.0453125 0.14791666666666667
0 0.02890625 0.46770833333333334 0.0453125 0.14791666666666667
0 0.625 0.5208333333333334 0.11875 0.5041666666666667
0 0.54296875 0.4947916666666667 0.0984375 0.3854166666666667
0 0.2734375 0.49166666666666664 0.1625 0.45416666666666666
0 0.409375 0.49895833333333334 0.121875 0.41041666666666665
0 0.35234375 0.4947916666666667 0.0609375 0.21458333333333332
0 0.459375 0.48020833333333335 0.046875 0.20625
0 0.09453125 0.471875 0.0453125 0.14791666666666667
0 0.02890625 0.46770833333333334 0.0453125 0.14791666666666667
0 0.625 0.5208333333333334 0.11875 0.5041666666666667
0 0.54296875 0.4947916666666667 0.0984375 0.3854166666666667
0 0.2734375 0.49166666666666664 0.1625 0.45416666666666666
0 0.409375 0.49895833333333334 0.121875 0.41041666666666665
0 0.35234375 0.4947916666666667 0.0609375 0.21458333333333332