0 0.44765625 0.478125 0.0515625 0.22291666666666668
0 0.01796875 0.46145833333333336 0.0359375 0.15625
0 0.08203125 0.4666666666666667 0.0453125 0.15
0 0.6171875 0.50625 0.11875 0.49583333333333335
0 0.53671875 0.48541666666666666 0.0984375 0.37916666666666665
0 0.259375 0.4864583333333333 0.165625 0.47291666666666665
0 0.39921875 0.4947916666666667 0.1234375 0.4270833333333333
0 0.35390625 0.4947916666666667 0.0609375 0.21458333333333332
0 0.44765625 0.478125 0.0515625 0.22291666666666668
0 0.01796875 0.46145833333333336 0.0359375 0.15625
0 0.08203125 0.4666666666666667 0.0453125 0.15
0 0.6171875 0.50625 0.11875 0.49583333333333335
0 0.53671875 0.48541666666666666 0.0984375 0.37916666666666665
0 0.259375 0.4864583333333333 0.165625 0.47291666666666665
0 0.39921875 0.4947916666666667 0.1234375 0.4270833333333333
0 0.35390625 0.4947916666666667 0.0609375 0.21458333333333332