0 0.43828125 0.46458333333333335 0.0546875 0.225
0 0.32890625 0.4822916666666667 0.0546875 0.21875
0 0.0671875 0.4552083333333333 0.046875 0.15208333333333332
0 0.38984375 0.48854166666666665 0.1234375 0.44375
0 0.61015625 0.490625 0.1203125 0.49375
0 0.53046875 0.46979166666666666 0.0984375 0.3729166666666667
0 0.2421875 0.484375 0.1625 0.4979166666666667
0 0.43828125 0.46458333333333335 0.0546875 0.225
0 0.32890625 0.4822916666666667 0.0546875 0.21875
0 0.0671875 0.4552083333333333 0.046875 0.15208333333333332
0 0.38984375 0.48854166666666665 0.1234375 0.44375
0 0.61015625 0.490625 0.1203125 0.49375
0 0.53046875 0.46979166666666666 0.0984375 0.3729166666666667
0 0.2421875 0.484375 0.1625 0.4979166666666667