0 0.0453125 0.45729166666666665 0.046875 0.15625
0 0.30859375 0.4875 0.0546875 0.225
0 0.59609375 0.49895833333333334 0.1203125 0.49375
0 0.3734375 0.5010416666666667 0.128125 0.46875
0 0.51796875 0.47291666666666665 0.0984375 0.375
0 0.215625 0.49270833333333336 0.16875 0.5270833333333333
0 0.43046875 0.47604166666666664 0.0546875 0.22291666666666668
0 0.0453125 0.45729166666666665 0.046875 0.15625
0 0.30859375 0.4875 0.0546875 0.225
0 0.59609375 0.49895833333333334 0.1203125 0.49375
0 0.3734375 0.5010416666666667 0.128125 0.46875
0 0.51796875 0.47291666666666665 0.0984375 0.375
0 0.215625 0.49270833333333336 0.16875 0.5270833333333333
0 0.43046875 0.47604166666666664 0.0546875 0.22291666666666668