0 0.415625 0.48125 0.053125 0.23333333333333334
0 0.29765625 0.490625 0.0546875 0.22291666666666668
0 0.03203125 0.46041666666666664 0.0484375 0.1625
0 0.5890625 0.5072916666666667 0.11875 0.49375
0 0.3640625 0.50625 0.13125 0.4875
0 0.2 0.49270833333333336 0.175 0.5479166666666667
0 0.5125 0.48020833333333335 0.096875 0.3729166666666667
0 0.415625 0.48125 0.053125 0.23333333333333334
0 0.29765625 0.490625 0.0546875 0.22291666666666668
0 0.03203125 0.46041666666666664 0.0484375 0.1625
0 0.5890625 0.5072916666666667 0.11875 0.49375
0 0.3640625 0.50625 0.13125 0.4875
0 0.2 0.49270833333333336 0.175 0.5479166666666667
0 0.5125 0.48020833333333335 0.096875 0.3729166666666667