0 0.29296875 0.48854166666666665 0.0546875 0.22708333333333333
0 0.028125 0.45729166666666665 0.046875 0.16458333333333333
0 0.51328125 0.4822916666666667 0.0953125 0.3729166666666667
0 0.1828125 0.48333333333333334 0.190625 0.5875
0 0.58984375 0.509375 0.1140625 0.4979166666666667
0 0.3609375 0.5 0.140625 0.5125
0 0.44375 0.47708333333333336 0.028125 0.1125
0 0.41796875 0.475 0.0546875 0.23333333333333334
0 0.29296875 0.48854166666666665 0.0546875 0.22708333333333333
0 0.028125 0.45729166666666665 0.046875 0.16458333333333333
0 0.51328125 0.4822916666666667 0.0953125 0.3729166666666667
0 0.1828125 0.48333333333333334 0.190625 0.5875
0 0.58984375 0.509375 0.1140625 0.4979166666666667
0 0.3609375 0.5 0.140625 0.5125
0 0.44375 0.47708333333333336 0.028125 0.1125
0 0.41796875 0.475 0.0546875 0.23333333333333334