0 0.240625 0.49895833333333334 0.034375 0.12708333333333333
0 0.2140625 0.503125 0.0375 0.13125
0 0.27421875 0.5 0.0359375 0.125
0 0.315625 0.49583333333333335 0.034375 0.125
0 0.4125 0.48854166666666665 0.0375 0.13541666666666666
0 0.81875 0.47708333333333336 0.2 0.6458333333333334
0 0.18125 0.496875 0.040625 0.14791666666666667
0 0.48984375 0.4875 0.0421875 0.1375
0 0.6828125 0.51875 0.203125 0.6208333333333333
0 0.334375 0.4947916666666667 0.03125 0.11458333333333333
0 0.8 0.50625 0.0375 0.12083333333333333
0 0.390625 0.49270833333333336 0.028125 0.09375
0 0.240625 0.49895833333333334 0.034375 0.12708333333333333
0 0.2140625 0.503125 0.0375 0.13125
0 0.27421875 0.5 0.0359375 0.125
0 0.315625 0.49583333333333335 0.034375 0.125
0 0.4125 0.48854166666666665 0.0375 0.13541666666666666
0 0.81875 0.47708333333333336 0.2 0.6458333333333334
0 0.18125 0.496875 0.040625 0.14791666666666667
0 0.48984375 0.4875 0.0421875 0.1375
0 0.6828125 0.51875 0.203125 0.6208333333333333
0 0.334375 0.4947916666666667 0.03125 0.11458333333333333
0 0.8 0.50625 0.0375 0.12083333333333333
0 0.390625 0.49270833333333336 0.028125 0.09375