0 0.0171875 0.4552083333333333 0.034375 0.17291666666666666
0 0.43828125 0.4791666666666667 0.0296875 0.1125
0 0.58125 0.5104166666666666 0.11875 0.5041666666666667
0 0.5046875 0.48020833333333335 0.09375 0.36041666666666666
0 0.1421875 0.5 0.228125 0.7083333333333334
0 0.34453125 0.503125 0.1640625 0.5979166666666667
0 0.415625 0.46875 0.053125 0.23333333333333334
0 0.0171875 0.4552083333333333 0.034375 0.17291666666666666
0 0.43828125 0.4791666666666667 0.0296875 0.1125
0 0.58125 0.5104166666666666 0.11875 0.5041666666666667
0 0.5046875 0.48020833333333335 0.09375 0.36041666666666666
0 0.1421875 0.5 0.228125 0.7083333333333334
0 0.34453125 0.503125 0.1640625 0.5979166666666667
0 0.415625 0.46875 0.053125 0.23333333333333334