0 0.4015625 0.47604166666666664 0.05625 0.23541666666666666
0 0.434375 0.4822916666666667 0.03125 0.11458333333333333
0 0.50078125 0.48125 0.0921875 0.35833333333333334
0 0.11953125 0.5166666666666667 0.2390625 0.7666666666666667
0 0.578125 0.50625 0.11875 0.5
0 0.33671875 0.5114583333333333 0.1703125 0.6395833333333333
0 0.4015625 0.47604166666666664 0.05625 0.23541666666666666
0 0.434375 0.4822916666666667 0.03125 0.11458333333333333
0 0.50078125 0.48125 0.0921875 0.35833333333333334
0 0.11953125 0.5166666666666667 0.2390625 0.7666666666666667
0 0.578125 0.50625 0.11875 0.5
0 0.33671875 0.5114583333333333 0.1703125 0.6395833333333333