0 0.39765625 0.48125 0.0609375 0.25416666666666665
0 0.43515625 0.4822916666666667 0.0296875 0.11458333333333333
0 0.115625 0.5177083333333333 0.23125 0.7979166666666667
0 0.5 0.48125 0.090625 0.35833333333333334
0 0.57734375 0.5020833333333333 0.1171875 0.49583333333333335
0 0.3328125 0.521875 0.175 0.6770833333333334
0 0.39765625 0.48125 0.0609375 0.25416666666666665
0 0.43515625 0.4822916666666667 0.0296875 0.11458333333333333
0 0.115625 0.5177083333333333 0.23125 0.7979166666666667
0 0.5 0.48125 0.090625 0.35833333333333334
0 0.57734375 0.5020833333333333 0.1171875 0.49583333333333335
0 0.3328125 0.521875 0.175 0.6770833333333334