0 0.43046875 0.4822916666666667 0.0296875 0.11458333333333333
0 0.10546875 0.5177083333333333 0.2109375 0.8520833333333333
0 0.49296875 0.4822916666666667 0.0890625 0.35625
0 0.57109375 0.5041666666666667 0.1203125 0.5041666666666667
0 0.32109375 0.5322916666666667 0.1828125 0.7354166666666667
0 0.39609375 0.4822916666666667 0.0609375 0.2520833333333333
0 0.43046875 0.4822916666666667 0.0296875 0.11458333333333333
0 0.10546875 0.5177083333333333 0.2109375 0.8520833333333333
0 0.49296875 0.4822916666666667 0.0890625 0.35625
0 0.57109375 0.5041666666666667 0.1203125 0.5041666666666667
0 0.32109375 0.5322916666666667 0.1828125 0.7354166666666667
0 0.39609375 0.4822916666666667 0.0609375 0.2520833333333333