0 0.38515625 0.47604166666666664 0.0515625 0.20208333333333334
0 0.421875 0.4791666666666667 0.03125 0.11666666666666667
0 0.09296875 0.5125 0.1859375 0.9291666666666667
0 0.48203125 0.48541666666666666 0.0890625 0.35
0 0.5609375 0.5041666666666667 0.115625 0.5041666666666667
0 0.30234375 0.5302083333333333 0.2015625 0.7854166666666667
0 0.38515625 0.47604166666666664 0.0515625 0.20208333333333334
0 0.421875 0.4791666666666667 0.03125 0.11666666666666667
0 0.09296875 0.5125 0.1859375 0.9291666666666667
0 0.48203125 0.48541666666666666 0.0890625 0.35
0 0.5609375 0.5041666666666667 0.115625 0.5041666666666667
0 0.30234375 0.5302083333333333 0.2015625 0.7854166666666667