0 0.36875 0.4791666666666667 0.05625 0.22083333333333333
0 0 0.0010416666666666667 0 0.0020833333333333333
0 0.41171875 0.4791666666666667 0.0328125 0.11666666666666667
0 0.47109375 0.48541666666666666 0.0859375 0.35
0 0.55 0.5083333333333333 0.11875 0.5125
0 0.28125 0.5260416666666666 0.221875 0.8520833333333333
0 0.36875 0.4791666666666667 0.05625 0.22083333333333333
0 0 0.0010416666666666667 0 0.0020833333333333333
0 0.41171875 0.4791666666666667 0.0328125 0.11666666666666667
0 0.47109375 0.48541666666666666 0.0859375 0.35
0 0.55 0.5083333333333333 0.11875 0.5125
0 0.28125 0.5260416666666666 0.221875 0.8520833333333333