0 0 0.0010416666666666667 0 0.0020833333333333333
0 0.3546875 0.48333333333333334 0.065625 0.26666666666666666
0 0.403125 0.4864583333333333 0.034375 0.11875
0 0.46171875 0.49166666666666664 0.0890625 0.35
0 0.53984375 0.51875 0.1171875 0.5125
0 0.2609375 0.521875 0.2375 0.90625
0 0 0.0010416666666666667 0 0.0020833333333333333
0 0.3546875 0.48333333333333334 0.065625 0.26666666666666666
0 0.403125 0.4864583333333333 0.034375 0.11875
0 0.46171875 0.49166666666666664 0.0890625 0.35
0 0.53984375 0.51875 0.1171875 0.5125
0 0.2609375 0.521875 0.2375 0.90625