0 0.33046875 0.49270833333333336 0.0328125 0.11875
0 0.2375 0.49895833333333334 0.034375 0.13125
0 0.21015625 0.5020833333333333 0.0359375 0.13333333333333333
0 0.31328125 0.49583333333333335 0.0359375 0.12916666666666668
0 0.271875 0.5 0.034375 0.125
0 0.409375 0.49166666666666664 0.0375 0.12916666666666668
0 0.4890625 0.4875 0.04375 0.1375
0 0.1765625 0.496875 0.040625 0.15208333333333332
0 0.83203125 0.48541666666666666 0.2109375 0.6791666666666667
0 0.6953125 0.5260416666666666 0.20625 0.65625
0 0.796875 0.509375 0.0375 0.11875
0 0.390625 0.49270833333333336 0.028125 0.09375
0 0.33046875 0.49270833333333336 0.0328125 0.11875
0 0.2375 0.49895833333333334 0.034375 0.13125
0 0.21015625 0.5020833333333333 0.0359375 0.13333333333333333
0 0.31328125 0.49583333333333335 0.0359375 0.12916666666666668
0 0.271875 0.5 0.034375 0.125
0 0.409375 0.49166666666666664 0.0375 0.12916666666666668
0 0.4890625 0.4875 0.04375 0.1375
0 0.1765625 0.496875 0.040625 0.15208333333333332
0 0.83203125 0.48541666666666666 0.2109375 0.6791666666666667
0 0.6953125 0.5260416666666666 0.20625 0.65625
0 0.796875 0.509375 0.0375 0.11875
0 0.390625 0.49270833333333336 0.028125 0.09375