0 0.36484375 0.478125 0.0328125 0.13541666666666666
0 0 0.0010416666666666667 0 0.0020833333333333333
0 0.49296875 0.5052083333333334 0.1203125 0.5145833333333333
0 0.3046875 0.4864583333333333 0.09375 0.35208333333333336
0 0.40234375 0.4875 0.0828125 0.3375
0 0.4453125 0.4875 0.0625 0.26666666666666666
0 0.234375 0.4822916666666667 0.08125 0.3145833333333333
0 0.36484375 0.478125 0.0328125 0.13541666666666666
0 0 0.0010416666666666667 0 0.0020833333333333333
0 0.49296875 0.5052083333333334 0.1203125 0.5145833333333333
0 0.3046875 0.4864583333333333 0.09375 0.35208333333333336
0 0.40234375 0.4875 0.0828125 0.3375
0 0.4453125 0.4875 0.0625 0.26666666666666666
0 0.234375 0.4822916666666667 0.08125 0.3145833333333333