0 0 0.0010416666666666667 0 0.0020833333333333333
0 0.4328125 0.48541666666666666 0.059375 0.2625
0 0.21640625 0.4875 0.0859375 0.3333333333333333
0 0.3890625 0.484375 0.084375 0.33541666666666664
0 0.29375 0.4895833333333333 0.09375 0.3625
0 0.48125 0.5072916666666667 0.115625 0.5145833333333333
0 0 0.0010416666666666667 0 0.0020833333333333333
0 0.4328125 0.48541666666666666 0.059375 0.2625
0 0.21640625 0.4875 0.0859375 0.3333333333333333
0 0.3890625 0.484375 0.084375 0.33541666666666664
0 0.29375 0.4895833333333333 0.09375 0.3625
0 0.48125 0.5072916666666667 0.115625 0.5145833333333333