0 0.41640625 0.4895833333333333 0.0609375 0.26666666666666666
0 0.3671875 0.484375 0.084375 0.33541666666666664
0 0.46171875 0.5135416666666667 0.1203125 0.5145833333333333
0 0.18515625 0.49583333333333335 0.0984375 0.3541666666666667
0 0.271875 0.496875 0.096875 0.3854166666666667
0 0.48203125 0.4895833333333333 0.0703125 0.2791666666666667
0 0.07265625 0.49895833333333334 0.0828125 0.32708333333333334
0 0.14609375 0.48125 0.0609375 0.21666666666666667
0 0.41640625 0.4895833333333333 0.0609375 0.26666666666666666
0 0.3671875 0.484375 0.084375 0.33541666666666664
0 0.46171875 0.5135416666666667 0.1203125 0.5145833333333333
0 0.18515625 0.49583333333333335 0.0984375 0.3541666666666667
0 0.271875 0.496875 0.096875 0.3854166666666667
0 0.48203125 0.4895833333333333 0.0703125 0.2791666666666667
0 0.07265625 0.49895833333333334 0.0828125 0.32708333333333334
0 0.14609375 0.48125 0.0609375 0.21666666666666667