0 0.1421875 0.490625 0.0625 0.21875
0 0.48203125 0.5020833333333333 0.0703125 0.275
0 0.05546875 0.5166666666666667 0.0953125 0.3458333333333333
0 0.36015625 0.49375 0.0890625 0.3375
0 0.17265625 0.5052083333333334 0.1109375 0.3645833333333333
0 0.453125 0.51875 0.125 0.5166666666666667
0 0.2625 0.5072916666666667 0.096875 0.39791666666666664
0 0.1421875 0.490625 0.0625 0.21875
0 0.48203125 0.5020833333333333 0.0703125 0.275
0 0.05546875 0.5166666666666667 0.0953125 0.3458333333333333
0 0.36015625 0.49375 0.0890625 0.3375
0 0.17265625 0.5052083333333334 0.1109375 0.3645833333333333
0 0.453125 0.51875 0.125 0.5166666666666667
0 0.2625 0.5072916666666667 0.096875 0.39791666666666664