0 0.48203125 0.4947916666666667 0.0671875 0.26458333333333334
0 0.04453125 0.5125 0.0890625 0.3625
0 0.3546875 0.48854166666666665 0.0875 0.33125
0 0.1625 0.503125 0.1125 0.38958333333333334
0 0.4421875 0.5041666666666667 0.11875 0.5125
0 0.2546875 0.496875 0.10625 0.41875
0 0.48203125 0.4947916666666667 0.0671875 0.26458333333333334
0 0.04453125 0.5125 0.0890625 0.3625
0 0.3546875 0.48854166666666665 0.0875 0.33125
0 0.1625 0.503125 0.1125 0.38958333333333334
0 0.4421875 0.5041666666666667 0.11875 0.5125
0 0.2546875 0.496875 0.10625 0.41875