0 0.48125 0.49375 0.065625 0.25833333333333336
0 0.04140625 0.5104166666666666 0.0828125 0.37083333333333335
0 0.35234375 0.48854166666666665 0.0890625 0.32708333333333334
0 0.1546875 0.503125 0.11875 0.39791666666666664
0 0.4390625 0.5 0.11875 0.5125
0 0.25078125 0.49375 0.1109375 0.42916666666666664
0 0.48125 0.49375 0.065625 0.25833333333333336
0 0.04140625 0.5104166666666666 0.0828125 0.37083333333333335
0 0.35234375 0.48854166666666665 0.0890625 0.32708333333333334
0 0.1546875 0.503125 0.11875 0.39791666666666664
0 0.4390625 0.5 0.11875 0.5125
0 0.25078125 0.49375 0.1109375 0.42916666666666664