0 0.034375 0.515625 0.06875 0.3854166666666667
0 0.346875 0.4979166666666667 0.0875 0.325
0 0.48046875 0.5052083333333334 0.0640625 0.25625
0 0.14140625 0.5125 0.1203125 0.4166666666666667
0 0.434375 0.5125 0.11875 0.5166666666666667
0 0.24296875 0.49895833333333334 0.1203125 0.4479166666666667
0 0.034375 0.515625 0.06875 0.3854166666666667
0 0.346875 0.4979166666666667 0.0875 0.325
0 0.48046875 0.5052083333333334 0.0640625 0.25625
0 0.14140625 0.5125 0.1203125 0.4166666666666667
0 0.434375 0.5125 0.11875 0.5166666666666667
0 0.24296875 0.49895833333333334 0.1203125 0.4479166666666667