0 0.32421875 0.49270833333333336 0.0328125 0.11875
0 0.2 0.5 0.0375 0.13333333333333333
0 0.30625 0.49270833333333336 0.0375 0.13125
0 0.26328125 0.496875 0.0359375 0.12708333333333333
0 0.4 0.4895833333333333 0.0375 0.13333333333333333
0 0.48359375 0.4875 0.0453125 0.14166666666666666
0 0.16796875 0.49583333333333335 0.0421875 0.15
0 0.85078125 0.4864583333333333 0.2171875 0.7270833333333333
0 0.71015625 0.5302083333333333 0.2109375 0.7020833333333333
0 0.23203125 0.5020833333333333 0.0359375 0.12916666666666668
0 0.79453125 0.5114583333333333 0.0359375 0.11875
0 0.3890625 0.49270833333333336 0.028125 0.09375
0 0.32421875 0.49270833333333336 0.0328125 0.11875
0 0.2 0.5 0.0375 0.13333333333333333
0 0.30625 0.49270833333333336 0.0375 0.13125
0 0.26328125 0.496875 0.0359375 0.12708333333333333
0 0.4 0.4895833333333333 0.0375 0.13333333333333333
0 0.48359375 0.4875 0.0453125 0.14166666666666666
0 0.16796875 0.49583333333333335 0.0421875 0.15
0 0.85078125 0.4864583333333333 0.2171875 0.7270833333333333
0 0.71015625 0.5302083333333333 0.2109375 0.7020833333333333
0 0.23203125 0.5020833333333333 0.0359375 0.12916666666666668
0 0.79453125 0.5114583333333333 0.0359375 0.11875
0 0.3890625 0.49270833333333336 0.028125 0.09375