0 0.0296875 0.515625 0.059375 0.39375
0 0.4859375 0.5052083333333334 0.065625 0.2604166666666667
0 0.35 0.49375 0.0875 0.32083333333333336
0 0.1375 0.515625 0.125 0.4354166666666667
0 0.43515625 0.5208333333333334 0.1203125 0.5208333333333334
0 0.24296875 0.5020833333333333 0.1265625 0.4708333333333333
0 0.1546875 0.496875 0.084375 0.31875
0 0.0296875 0.515625 0.059375 0.39375
0 0.4859375 0.5052083333333334 0.065625 0.2604166666666667
0 0.35 0.49375 0.0875 0.32083333333333336
0 0.1375 0.515625 0.125 0.4354166666666667
0 0.43515625 0.5208333333333334 0.1203125 0.5208333333333334
0 0.24296875 0.5020833333333333 0.1265625 0.4708333333333333
0 0.1546875 0.496875 0.084375 0.31875