0 0.16640625 0.49583333333333335 0.0796875 0.30833333333333335
0 0.03125 0.515625 0.0625 0.40208333333333335
0 0.49375 0.5041666666666667 0.06875 0.2625
0 0.3578125 0.49166666666666664 0.084375 0.32083333333333336
0 0.13984375 0.515625 0.1203125 0.4479166666666667
0 0.44296875 0.5229166666666667 0.1203125 0.5208333333333334
0 0.2484375 0.5072916666666667 0.13125 0.48541666666666666
0 0.16640625 0.49583333333333335 0.0796875 0.30833333333333335
0 0.03125 0.515625 0.0625 0.40208333333333335
0 0.49375 0.5041666666666667 0.06875 0.2625
0 0.3578125 0.49166666666666664 0.084375 0.32083333333333336
0 0.13984375 0.515625 0.1203125 0.4479166666666667
0 0.44296875 0.5229166666666667 0.1203125 0.5208333333333334
0 0.2484375 0.5072916666666667 0.13125 0.48541666666666666