0 0.17890625 0.5135416666666667 0.0796875 0.3229166666666667
0 0.03359375 0.5260416666666666 0.0671875 0.41041666666666665
0 0.5125 0.5114583333333333 0.06875 0.2604166666666667
0 0.140625 0.5229166666666667 0.134375 0.4666666666666667
0 0.45546875 0.5302083333333333 0.1203125 0.5229166666666667
0 0.371875 0.49583333333333335 0.084375 0.32083333333333336
0 0.2578125 0.525 0.134375 0.5166666666666667
0 0.17890625 0.5135416666666667 0.0796875 0.3229166666666667
0 0.03359375 0.5260416666666666 0.0671875 0.41041666666666665
0 0.5125 0.5114583333333333 0.06875 0.2604166666666667
0 0.140625 0.5229166666666667 0.134375 0.4666666666666667
0 0.45546875 0.5302083333333333 0.1203125 0.5229166666666667
0 0.371875 0.49583333333333335 0.084375 0.32083333333333336
0 0.2578125 0.525 0.134375 0.5166666666666667