0 0.184375 0.509375 0.08125 0.32708333333333334
0 0.034375 0.525 0.06875 0.4166666666666667
0 0.52109375 0.509375 0.0703125 0.2604166666666667
0 0.378125 0.4947916666666667 0.084375 0.31875
0 0.140625 0.5197916666666667 0.140625 0.47708333333333336
0 0.46171875 0.5291666666666667 0.1203125 0.525
0 0.26171875 0.5239583333333333 0.1390625 0.53125
0 0.184375 0.509375 0.08125 0.32708333333333334
0 0.034375 0.525 0.06875 0.4166666666666667
0 0.52109375 0.509375 0.0703125 0.2604166666666667
0 0.378125 0.4947916666666667 0.084375 0.31875
0 0.140625 0.5197916666666667 0.140625 0.47708333333333336
0 0.46171875 0.5291666666666667 0.1203125 0.525
0 0.26171875 0.5239583333333333 0.1390625 0.53125