0 0.02890625 0.521875 0.0578125 0.44375
0 0.2 0.5041666666666667 0.084375 0.3416666666666667
0 0.54140625 0.5083333333333333 0.0703125 0.2625
0 0.134375 0.5239583333333333 0.15625 0.5229166666666667
0 0.3921875 0.5010416666666667 0.08125 0.3145833333333333
0 0.475 0.51875 0.121875 0.5125
0 0.26640625 0.521875 0.1484375 0.5770833333333333
0 0.02890625 0.521875 0.0578125 0.44375
0 0.2 0.5041666666666667 0.084375 0.3416666666666667
0 0.54140625 0.5083333333333333 0.0703125 0.2625
0 0.134375 0.5239583333333333 0.15625 0.5229166666666667
0 0.3921875 0.5010416666666667 0.08125 0.3145833333333333
0 0.475 0.51875 0.121875 0.5125
0 0.26640625 0.521875 0.1484375 0.5770833333333333