0 0.0265625 0.528125 0.053125 0.48125
0 0.2125 0.49895833333333334 0.0875 0.33958333333333335
0 0.55859375 0.5072916666666667 0.0734375 0.26458333333333334
0 0.4046875 0.49895833333333334 0.08125 0.3104166666666667
0 0.13515625 0.5239583333333333 0.1578125 0.5479166666666667
0 0.4875 0.5177083333333333 0.11875 0.5145833333333333
0 0.26875 0.515625 0.153125 0.60625
0 0.0265625 0.528125 0.053125 0.48125
0 0.2125 0.49895833333333334 0.0875 0.33958333333333335
0 0.55859375 0.5072916666666667 0.0734375 0.26458333333333334
0 0.4046875 0.49895833333333334 0.08125 0.3104166666666667
0 0.13515625 0.5239583333333333 0.1578125 0.5479166666666667
0 0.4875 0.5177083333333333 0.11875 0.5145833333333333
0 0.26875 0.515625 0.153125 0.60625