0 0.0265625 0.5322916666666667 0.053125 0.4979166666666667
0 0.21328125 0.496875 0.0921875 0.34375
0 0.5640625 0.5083333333333333 0.071875 0.2625
0 0.40859375 0.496875 0.0828125 0.3104166666666667
0 0.49296875 0.521875 0.1234375 0.51875
0 0.13515625 0.5302083333333333 0.1578125 0.56875
0 0.26875 0.515625 0.159375 0.6270833333333333
0 0.0265625 0.5322916666666667 0.053125 0.4979166666666667
0 0.21328125 0.496875 0.0921875 0.34375
0 0.5640625 0.5083333333333333 0.071875 0.2625
0 0.40859375 0.496875 0.0828125 0.3104166666666667
0 0.49296875 0.521875 0.1234375 0.51875
0 0.13515625 0.5302083333333333 0.1578125 0.56875
0 0.26875 0.515625 0.159375 0.6270833333333333