0 0.57265625 0.5083333333333333 0.0734375 0.2625
0 0.4140625 0.4895833333333333 0.08125 0.30833333333333335
0 0.5 0.525 0.125 0.5208333333333334
0 0.13046875 0.5302083333333333 0.1578125 0.60625
0 0.2609375 0.525 0.175 0.6875
0 0.33515625 0.48541666666666666 0.0328125 0.12083333333333333
0 0.57265625 0.5083333333333333 0.0734375 0.2625
0 0.4140625 0.4895833333333333 0.08125 0.30833333333333335
0 0.5 0.525 0.125 0.5208333333333334
0 0.13046875 0.5302083333333333 0.1578125 0.60625
0 0.2609375 0.525 0.175 0.6875
0 0.33515625 0.48541666666666666 0.0328125 0.12083333333333333