0 0.3421875 0.4875 0.03125 0.11666666666666667
0 0.578125 0.5083333333333333 0.071875 0.2625
0 0.41796875 0.48854166666666665 0.0796875 0.30625
0 0.5 0.5229166666666667 0.11875 0.5166666666666667
0 0.1203125 0.5270833333333333 0.165625 0.6416666666666667
0 0.24921875 0.5302083333333333 0.1921875 0.7354166666666667
0 0.3421875 0.4875 0.03125 0.11666666666666667
0 0.578125 0.5083333333333333 0.071875 0.2625
0 0.41796875 0.48854166666666665 0.0796875 0.30625
0 0.5 0.5229166666666667 0.11875 0.5166666666666667
0 0.1203125 0.5270833333333333 0.165625 0.6416666666666667
0 0.24921875 0.5302083333333333 0.1921875 0.7354166666666667