0 0.1953125 0.5010416666666667 0.0375 0.13958333333333334
0 0.3046875 0.496875 0.0375 0.13541666666666666
0 0.26015625 0.503125 0.0359375 0.12708333333333333
0 0.39375 0.49583333333333335 0.0375 0.12916666666666668
0 0.4828125 0.490625 0.046875 0.14375
0 0.16171875 0.49895833333333334 0.0421875 0.15625
0 0.88359375 0.48333333333333334 0.2109375 0.7666666666666667
0 0.73671875 0.528125 0.2109375 0.7520833333333333
0 0.66796875 0.48020833333333335 0.0546875 0.21041666666666667
0 0.32421875 0.49583333333333335 0.0328125 0.12083333333333333
0 0.2265625 0.5041666666666667 0.034375 0.12916666666666668
0 0.7921875 0.5145833333333333 0.0375 0.12083333333333333
0 0.3890625 0.49270833333333336 0.028125 0.09375
0 0.1953125 0.5010416666666667 0.0375 0.13958333333333334
0 0.3046875 0.496875 0.0375 0.13541666666666666
0 0.26015625 0.503125 0.0359375 0.12708333333333333
0 0.39375 0.49583333333333335 0.0375 0.12916666666666668
0 0.4828125 0.490625 0.046875 0.14375
0 0.16171875 0.49895833333333334 0.0421875 0.15625
0 0.88359375 0.48333333333333334 0.2109375 0.7666666666666667
0 0.73671875 0.528125 0.2109375 0.7520833333333333
0 0.66796875 0.48020833333333335 0.0546875 0.21041666666666667
0 0.32421875 0.49583333333333335 0.0328125 0.12083333333333333
0 0.2265625 0.5041666666666667 0.034375 0.12916666666666668
0 0.7921875 0.5145833333333333 0.0375 0.12083333333333333
0 0.3890625 0.49270833333333336 0.028125 0.09375