0 0.346875 0.4875 0.03125 0.11666666666666667
0 0.41953125 0.49270833333333336 0.0796875 0.30625
0 0.58046875 0.5104166666666666 0.0703125 0.2625
0 0.1078125 0.528125 0.178125 0.6729166666666667
0 0.5015625 0.5229166666666667 0.11875 0.5166666666666667
0 0.24296875 0.540625 0.1984375 0.7770833333333333
0 0.31796875 0.48541666666666666 0.0328125 0.12916666666666668
0 0.346875 0.4875 0.03125 0.11666666666666667
0 0.41953125 0.49270833333333336 0.0796875 0.30625
0 0.58046875 0.5104166666666666 0.0703125 0.2625
0 0.1078125 0.528125 0.178125 0.6729166666666667
0 0.5015625 0.5229166666666667 0.11875 0.5166666666666667
0 0.24296875 0.540625 0.1984375 0.7770833333333333
0 0.31796875 0.48541666666666666 0.0328125 0.12916666666666668