0 0.32265625 0.4875 0.0328125 0.11666666666666667
0 0.34921875 0.48541666666666666 0.0328125 0.11666666666666667
0 0.58125 0.5041666666666667 0.071875 0.2625
0 0.41953125 0.49375 0.0796875 0.3
0 0.08671875 0.5239583333333333 0.1734375 0.7145833333333333
0 0.5 0.5114583333333333 0.115625 0.5145833333333333
0 0.22109375 0.5458333333333333 0.2109375 0.8583333333333333
0 0.32265625 0.4875 0.0328125 0.11666666666666667
0 0.34921875 0.48541666666666666 0.0328125 0.11666666666666667
0 0.58125 0.5041666666666667 0.071875 0.2625
0 0.41953125 0.49375 0.0796875 0.3
0 0.08671875 0.5239583333333333 0.1734375 0.7145833333333333
0 0.5 0.5114583333333333 0.115625 0.5145833333333333
0 0.22109375 0.5458333333333333 0.2109375 0.8583333333333333