0 0.31953125 0.4895833333333333 0.0296875 0.11666666666666667
0 0.34765625 0.4864583333333333 0.0328125 0.11875
0 0.5796875 0.503125 0.071875 0.26458333333333334
0 0.0796875 0.5229166666666667 0.159375 0.75
0 0.4171875 0.49270833333333336 0.078125 0.29791666666666666
0 0.49765625 0.5114583333333333 0.1171875 0.5145833333333333
0 0.2 0.5458333333333333 0.221875 0.9041666666666667
0 0.31953125 0.4895833333333333 0.0296875 0.11666666666666667
0 0.34765625 0.4864583333333333 0.0328125 0.11875
0 0.5796875 0.503125 0.071875 0.26458333333333334
0 0.0796875 0.5229166666666667 0.159375 0.75
0 0.4171875 0.49270833333333336 0.078125 0.29791666666666666
0 0.49765625 0.5114583333333333 0.1171875 0.5145833333333333
0 0.2 0.5458333333333333 0.221875 0.9041666666666667