0 0.3125 0.490625 0.03125 0.11875
0 0.06328125 0.5270833333333333 0.1265625 0.8
0 0.340625 0.48854166666666665 0.03125 0.11875
0 0.4109375 0.49270833333333336 0.078125 0.29375
0 0.57109375 0.5041666666666667 0.0703125 0.2625
0 0.48984375 0.5125 0.1171875 0.5166666666666667
0 0.000250244140625 0.0011458333333333333 0.00041259765625 0.0020833333333333333
0 0.3125 0.490625 0.03125 0.11875
0 0.06328125 0.5270833333333333 0.1265625 0.8
0 0.340625 0.48854166666666665 0.03125 0.11875
0 0.4109375 0.49270833333333336 0.078125 0.29375
0 0.57109375 0.5041666666666667 0.0703125 0.2625
0 0.48984375 0.5125 0.1171875 0.5166666666666667
0 0.000250244140625 0.0011458333333333333 0.00041259765625 0.0020833333333333333