0 0.3078125 0.4895833333333333 0.03125 0.11666666666666667
0 0.33671875 0.48854166666666665 0.0328125 0.11875
0 0.5671875 0.5052083333333334 0.071875 0.26458333333333334
0 0.4046875 0.490625 0.078125 0.29375
0 0.484375 0.515625 0.11875 0.5145833333333333
0 0 0.0010416666666666667 0 0.0020833333333333333
0 0.3078125 0.4895833333333333 0.03125 0.11666666666666667
0 0.33671875 0.48854166666666665 0.0328125 0.11875
0 0.5671875 0.5052083333333334 0.071875 0.26458333333333334
0 0.4046875 0.490625 0.078125 0.29375
0 0.484375 0.515625 0.11875 0.5145833333333333
0 0 0.0010416666666666667 0 0.0020833333333333333