0 0.30625 0.4875 0.03125 0.12083333333333333
0 0.334375 0.4864583333333333 0.03125 0.11875
0 0.56484375 0.50625 0.0703125 0.2625
0 0.40390625 0.48854166666666665 0.0765625 0.29375
0 0.48203125 0.5208333333333334 0.1171875 0.5166666666666667
0 0 0.0010416666666666667 0 0.0020833333333333333
0 0.25390625 0.4895833333333333 0.0578125 0.20833333333333334
0 0.30625 0.4875 0.03125 0.12083333333333333
0 0.334375 0.4864583333333333 0.03125 0.11875
0 0.56484375 0.50625 0.0703125 0.2625
0 0.40390625 0.48854166666666665 0.0765625 0.29375
0 0.48203125 0.5208333333333334 0.1171875 0.5166666666666667
0 0 0.0010416666666666667 0 0.0020833333333333333
0 0.25390625 0.4895833333333333 0.0578125 0.20833333333333334