0 0.13125 0.4708333333333333 0.171875 0.6041666666666666
0 0.3359375 0.484375 0.03125 0.12291666666666666
0 0.3078125 0.4864583333333333 0.03125 0.12291666666666666
0 0.25703125 0.4864583333333333 0.0546875 0.20625
0 0.56875 0.5041666666666667 0.071875 0.2625
0 0 0.0010416666666666667 0 0.0020833333333333333
0 0.40546875 0.490625 0.0765625 0.28958333333333336
0 0.4859375 0.5208333333333334 0.115625 0.5166666666666667
0 0.13125 0.4708333333333333 0.171875 0.6041666666666666
0 0.3359375 0.484375 0.03125 0.12291666666666666
0 0.3078125 0.4864583333333333 0.03125 0.12291666666666666
0 0.25703125 0.4864583333333333 0.0546875 0.20625
0 0.56875 0.5041666666666667 0.071875 0.2625
0 0 0.0010416666666666667 0 0.0020833333333333333
0 0.40546875 0.490625 0.0765625 0.28958333333333336
0 0.4859375 0.5208333333333334 0.115625 0.5166666666666667