0 0.13046875 0.509375 0.1734375 0.55625
0 0 0.0010416666666666667 0 0.0020833333333333333
0 0.31015625 0.48854166666666665 0.0328125 0.12291666666666666
0 0.33984375 0.48541666666666666 0.0328125 0.125
0 0.57265625 0.5052083333333334 0.0734375 0.26458333333333334
0 0.4078125 0.4947916666666667 0.078125 0.28958333333333336
0 0.4921875 0.5166666666666667 0.115625 0.5125
0 0.26171875 0.4864583333333333 0.0578125 0.20625
0 0.13046875 0.509375 0.1734375 0.55625
0 0 0.0010416666666666667 0 0.0020833333333333333
0 0.31015625 0.48854166666666665 0.0328125 0.12291666666666666
0 0.33984375 0.48541666666666666 0.0328125 0.125
0 0.57265625 0.5052083333333334 0.0734375 0.26458333333333334
0 0.4078125 0.4947916666666667 0.078125 0.28958333333333336
0 0.4921875 0.5166666666666667 0.115625 0.5125
0 0.26171875 0.4864583333333333 0.0578125 0.20625