0 0.32421875 0.496875 0.0328125 0.12291666666666666
0 0.22265625 0.5010416666666667 0.0359375 0.13541666666666666
0 0.3046875 0.4979166666666667 0.0375 0.13333333333333333
0 0.19296875 0.5020833333333333 0.0359375 0.1375
0 0.2609375 0.5020833333333333 0.0375 0.12916666666666668
0 0.66640625 0.49166666666666664 0.0515625 0.18333333333333332
0 0.3921875 0.49583333333333335 0.0375 0.12916666666666668
0 0.1609375 0.4979166666666667 0.04375 0.15833333333333333
0 0.4859375 0.49166666666666664 0.046875 0.14583333333333334
0 0.00142578125 0.0009939236111111112 0.0003125 0.0017013888888888888
0 0.76328125 0.5291666666666667 0.2140625 0.8041666666666667
0 0.78984375 0.5166666666666667 0.0359375 0.12083333333333333
0 0.3890625 0.490625 0.028125 0.09375
0 0.32421875 0.496875 0.0328125 0.12291666666666666
0 0.22265625 0.5010416666666667 0.0359375 0.13541666666666666
0 0.3046875 0.4979166666666667 0.0375 0.13333333333333333
0 0.19296875 0.5020833333333333 0.0359375 0.1375
0 0.2609375 0.5020833333333333 0.0375 0.12916666666666668
0 0.66640625 0.49166666666666664 0.0515625 0.18333333333333332
0 0.3921875 0.49583333333333335 0.0375 0.12916666666666668
0 0.1609375 0.4979166666666667 0.04375 0.15833333333333333
0 0.4859375 0.49166666666666664 0.046875 0.14583333333333334
0 0.00142578125 0.0009939236111111112 0.0003125 0.0017013888888888888
0 0.76328125 0.5291666666666667 0.2140625 0.8041666666666667
0 0.78984375 0.5166666666666667 0.0359375 0.12083333333333333
0 0.3890625 0.490625 0.028125 0.09375