0 0.3546875 0.49270833333333336 0.034375 0.12291666666666666
0 0.32578125 0.4947916666666667 0.0328125 0.12291666666666666
0 0.1390625 0.521875 0.16875 0.6020833333333333
0 0.58828125 0.50625 0.0734375 0.2625
0 0.2765625 0.49270833333333336 0.059375 0.20625
0 0.421875 0.4947916666666667 0.078125 0.28541666666666665
0 0.51015625 0.5145833333333333 0.1171875 0.5041666666666667
0 0.3546875 0.49270833333333336 0.034375 0.12291666666666666
0 0.32578125 0.4947916666666667 0.0328125 0.12291666666666666
0 0.1390625 0.521875 0.16875 0.6020833333333333
0 0.58828125 0.50625 0.0734375 0.2625
0 0.2765625 0.49270833333333336 0.059375 0.20625
0 0.421875 0.4947916666666667 0.078125 0.28541666666666665
0 0.51015625 0.5145833333333333 0.1171875 0.5041666666666667