0 0.36015625 0.4895833333333333 0.0328125 0.125
0 0.33203125 0.49166666666666664 0.0328125 0.125
0 0.5953125 0.5041666666666667 0.075 0.26666666666666666
0 0.28203125 0.49166666666666664 0.0578125 0.20833333333333334
0 0.428125 0.490625 0.078125 0.28125
0 0.51640625 0.5145833333333333 0.1171875 0.5041666666666667
0 0.1171875 0.5166666666666667 0.2 0.625
0 0.36015625 0.4895833333333333 0.0328125 0.125
0 0.33203125 0.49166666666666664 0.0328125 0.125
0 0.5953125 0.5041666666666667 0.075 0.26666666666666666
0 0.28203125 0.49166666666666664 0.0578125 0.20833333333333334
0 0.428125 0.490625 0.078125 0.28125
0 0.51640625 0.5145833333333333 0.1171875 0.5041666666666667
0 0.1171875 0.5166666666666667 0.2 0.625