0 0.36171875 0.4864583333333333 0.0328125 0.12708333333333333
0 0.33515625 0.4864583333333333 0.0328125 0.12708333333333333
0 0.59765625 0.503125 0.0765625 0.26458333333333334
0 0.28359375 0.4895833333333333 0.0578125 0.20416666666666666
0 0.43046875 0.48854166666666665 0.0796875 0.28125
0 0.521875 0.5145833333333333 0.115625 0.5041666666666667
0 0.109375 0.5072916666666667 0.209375 0.6479166666666667
0 0.36171875 0.4864583333333333 0.0328125 0.12708333333333333
0 0.33515625 0.4864583333333333 0.0328125 0.12708333333333333
0 0.59765625 0.503125 0.0765625 0.26458333333333334
0 0.28359375 0.4895833333333333 0.0578125 0.20416666666666666
0 0.43046875 0.48854166666666665 0.0796875 0.28125
0 0.521875 0.5145833333333333 0.115625 0.5041666666666667
0 0.109375 0.5072916666666667 0.209375 0.6479166666666667