0 0.365625 0.490625 0.034375 0.13125
0 0.33984375 0.49166666666666664 0.0328125 0.12916666666666668
0 0.60078125 0.509375 0.0734375 0.26458333333333334
0 0.4390625 0.4979166666666667 0.078125 0.275
0 0.1 0.5229166666666667 0.2 0.7125
0 0.2875 0.49583333333333335 0.059375 0.20416666666666666
0 0.52734375 0.5260416666666666 0.1171875 0.50625
0 0.41328125 0.5 0.0515625 0.20833333333333334
0 0.365625 0.490625 0.034375 0.13125
0 0.33984375 0.49166666666666664 0.0328125 0.12916666666666668
0 0.60078125 0.509375 0.0734375 0.26458333333333334
0 0.4390625 0.4979166666666667 0.078125 0.275
0 0.1 0.5229166666666667 0.2 0.7125
0 0.2875 0.49583333333333335 0.059375 0.20416666666666666
0 0.52734375 0.5260416666666666 0.1171875 0.50625
0 0.41328125 0.5 0.0515625 0.20833333333333334