0 0.41796875 0.496875 0.0515625 0.20625
0 0.37109375 0.48854166666666665 0.0328125 0.13125
0 0.34453125 0.490625 0.0328125 0.12708333333333333
0 0.60703125 0.5072916666666667 0.0734375 0.26458333333333334
0 0.44609375 0.49583333333333335 0.0765625 0.2708333333333333
0 0.09609375 0.5270833333333333 0.1921875 0.75
0 0.29453125 0.49270833333333336 0.0578125 0.20208333333333334
0 0.53203125 0.5229166666666667 0.1171875 0.5041666666666667
0 0.41796875 0.496875 0.0515625 0.20625
0 0.37109375 0.48854166666666665 0.0328125 0.13125
0 0.34453125 0.490625 0.0328125 0.12708333333333333
0 0.60703125 0.5072916666666667 0.0734375 0.26458333333333334
0 0.44609375 0.49583333333333335 0.0765625 0.2708333333333333
0 0.09609375 0.5270833333333333 0.1921875 0.75
0 0.29453125 0.49270833333333336 0.0578125 0.20208333333333334
0 0.53203125 0.5229166666666667 0.1171875 0.5041666666666667