0 0.42265625 0.5010416666666667 0.0515625 0.21041666666666667
0 0.3515625 0.4895833333333333 0.034375 0.12916666666666668
0 0.378125 0.48854166666666665 0.034375 0.13125
0 0.0890625 0.5375 0.178125 0.8041666666666667
0 0.61328125 0.5072916666666667 0.0734375 0.26458333333333334
0 0.4578125 0.49583333333333335 0.075 0.2708333333333333
0 0.3015625 0.49270833333333336 0.059375 0.20208333333333334
0 0.53984375 0.51875 0.1203125 0.5041666666666667
0 0.42265625 0.5010416666666667 0.0515625 0.21041666666666667
0 0.3515625 0.4895833333333333 0.034375 0.12916666666666668
0 0.378125 0.48854166666666665 0.034375 0.13125
0 0.0890625 0.5375 0.178125 0.8041666666666667
0 0.61328125 0.5072916666666667 0.0734375 0.26458333333333334
0 0.4578125 0.49583333333333335 0.075 0.2708333333333333
0 0.3015625 0.49270833333333336 0.059375 0.20208333333333334
0 0.53984375 0.51875 0.1203125 0.5041666666666667