0 0.4234375 0.5 0.053125 0.21666666666666667
0 0.35390625 0.49166666666666664 0.0359375 0.12916666666666668
0 0.38046875 0.4895833333333333 0.0359375 0.13333333333333333
0 0.08203125 0.53125 0.1640625 0.8291666666666667
0 0.61796875 0.5052083333333334 0.0703125 0.26458333333333334
0 0.46484375 0.49270833333333336 0.0734375 0.26875
0 0.54375 0.5177083333333333 0.11875 0.50625
0 0.3046875 0.49166666666666664 0.059375 0.2
0 0.4234375 0.5 0.053125 0.21666666666666667
0 0.35390625 0.49166666666666664 0.0359375 0.12916666666666668
0 0.38046875 0.4895833333333333 0.0359375 0.13333333333333333
0 0.08203125 0.53125 0.1640625 0.8291666666666667
0 0.61796875 0.5052083333333334 0.0703125 0.26458333333333334
0 0.46484375 0.49270833333333336 0.0734375 0.26875
0 0.54375 0.5177083333333333 0.11875 0.50625
0 0.3046875 0.49166666666666664 0.059375 0.2