0 0.0703125 0.5125 0.140625 0.8625
0 0.359375 0.49270833333333336 0.034375 0.13125
0 0.42734375 0.4979166666666667 0.0546875 0.225
0 0.38828125 0.490625 0.0359375 0.13541666666666666
0 0.62578125 0.50625 0.0734375 0.26666666666666666
0 0.47578125 0.490625 0.0734375 0.26875
0 0.55390625 0.5145833333333333 0.1203125 0.5041666666666667
0 0.3125 0.490625 0.059375 0.20208333333333334
0 0.0703125 0.5125 0.140625 0.8625
0 0.359375 0.49270833333333336 0.034375 0.13125
0 0.42734375 0.4979166666666667 0.0546875 0.225
0 0.38828125 0.490625 0.0359375 0.13541666666666666
0 0.62578125 0.50625 0.0734375 0.26666666666666666
0 0.47578125 0.490625 0.0734375 0.26875
0 0.55390625 0.5145833333333333 0.1203125 0.5041666666666667
0 0.3125 0.490625 0.059375 0.20208333333333334