0 0.06484375 0.5072916666666667 0.1296875 0.90625
0 0.3625 0.4947916666666667 0.034375 0.13125
0 0.3921875 0.49166666666666664 0.0375 0.1375
0 0.4296875 0.5 0.05625 0.22916666666666666
0 0.48203125 0.49270833333333336 0.0734375 0.26875
0 0.63046875 0.509375 0.0734375 0.26458333333333334
0 0.5578125 0.5166666666666667 0.115625 0.5
0 0.315625 0.49375 0.059375 0.2
0 0.06484375 0.5072916666666667 0.1296875 0.90625
0 0.3625 0.4947916666666667 0.034375 0.13125
0 0.3921875 0.49166666666666664 0.0375 0.1375
0 0.4296875 0.5 0.05625 0.22916666666666666
0 0.48203125 0.49270833333333336 0.0734375 0.26875
0 0.63046875 0.509375 0.0734375 0.26458333333333334
0 0.5578125 0.5166666666666667 0.115625 0.5
0 0.315625 0.49375 0.059375 0.2