0 0.40078125 0.49166666666666664 0.0359375 0.1375
0 0.36953125 0.49166666666666664 0.0359375 0.13333333333333333
0 0.63984375 0.5072916666666667 0.0734375 0.26875
0 0.43671875 0.4979166666666667 0.0609375 0.2375
0 0.49375 0.49270833333333336 0.071875 0.26875
0 0.56875 0.5166666666666667 0.115625 0.5041666666666667
0 0.3234375 0.49270833333333336 0.05625 0.20208333333333334
0 0.40078125 0.49166666666666664 0.0359375 0.1375
0 0.36953125 0.49166666666666664 0.0359375 0.13333333333333333
0 0.63984375 0.5072916666666667 0.0734375 0.26875
0 0.43671875 0.4979166666666667 0.0609375 0.2375
0 0.49375 0.49270833333333336 0.071875 0.26875
0 0.56875 0.5166666666666667 0.115625 0.5041666666666667
0 0.3234375 0.49270833333333336 0.05625 0.20208333333333334