0 0.21796875 0.4979166666666667 0.0359375 0.13333333333333333
0 0.32265625 0.49270833333333336 0.0328125 0.12291666666666666
0 0.00152587890625 0.0009657118055555556 0.0003125 0.0018793402777777777
0 0.18984375 0.5010416666666667 0.0359375 0.13541666666666666
0 0.303125 0.49375 0.0375 0.13333333333333333
0 0.26015625 0.5010416666666667 0.0390625 0.13541666666666666
0 0.38828125 0.490625 0.0390625 0.13125
0 0.66796875 0.4864583333333333 0.0546875 0.18541666666666667
0 0.48671875 0.4875 0.0484375 0.14583333333333334
0 0.15859375 0.49375 0.0453125 0.1625
0 0.8125 0.5229166666666667 0.246875 0.9
0 0.7875 0.51875 0.0375 0.12083333333333333
0 0.3875 0.490625 0.028125 0.09375
0 0.21796875 0.4979166666666667 0.0359375 0.13333333333333333
0 0.32265625 0.49270833333333336 0.0328125 0.12291666666666666
0 0.00152587890625 0.0009657118055555556 0.0003125 0.0018793402777777777
0 0.18984375 0.5010416666666667 0.0359375 0.13541666666666666
0 0.303125 0.49375 0.0375 0.13333333333333333
0 0.26015625 0.5010416666666667 0.0390625 0.13541666666666666
0 0.38828125 0.490625 0.0390625 0.13125
0 0.66796875 0.4864583333333333 0.0546875 0.18541666666666667
0 0.48671875 0.4875 0.0484375 0.14583333333333334
0 0.15859375 0.49375 0.0453125 0.1625
0 0.8125 0.5229166666666667 0.246875 0.9
0 0.7875 0.51875 0.0375 0.12083333333333333
0 0.3875 0.490625 0.028125 0.09375