0 0.40625 0.49166666666666664 0.034375 0.1375
0 0.37421875 0.49375 0.0359375 0.1375
0 0.64765625 0.509375 0.0734375 0.26458333333333334
0 0.4390625 0.5010416666666667 0.0625 0.23541666666666666
0 0.50078125 0.49583333333333335 0.0703125 0.26666666666666666
0 0.58046875 0.525 0.1203125 0.5083333333333333
0 0.328125 0.49583333333333335 0.05625 0.2
0 0.40625 0.49166666666666664 0.034375 0.1375
0 0.37421875 0.49375 0.0359375 0.1375
0 0.64765625 0.509375 0.0734375 0.26458333333333334
0 0.4390625 0.5010416666666667 0.0625 0.23541666666666666
0 0.50078125 0.49583333333333335 0.0703125 0.26666666666666666
0 0.58046875 0.525 0.1203125 0.5083333333333333
0 0.328125 0.49583333333333335 0.05625 0.2