0 0.4109375 0.4864583333333333 0.0375 0.13541666666666666
0 0.3765625 0.48854166666666665 0.0375 0.13958333333333334
0 0.653125 0.503125 0.071875 0.26875
0 0.440625 0.49895833333333334 0.0625 0.23958333333333334
0 0.50546875 0.49166666666666664 0.0703125 0.2625
0 0.58515625 0.521875 0.1171875 0.5104166666666666
0 0.3296875 0.49270833333333336 0.05625 0.19791666666666666
0 0.4109375 0.4864583333333333 0.0375 0.13541666666666666
0 0.3765625 0.48854166666666665 0.0375 0.13958333333333334
0 0.653125 0.503125 0.071875 0.26875
0 0.440625 0.49895833333333334 0.0625 0.23958333333333334
0 0.50546875 0.49166666666666664 0.0703125 0.2625
0 0.58515625 0.521875 0.1171875 0.5104166666666666
0 0.3296875 0.49270833333333336 0.05625 0.19791666666666666