0 0.37421875 0.4895833333333333 0.0390625 0.14166666666666666
0 0.6546875 0.5052083333333334 0.071875 0.26875
0 0.50859375 0.49270833333333336 0.0703125 0.2604166666666667
0 0.434375 0.5010416666666667 0.065625 0.24791666666666667
0 0.32734375 0.49270833333333336 0.0546875 0.20208333333333334
0 0.5875 0.5208333333333334 0.115625 0.5125
0 0.37421875 0.4895833333333333 0.0390625 0.14166666666666666
0 0.6546875 0.5052083333333334 0.071875 0.26875
0 0.50859375 0.49270833333333336 0.0703125 0.2604166666666667
0 0.434375 0.5010416666666667 0.065625 0.24791666666666667
0 0.32734375 0.49270833333333336 0.0546875 0.20208333333333334
0 0.5875 0.5208333333333334 0.115625 0.5125