0 0.3734375 0.49375 0.0375 0.14583333333333334
0 0.65546875 0.5072916666666667 0.0703125 0.26875
0 0.5078125 0.49375 0.071875 0.2625
0 0.4296875 0.5041666666666667 0.065625 0.25416666666666665
0 0.32578125 0.49375 0.0546875 0.2
0 0.5921875 0.5229166666666667 0.11875 0.5166666666666667
0 0.3734375 0.49375 0.0375 0.14583333333333334
0 0.65546875 0.5072916666666667 0.0703125 0.26875
0 0.5078125 0.49375 0.071875 0.2625
0 0.4296875 0.5041666666666667 0.065625 0.25416666666666665
0 0.32578125 0.49375 0.0546875 0.2
0 0.5921875 0.5229166666666667 0.11875 0.5166666666666667