0 0.371875 0.490625 0.040625 0.14791666666666667
0 0.509375 0.49166666666666664 0.075 0.2625
0 0.65859375 0.5052083333333334 0.0734375 0.27291666666666664
0 0.42265625 0.4979166666666667 0.0671875 0.275
0 0.32109375 0.4895833333333333 0.0609375 0.20416666666666666
0 0.5953125 0.5104166666666666 0.11875 0.5083333333333333
0 0.371875 0.490625 0.040625 0.14791666666666667
0 0.509375 0.49166666666666664 0.075 0.2625
0 0.65859375 0.5052083333333334 0.0734375 0.27291666666666664
0 0.42265625 0.4979166666666667 0.0671875 0.275
0 0.32109375 0.4895833333333333 0.0609375 0.20416666666666666
0 0.5953125 0.5104166666666666 0.11875 0.5083333333333333