0 0.36875 0.49166666666666664 0.040625 0.15
0 0.65703125 0.509375 0.0734375 0.27291666666666664
0 0.50703125 0.49583333333333335 0.0765625 0.25833333333333336
0 0.59609375 0.5166666666666667 0.1203125 0.5125
0 0.41640625 0.5010416666666667 0.0703125 0.28541666666666665
0 0.31640625 0.490625 0.0578125 0.20208333333333334
0 0.36875 0.49166666666666664 0.040625 0.15
0 0.65703125 0.509375 0.0734375 0.27291666666666664
0 0.50703125 0.49583333333333335 0.0765625 0.25833333333333336
0 0.59609375 0.5166666666666667 0.1203125 0.5125
0 0.41640625 0.5010416666666667 0.0703125 0.28541666666666665
0 0.31640625 0.490625 0.0578125 0.20208333333333334