0 0.36875 0.48854166666666665 0.040625 0.15208333333333332
0 0.5109375 0.49166666666666664 0.078125 0.25833333333333336
0 0.659375 0.5072916666666667 0.071875 0.26875
0 0.4140625 0.5010416666666667 0.071875 0.29375
0 0.3171875 0.4875 0.05625 0.20416666666666666
0 0.6 0.5177083333333333 0.121875 0.5145833333333333
0 0.36875 0.48854166666666665 0.040625 0.15208333333333332
0 0.5109375 0.49166666666666664 0.078125 0.25833333333333336
0 0.659375 0.5072916666666667 0.071875 0.26875
0 0.4140625 0.5010416666666667 0.071875 0.29375
0 0.3171875 0.4875 0.05625 0.20416666666666666
0 0.6 0.5177083333333333 0.121875 0.5145833333333333