0 0.37109375 0.4875 0.0390625 0.15416666666666667
0 0.6625 0.5052083333333334 0.071875 0.27291666666666664
0 0.51484375 0.49375 0.0765625 0.25833333333333336
0 0.603125 0.5208333333333334 0.121875 0.5166666666666667
0 0.4140625 0.503125 0.071875 0.3020833333333333
0 0.31953125 0.4895833333333333 0.0578125 0.2
0 0.37109375 0.4875 0.0390625 0.15416666666666667
0 0.6625 0.5052083333333334 0.071875 0.27291666666666664
0 0.51484375 0.49375 0.0765625 0.25833333333333336
0 0.603125 0.5208333333333334 0.121875 0.5166666666666667
0 0.4140625 0.503125 0.071875 0.3020833333333333
0 0.31953125 0.4895833333333333 0.0578125 0.2