0 0.37109375 0.4875 0.0421875 0.15416666666666667
0 0.6640625 0.5020833333333333 0.071875 0.275
0 0.51796875 0.4875 0.0765625 0.25416666666666665
0 0.60234375 0.5177083333333333 0.1203125 0.51875
0 0.3203125 0.4895833333333333 0.05625 0.2
0 0.41171875 0.5 0.0765625 0.3125
0 0.37109375 0.4875 0.0421875 0.15416666666666667
0 0.6640625 0.5020833333333333 0.071875 0.275
0 0.51796875 0.4875 0.0765625 0.25416666666666665
0 0.60234375 0.5177083333333333 0.1203125 0.51875
0 0.3203125 0.4895833333333333 0.05625 0.2
0 0.41171875 0.5 0.0765625 0.3125