0 0.3234375 0.49895833333333334 0.034375 0.12708333333333333
0 0.21875 0.5020833333333333 0.0375 0.1375
0 0.001573486328125 0.0009700520833333334 0.00033447265624999997 0.0019401041666666668
0 0.1890625 0.50625 0.0375 0.1375
0 0.30234375 0.5 0.0390625 0.1375
0 0.3859375 0.4947916666666667 0.040625 0.13125
0 0.26015625 0.5052083333333334 0.0390625 0.13541666666666666
0 0.66875 0.4895833333333333 0.05625 0.1875
0 0.4890625 0.49270833333333336 0.046875 0.14791666666666667
0 0.15859375 0.5 0.0453125 0.16666666666666666
0 0.0013171386718750001 0.0011111111111111111 0.00041748046875000005 0.001996527777777778
0 0.784375 0.5208333333333334 0.0375 0.12083333333333333
0 0.3875 0.490625 0.028125 0.09375
0 0.3234375 0.49895833333333334 0.034375 0.12708333333333333
0 0.21875 0.5020833333333333 0.0375 0.1375
0 0.001573486328125 0.0009700520833333334 0.00033447265624999997 0.0019401041666666668
0 0.1890625 0.50625 0.0375 0.1375
0 0.30234375 0.5 0.0390625 0.1375
0 0.3859375 0.4947916666666667 0.040625 0.13125
0 0.26015625 0.5052083333333334 0.0390625 0.13541666666666666
0 0.66875 0.4895833333333333 0.05625 0.1875
0 0.4890625 0.49270833333333336 0.046875 0.14791666666666667
0 0.15859375 0.5 0.0453125 0.16666666666666666
0 0.0013171386718750001 0.0011111111111111111 0.00041748046875000005 0.001996527777777778
0 0.784375 0.5208333333333334 0.0375 0.12083333333333333
0 0.3875 0.490625 0.028125 0.09375