0 0.36640625 0.4822916666666667 0.0390625 0.15625
0 0.66015625 0.5010416666666667 0.0734375 0.27291666666666664
0 0.51640625 0.48333333333333334 0.0734375 0.25416666666666665
0 0.31640625 0.4864583333333333 0.0546875 0.20208333333333334
0 0.5984375 0.5104166666666666 0.121875 0.5208333333333334
0 0.4015625 0.49583333333333335 0.08125 0.325
0 0.36640625 0.4822916666666667 0.0390625 0.15625
0 0.66015625 0.5010416666666667 0.0734375 0.27291666666666664
0 0.51640625 0.48333333333333334 0.0734375 0.25416666666666665
0 0.31640625 0.4864583333333333 0.0546875 0.20208333333333334
0 0.5984375 0.5104166666666666 0.121875 0.5208333333333334
0 0.4015625 0.49583333333333335 0.08125 0.325