0 0.66875 0.5052083333333334 0.078125 0.28125
0 0.30078125 0.49270833333333336 0.0546875 0.20208333333333334
0 0.5203125 0.4895833333333333 0.06875 0.25
0 0.3640625 0.5083333333333333 0.11875 0.42916666666666664
0 0.603125 0.525 0.128125 0.5416666666666666
0 0.4 0.48333333333333334 0.046875 0.18333333333333332
0 0.66875 0.5052083333333334 0.078125 0.28125
0 0.30078125 0.49270833333333336 0.0546875 0.20208333333333334
0 0.5203125 0.4895833333333333 0.06875 0.25
0 0.3640625 0.5083333333333333 0.11875 0.42916666666666664
0 0.603125 0.525 0.128125 0.5416666666666666
0 0.4 0.48333333333333334 0.046875 0.18333333333333332