0 0.39453125 0.49166666666666664 0.0453125 0.17916666666666667
0 0.29609375 0.49166666666666664 0.0546875 0.20416666666666666
0 0.665625 0.5072916666666667 0.078125 0.28125
0 0.5171875 0.4947916666666667 0.06875 0.2520833333333333
0 0.35390625 0.5114583333333333 0.1328125 0.45625
0 0.60390625 0.5166666666666667 0.1296875 0.5291666666666667
0 0.39453125 0.49166666666666664 0.0453125 0.17916666666666667
0 0.29609375 0.49166666666666664 0.0546875 0.20416666666666666
0 0.665625 0.5072916666666667 0.078125 0.28125
0 0.5171875 0.4947916666666667 0.06875 0.2520833333333333
0 0.35390625 0.5114583333333333 0.1328125 0.45625
0 0.60390625 0.5166666666666667 0.1296875 0.5291666666666667