0 0.39140625 0.4947916666666667 0.0453125 0.18125
0 0.665625 0.5135416666666667 0.078125 0.28125
0 0.51640625 0.5010416666666667 0.0671875 0.24791666666666667
0 0.34140625 0.5177083333333333 0.1390625 0.48125
0 0.59765625 0.5208333333333334 0.1234375 0.5291666666666667
0 0.29140625 0.49583333333333335 0.0546875 0.20416666666666666
0 0.39140625 0.4947916666666667 0.0453125 0.18125
0 0.665625 0.5135416666666667 0.078125 0.28125
0 0.51640625 0.5010416666666667 0.0671875 0.24791666666666667
0 0.34140625 0.5177083333333333 0.1390625 0.48125
0 0.59765625 0.5208333333333334 0.1234375 0.5291666666666667
0 0.29140625 0.49583333333333335 0.0546875 0.20416666666666666