0 0.21328125 0.5229166666666667 0.0390625 0.14166666666666666
0 0.18359375 0.5270833333333333 0.0359375 0.1375
0 0.7921875 0.525 0.04375 0.14166666666666666
0 0.32109375 0.5177083333333333 0.0359375 0.13125
0 0.38125 0.5135416666666667 0.040625 0.13125
0 0.25859375 0.525 0.0421875 0.14166666666666666
0 0.29765625 0.51875 0.0390625 0.14166666666666666
0 0.6671875 0.5083333333333333 0.05625 0.19166666666666668
0 0.48828125 0.5104166666666666 0.0484375 0.15
0 0.15390625 0.5197916666666667 0.0484375 0.16875
0 0.00139404296875 0.0011566840277777777 0.00044433593749999996 0.0021397569444444446
0 0.3875 0.48854166666666665 0.028125 0.09375
0 0.21328125 0.5229166666666667 0.0390625 0.14166666666666666
0 0.18359375 0.5270833333333333 0.0359375 0.1375
0 0.7921875 0.525 0.04375 0.14166666666666666
0 0.32109375 0.5177083333333333 0.0359375 0.13125
0 0.38125 0.5135416666666667 0.040625 0.13125
0 0.25859375 0.525 0.0421875 0.14166666666666666
0 0.29765625 0.51875 0.0390625 0.14166666666666666
0 0.6671875 0.5083333333333333 0.05625 0.19166666666666668
0 0.48828125 0.5104166666666666 0.0484375 0.15
0 0.15390625 0.5197916666666667 0.0484375 0.16875
0 0.00139404296875 0.0011566840277777777 0.00044433593749999996 0.0021397569444444446
0 0.3875 0.48854166666666665 0.028125 0.09375