0 0.39453125 0.490625 0.0484375 0.18541666666666667
0 0.66953125 0.5104166666666666 0.0765625 0.2833333333333333
0 0.5234375 0.4979166666666667 0.06875 0.24583333333333332
0 0.60234375 0.515625 0.1234375 0.5354166666666667
0 0.3375 0.5229166666666667 0.15 0.5166666666666667
0 0.28671875 0.5 0.0546875 0.20416666666666666
0 0.39453125 0.490625 0.0484375 0.18541666666666667
0 0.66953125 0.5104166666666666 0.0765625 0.2833333333333333
0 0.5234375 0.4979166666666667 0.06875 0.24583333333333332
0 0.60234375 0.515625 0.1234375 0.5354166666666667
0 0.3375 0.5229166666666667 0.15 0.5166666666666667
0 0.28671875 0.5 0.0546875 0.20416666666666666