0 0.396875 0.4895833333333333 0.05 0.19166666666666668
0 0.53125 0.496875 0.065625 0.24375
0 0.678125 0.5135416666666667 0.078125 0.28541666666666665
0 0.60703125 0.5302083333333333 0.1265625 0.54375
0 0.32578125 0.5260416666666666 0.1734375 0.5729166666666666
0 0.28828125 0.5 0.0546875 0.20416666666666666
0 0.396875 0.4895833333333333 0.05 0.19166666666666668
0 0.53125 0.496875 0.065625 0.24375
0 0.678125 0.5135416666666667 0.078125 0.28541666666666665
0 0.60703125 0.5302083333333333 0.1265625 0.54375
0 0.32578125 0.5260416666666666 0.1734375 0.5729166666666666
0 0.28828125 0.5 0.0546875 0.20416666666666666