0 0.4046875 0.48854166666666665 0.05 0.19791666666666666
0 0.540625 0.4947916666666667 0.0625 0.24791666666666667
0 0.6859375 0.5145833333333333 0.078125 0.2833333333333333
0 0.61328125 0.5302083333333333 0.1296875 0.5479166666666667
0 0.32109375 0.5208333333333334 0.1859375 0.6125
0 0.51015625 0.49895833333333334 0.0265625 0.09375
0 0.28828125 0.5010416666666667 0.0546875 0.20208333333333334
0 0.4046875 0.48854166666666665 0.05 0.19791666666666666
0 0.540625 0.4947916666666667 0.0625 0.24791666666666667
0 0.6859375 0.5145833333333333 0.078125 0.2833333333333333
0 0.61328125 0.5302083333333333 0.1296875 0.5479166666666667
0 0.32109375 0.5208333333333334 0.1859375 0.6125
0 0.51015625 0.49895833333333334 0.0265625 0.09375
0 0.28828125 0.5010416666666667 0.0546875 0.20208333333333334