0 0.515625 0.5 0.028125 0.09166666666666666
0 0.409375 0.49166666666666664 0.053125 0.2
0 0.5484375 0.49583333333333335 0.0625 0.24583333333333332
0 0.6921875 0.5135416666666667 0.078125 0.28541666666666665
0 0.61484375 0.53125 0.1265625 0.55
0 0.315625 0.5197916666666667 0.203125 0.6395833333333333
0 0.28828125 0.5010416666666667 0.0546875 0.20208333333333334
0 0.515625 0.5 0.028125 0.09166666666666666
0 0.409375 0.49166666666666664 0.053125 0.2
0 0.5484375 0.49583333333333335 0.0625 0.24583333333333332
0 0.6921875 0.5135416666666667 0.078125 0.28541666666666665
0 0.61484375 0.53125 0.1265625 0.55
0 0.315625 0.5197916666666667 0.203125 0.6395833333333333
0 0.28828125 0.5010416666666667 0.0546875 0.20208333333333334