0 0.5203125 0.49583333333333335 0.028125 0.09166666666666666
0 0.55703125 0.49375 0.0640625 0.24583333333333332
0 0.4140625 0.4875 0.053125 0.20833333333333334
0 0.7 0.5083333333333333 0.08125 0.2916666666666667
0 0.61953125 0.5166666666666667 0.1234375 0.5416666666666666
0 0.29453125 0.5375 0.2328125 0.725
0 0.28828125 0.5010416666666667 0.0546875 0.20208333333333334
0 0.5203125 0.49583333333333335 0.028125 0.09166666666666666
0 0.55703125 0.49375 0.0640625 0.24583333333333332
0 0.4140625 0.4875 0.053125 0.20833333333333334
0 0.7 0.5083333333333333 0.08125 0.2916666666666667
0 0.61953125 0.5166666666666667 0.1234375 0.5416666666666666
0 0.29453125 0.5375 0.2328125 0.725
0 0.28828125 0.5010416666666667 0.0546875 0.20208333333333334