0 0.52109375 0.49583333333333335 0.0265625 0.09166666666666666
0 0.55703125 0.49583333333333335 0.0609375 0.24583333333333332
0 0.41328125 0.4875 0.0515625 0.20833333333333334
0 0.7 0.5083333333333333 0.078125 0.2916666666666667
0 0.61796875 0.5135416666666667 0.1234375 0.5395833333333333
0 0.2796875 0.5416666666666666 0.259375 0.7625
0 0.365625 0.490625 0.05 0.20208333333333334
0 0.2890625 0.5020833333333333 0.05625 0.20416666666666666
0 0.52109375 0.49583333333333335 0.0265625 0.09166666666666666
0 0.55703125 0.49583333333333335 0.0609375 0.24583333333333332
0 0.41328125 0.4875 0.0515625 0.20833333333333334
0 0.7 0.5083333333333333 0.078125 0.2916666666666667
0 0.61796875 0.5135416666666667 0.1234375 0.5395833333333333
0 0.2796875 0.5416666666666666 0.259375 0.7625
0 0.365625 0.490625 0.05 0.20208333333333334
0 0.2890625 0.5020833333333333 0.05625 0.20416666666666666