0 0.51875 0.49583333333333335 0.028125 0.09583333333333334
0 0.36015625 0.49375 0.0546875 0.20833333333333334
0 0.5578125 0.5 0.059375 0.24166666666666667
0 0.4109375 0.49270833333333336 0.053125 0.21041666666666667
0 0.7015625 0.5145833333333333 0.08125 0.2916666666666667
0 0.6171875 0.521875 0.125 0.54375
0 0.259375 0.5635416666666667 0.271875 0.8479166666666667
0 0.2890625 0.5020833333333333 0.05625 0.20416666666666666
0 0.51875 0.49583333333333335 0.028125 0.09583333333333334
0 0.36015625 0.49375 0.0546875 0.20833333333333334
0 0.5578125 0.5 0.059375 0.24166666666666667
0 0.4109375 0.49270833333333336 0.053125 0.21041666666666667
0 0.7015625 0.5145833333333333 0.08125 0.2916666666666667
0 0.6171875 0.521875 0.125 0.54375
0 0.259375 0.5635416666666667 0.271875 0.8479166666666667
0 0.2890625 0.5020833333333333 0.05625 0.20416666666666666