0 0.51875 0.49583333333333335 0.028125 0.09583333333333334
0 0.55859375 0.49895833333333334 0.0609375 0.23958333333333334
0 0.36015625 0.49166666666666664 0.0546875 0.2125
0 0.41171875 0.490625 0.0546875 0.21458333333333332
0 0.703125 0.515625 0.08125 0.28958333333333336
0 0.6171875 0.5239583333333333 0.128125 0.5520833333333334
0 0.000355224609375 0.0011631944444444446 0.00047607421875 0.0019184027777777778
0 0.28984375 0.503125 0.0546875 0.20208333333333334
0 0.43984375 0.49270833333333336 0.0265625 0.08541666666666667
0 0.51875 0.49583333333333335 0.028125 0.09583333333333334
0 0.55859375 0.49895833333333334 0.0609375 0.23958333333333334
0 0.36015625 0.49166666666666664 0.0546875 0.2125
0 0.41171875 0.490625 0.0546875 0.21458333333333332
0 0.703125 0.515625 0.08125 0.28958333333333336
0 0.6171875 0.5239583333333333 0.128125 0.5520833333333334
0 0.000355224609375 0.0011631944444444446 0.00047607421875 0.0019184027777777778
0 0.28984375 0.503125 0.0546875 0.20208333333333334
0 0.43984375 0.49270833333333336 0.0265625 0.08541666666666667