0 0.29921875 0.48333333333333334 0.0578125 0.22083333333333333
0 0.4421875 0.4875 0.025 0.08333333333333333
0 0.52109375 0.4947916666666667 0.0265625 0.08958333333333333
0 0.56171875 0.49375 0.0609375 0.24166666666666667
0 0.70703125 0.5114583333333333 0.0796875 0.28958333333333336
0 0.41328125 0.4875 0.0578125 0.21666666666666667
0 0.3609375 0.4875 0.05625 0.2125
0 0.61953125 0.5260416666666666 0.1296875 0.5604166666666667
0 0.0003271484375 0.001134982638888889 0.0005078125 0.0020703125
0 0.29921875 0.48333333333333334 0.0578125 0.22083333333333333
0 0.4421875 0.4875 0.025 0.08333333333333333
0 0.52109375 0.4947916666666667 0.0265625 0.08958333333333333
0 0.56171875 0.49375 0.0609375 0.24166666666666667
0 0.70703125 0.5114583333333333 0.0796875 0.28958333333333336
0 0.41328125 0.4875 0.0578125 0.21666666666666667
0 0.3609375 0.4875 0.05625 0.2125
0 0.61953125 0.5260416666666666 0.1296875 0.5604166666666667
0 0.0003271484375 0.001134982638888889 0.0005078125 0.0020703125