0 0.20234375 0.5322916666666667 0.0390625 0.14375
0 0.7796875 0.5385416666666667 0.046875 0.15625
0 0.31171875 0.528125 0.0359375 0.13125
0 0.28671875 0.528125 0.0421875 0.14375
0 0.36875 0.528125 0.040625 0.12708333333333333
0 0.00147705078125 0.001171875 0.00047851562500000005 0.002265625
0 0.16875 0.5364583333333334 0.0375 0.13958333333333334
0 0.659375 0.5260416666666666 0.05625 0.19375
0 0.24609375 0.534375 0.0421875 0.14375
0 0.47890625 0.5260416666666666 0.0484375 0.15208333333333332
0 0.1390625 0.5291666666666667 0.046875 0.17083333333333334
0 0.84140625 0.5260416666666666 0.0390625 0.12708333333333333
0 0.3875 0.48854166666666665 0.028125 0.09375
0 0.20234375 0.5322916666666667 0.0390625 0.14375
0 0.7796875 0.5385416666666667 0.046875 0.15625
0 0.31171875 0.528125 0.0359375 0.13125
0 0.28671875 0.528125 0.0421875 0.14375
0 0.36875 0.528125 0.040625 0.12708333333333333
0 0.00147705078125 0.001171875 0.00047851562500000005 0.002265625
0 0.16875 0.5364583333333334 0.0375 0.13958333333333334
0 0.659375 0.5260416666666666 0.05625 0.19375
0 0.24609375 0.534375 0.0421875 0.14375
0 0.47890625 0.5260416666666666 0.0484375 0.15208333333333332
0 0.1390625 0.5291666666666667 0.046875 0.17083333333333334
0 0.84140625 0.5260416666666666 0.0390625 0.12708333333333333
0 0.3875 0.48854166666666665 0.028125 0.09375