0 0.565625 0.49583333333333335 0.065625 0.25
0 0.521875 0.49895833333333334 0.025 0.08958333333333333
0 0.44375 0.49270833333333336 0.025 0.08541666666666667
0 0 0.0010416666666666667 0 0.0020833333333333333
0 0.2984375 0.49166666666666664 0.05625 0.20833333333333334
0 0.359375 0.49270833333333336 0.059375 0.21875
0 0.4140625 0.4895833333333333 0.059375 0.225
0 0.7109375 0.515625 0.08125 0.29375
0 0.62109375 0.5375 0.1296875 0.5666666666666667
0 0.565625 0.49583333333333335 0.065625 0.25
0 0.521875 0.49895833333333334 0.025 0.08958333333333333
0 0.44375 0.49270833333333336 0.025 0.08541666666666667
0 0 0.0010416666666666667 0 0.0020833333333333333
0 0.2984375 0.49166666666666664 0.05625 0.20833333333333334
0 0.359375 0.49270833333333336 0.059375 0.21875
0 0.4140625 0.4895833333333333 0.059375 0.225
0 0.7109375 0.515625 0.08125 0.29375
0 0.62109375 0.5375 0.1296875 0.5666666666666667