0 0.4453125 0.490625 0.025 0.08541666666666667
0 0.52421875 0.4979166666666667 0.0265625 0.09166666666666666
0 0.56875 0.49375 0.06875 0.25416666666666665
0 0 0.0010416666666666667 0 0.0020833333333333333
0 0.36015625 0.49270833333333336 0.0578125 0.21875
0 0.415625 0.48854166666666665 0.059375 0.22708333333333333
0 0.71484375 0.5125 0.0828125 0.2916666666666667
0 0.62265625 0.5385416666666667 0.1296875 0.5729166666666666
0 0.2984375 0.49166666666666664 0.05625 0.20416666666666666
0 0.4453125 0.490625 0.025 0.08541666666666667
0 0.52421875 0.4979166666666667 0.0265625 0.09166666666666666
0 0.56875 0.49375 0.06875 0.25416666666666665
0 0 0.0010416666666666667 0 0.0020833333333333333
0 0.36015625 0.49270833333333336 0.0578125 0.21875
0 0.415625 0.48854166666666665 0.059375 0.22708333333333333
0 0.71484375 0.5125 0.0828125 0.2916666666666667
0 0.62265625 0.5385416666666667 0.1296875 0.5729166666666666
0 0.2984375 0.49166666666666664 0.05625 0.20416666666666666