0 0.578125 0.4947916666666667 0.06875 0.2604166666666667
0 0.45234375 0.49270833333333336 0.0265625 0.08541666666666667
0 0.53125 0.496875 0.028125 0.09375
0 0.36484375 0.49375 0.0609375 0.225
0 0.72421875 0.5114583333333333 0.0828125 0.29375
0 0.6296875 0.5291666666666667 0.13125 0.5666666666666667
0 0.42265625 0.48854166666666665 0.0640625 0.23541666666666666
0 0.3015625 0.49270833333333336 0.05625 0.20625
0 0 0.0010416666666666667 0 0.0020833333333333333
0 0.578125 0.4947916666666667 0.06875 0.2604166666666667
0 0.45234375 0.49270833333333336 0.0265625 0.08541666666666667
0 0.53125 0.496875 0.028125 0.09375
0 0.36484375 0.49375 0.0609375 0.225
0 0.72421875 0.5114583333333333 0.0828125 0.29375
0 0.6296875 0.5291666666666667 0.13125 0.5666666666666667
0 0.42265625 0.48854166666666665 0.0640625 0.23541666666666666
0 0.3015625 0.49270833333333336 0.05625 0.20625
0 0 0.0010416666666666667 0 0.0020833333333333333