0 0 0.0010416666666666667 0 0.0020833333333333333
0 0.5859375 0.49583333333333335 0.06875 0.25416666666666665
0 0.53671875 0.4947916666666667 0.0265625 0.08958333333333333
0 0.4578125 0.490625 0.025 0.08541666666666667
0 0.73203125 0.509375 0.0828125 0.29791666666666666
0 0.36796875 0.49166666666666664 0.0609375 0.22916666666666666
0 0.42578125 0.4875 0.0640625 0.2375
0 0.3046875 0.4895833333333333 0.05625 0.20416666666666666
0 0.634375 0.5197916666666667 0.134375 0.5520833333333334
0 0 0.0010416666666666667 0 0.0020833333333333333
0 0.5859375 0.49583333333333335 0.06875 0.25416666666666665
0 0.53671875 0.4947916666666667 0.0265625 0.08958333333333333
0 0.4578125 0.490625 0.025 0.08541666666666667
0 0.73203125 0.509375 0.0828125 0.29791666666666666
0 0.36796875 0.49166666666666664 0.0609375 0.22916666666666666
0 0.42578125 0.4875 0.0640625 0.2375
0 0.3046875 0.4895833333333333 0.05625 0.20416666666666666
0 0.634375 0.5197916666666667 0.134375 0.5520833333333334