0 0.46015625 0.4864583333333333 0.0265625 0.08958333333333333
0 0.5390625 0.49375 0.025 0.0875
0 0.36796875 0.4864583333333333 0.0640625 0.23541666666666666
0 0.30390625 0.4875 0.0578125 0.20416666666666666
0 0.7359375 0.5083333333333333 0.084375 0.29583333333333334
0 0.42734375 0.4864583333333333 0.0671875 0.24375
0 0.6375 0.5166666666666667 0.1375 0.5583333333333333
0 0.46015625 0.4864583333333333 0.0265625 0.08958333333333333
0 0.5390625 0.49375 0.025 0.0875
0 0.36796875 0.4864583333333333 0.0640625 0.23541666666666666
0 0.30390625 0.4875 0.0578125 0.20416666666666666
0 0.7359375 0.5083333333333333 0.084375 0.29583333333333334
0 0.42734375 0.4864583333333333 0.0671875 0.24375
0 0.6375 0.5166666666666667 0.1375 0.5583333333333333