0 0.5359375 0.49895833333333334 0.028125 0.08958333333333333
0 0.45625 0.49270833333333336 0.028125 0.08958333333333333
0 0.734375 0.51875 0.084375 0.2916666666666667
0 0.35859375 0.49166666666666664 0.0671875 0.24166666666666667
0 0.4203125 0.49375 0.06875 0.25
0 0.634375 0.5302083333333333 0.14375 0.5645833333333333
0 0.2984375 0.49166666666666664 0.059375 0.20416666666666666
0 0.5359375 0.49895833333333334 0.028125 0.08958333333333333
0 0.45625 0.49270833333333336 0.028125 0.08958333333333333
0 0.734375 0.51875 0.084375 0.2916666666666667
0 0.35859375 0.49166666666666664 0.0671875 0.24166666666666667
0 0.4203125 0.49375 0.06875 0.25
0 0.634375 0.5302083333333333 0.14375 0.5645833333333333
0 0.2984375 0.49166666666666664 0.059375 0.20416666666666666