0 0.5359375 0.4947916666666667 0.028125 0.09791666666666667
0 0.4578125 0.490625 0.028125 0.08958333333333333
0 0.359375 0.48854166666666665 0.06875 0.24791666666666667
0 0.73671875 0.5177083333333333 0.0828125 0.29375
0 0.4203125 0.4895833333333333 0.06875 0.25416666666666665
0 0.2984375 0.490625 0.059375 0.20208333333333334
0 0.6359375 0.53125 0.146875 0.5708333333333333
0 0.5359375 0.4947916666666667 0.028125 0.09791666666666667
0 0.4578125 0.490625 0.028125 0.08958333333333333
0 0.359375 0.48854166666666665 0.06875 0.24791666666666667
0 0.73671875 0.5177083333333333 0.0828125 0.29375
0 0.4203125 0.4895833333333333 0.06875 0.25416666666666665
0 0.2984375 0.490625 0.059375 0.20208333333333334
0 0.6359375 0.53125 0.146875 0.5708333333333333