0 0.5359375 0.4947916666666667 0.028125 0.09375
0 0.45703125 0.490625 0.0265625 0.08958333333333333
0 0.35703125 0.48854166666666665 0.0671875 0.2520833333333333
0 0.73671875 0.515625 0.0828125 0.29791666666666666
0 0.29609375 0.490625 0.0578125 0.20208333333333334
0 0.4171875 0.48854166666666665 0.071875 0.2604166666666667
0 0.6359375 0.5354166666666667 0.14375 0.5708333333333333
0 0.56640625 0.49583333333333335 0.0265625 0.09166666666666666
0 0.5359375 0.4947916666666667 0.028125 0.09375
0 0.45703125 0.490625 0.0265625 0.08958333333333333
0 0.35703125 0.48854166666666665 0.0671875 0.2520833333333333
0 0.73671875 0.515625 0.0828125 0.29791666666666666
0 0.29609375 0.490625 0.0578125 0.20208333333333334
0 0.4171875 0.48854166666666665 0.071875 0.2604166666666667
0 0.6359375 0.5354166666666667 0.14375 0.5708333333333333
0 0.56640625 0.49583333333333335 0.0265625 0.09166666666666666