0 0.5625 0.49895833333333334 0.028125 0.09375
0 0.5328125 0.49583333333333335 0.028125 0.09583333333333334
0 0.453125 0.49166666666666664 0.028125 0.09166666666666666
0 0.34765625 0.49375 0.0703125 0.2625
0 0.73359375 0.5135416666666667 0.0828125 0.29791666666666666
0 0.28671875 0.49270833333333336 0.0609375 0.20208333333333334
0 0.41015625 0.4864583333333333 0.0734375 0.27708333333333335
0 0.6296875 0.53125 0.14375 0.5666666666666667
0 0.5625 0.49895833333333334 0.028125 0.09375
0 0.5328125 0.49583333333333335 0.028125 0.09583333333333334
0 0.453125 0.49166666666666664 0.028125 0.09166666666666666
0 0.34765625 0.49375 0.0703125 0.2625
0 0.73359375 0.5135416666666667 0.0828125 0.29791666666666666
0 0.28671875 0.49270833333333336 0.0609375 0.20208333333333334
0 0.41015625 0.4864583333333333 0.0734375 0.27708333333333335
0 0.6296875 0.53125 0.14375 0.5666666666666667