0 0.0015625 0.0010416666666666667 0 0.0020833333333333333
0 0.30859375 0.5114583333333333 0.0359375 0.13125
0 0.1984375 0.5135416666666667 0.040625 0.14375
0 0.840625 0.515625 0.040625 0.13125
0 0.77578125 0.5333333333333333 0.0484375 0.14583333333333334
0 0.165625 0.5177083333333333 0.0375 0.14375
0 0.36484375 0.5104166666666666 0.0390625 0.12916666666666668
0 0.28515625 0.5114583333333333 0.0421875 0.14791666666666667
0 0.24453125 0.5177083333333333 0.0421875 0.14375
0 0.478125 0.5104166666666666 0.046875 0.15416666666666667
0 0.6578125 0.5135416666666667 0.05625 0.19375
0 0.13671875 0.5135416666666667 0.0484375 0.17291666666666666
0 0.3859375 0.48854166666666665 0.028125 0.09375
0 0.0015625 0.0010416666666666667 0 0.0020833333333333333
0 0.30859375 0.5114583333333333 0.0359375 0.13125
0 0.1984375 0.5135416666666667 0.040625 0.14375
0 0.840625 0.515625 0.040625 0.13125
0 0.77578125 0.5333333333333333 0.0484375 0.14583333333333334
0 0.165625 0.5177083333333333 0.0375 0.14375
0 0.36484375 0.5104166666666666 0.0390625 0.12916666666666668
0 0.28515625 0.5114583333333333 0.0421875 0.14791666666666667
0 0.24453125 0.5177083333333333 0.0421875 0.14375
0 0.478125 0.5104166666666666 0.046875 0.15416666666666667
0 0.6578125 0.5135416666666667 0.05625 0.19375
0 0.13671875 0.5135416666666667 0.0484375 0.17291666666666666
0 0.3859375 0.48854166666666665 0.028125 0.09375