0 0.56171875 0.496875 0.0265625 0.09375
0 0.5328125 0.49375 0.028125 0.09583333333333334
0 0.45234375 0.4895833333333333 0.0296875 0.09166666666666666
0 0.73359375 0.515625 0.0859375 0.29375
0 0.3453125 0.49270833333333336 0.06875 0.26458333333333334
0 0.28515625 0.490625 0.0578125 0.20208333333333334
0 0.4078125 0.48541666666666666 0.071875 0.2791666666666667
0 0.62890625 0.525 0.1421875 0.5625
0 0.56171875 0.496875 0.0265625 0.09375
0 0.5328125 0.49375 0.028125 0.09583333333333334
0 0.45234375 0.4895833333333333 0.0296875 0.09166666666666666
0 0.73359375 0.515625 0.0859375 0.29375
0 0.3453125 0.49270833333333336 0.06875 0.26458333333333334
0 0.28515625 0.490625 0.0578125 0.20208333333333334
0 0.4078125 0.48541666666666666 0.071875 0.2791666666666667
0 0.62890625 0.525 0.1421875 0.5625