0 0.56328125 0.496875 0.0265625 0.09375
0 0.53515625 0.4947916666666667 0.0265625 0.09375
0 0.45546875 0.49166666666666664 0.0296875 0.09166666666666666
0 0.7375 0.5145833333333333 0.084375 0.29583333333333334
0 0.3453125 0.49270833333333336 0.071875 0.27291666666666664
0 0.284375 0.49166666666666664 0.059375 0.2
0 0.6296875 0.521875 0.140625 0.5604166666666667
0 0.40703125 0.49166666666666664 0.0765625 0.2916666666666667
0 0.56328125 0.496875 0.0265625 0.09375
0 0.53515625 0.4947916666666667 0.0265625 0.09375
0 0.45546875 0.49166666666666664 0.0296875 0.09166666666666666
0 0.7375 0.5145833333333333 0.084375 0.29583333333333334
0 0.3453125 0.49270833333333336 0.071875 0.27291666666666664
0 0.284375 0.49166666666666664 0.059375 0.2
0 0.6296875 0.521875 0.140625 0.5604166666666667
0 0.40703125 0.49166666666666664 0.0765625 0.2916666666666667