0 0.56015625 0.4947916666666667 0.0265625 0.09375
0 0.5328125 0.4947916666666667 0.025 0.08958333333333333
0 0.45234375 0.48854166666666665 0.0296875 0.09375
0 0.7359375 0.5125 0.084375 0.29583333333333334
0 0.33984375 0.490625 0.0734375 0.28125
0 0.27734375 0.490625 0.0578125 0.20208333333333334
0 0.403125 0.4895833333333333 0.078125 0.29583333333333334
0 0.62734375 0.5208333333333334 0.1421875 0.5666666666666667
0 0.56015625 0.4947916666666667 0.0265625 0.09375
0 0.5328125 0.4947916666666667 0.025 0.08958333333333333
0 0.45234375 0.48854166666666665 0.0296875 0.09375
0 0.7359375 0.5125 0.084375 0.29583333333333334
0 0.33984375 0.490625 0.0734375 0.28125
0 0.27734375 0.490625 0.0578125 0.20208333333333334
0 0.403125 0.4895833333333333 0.078125 0.29583333333333334
0 0.62734375 0.5208333333333334 0.1421875 0.5666666666666667