0 0.55234375 0.49583333333333335 0.0265625 0.09583333333333334
0 0.5265625 0.49375 0.025 0.0875
0 0.44609375 0.4875 0.0296875 0.09583333333333334
0 0.7296875 0.5145833333333333 0.084375 0.29583333333333334
0 0.26640625 0.4895833333333333 0.0578125 0.2
0 0.32734375 0.48854166666666665 0.0765625 0.28958333333333336
0 0.39453125 0.490625 0.0796875 0.3020833333333333
0 0.62265625 0.528125 0.1421875 0.5729166666666666
0 0.55234375 0.49583333333333335 0.0265625 0.09583333333333334
0 0.5265625 0.49375 0.025 0.0875
0 0.44609375 0.4875 0.0296875 0.09583333333333334
0 0.7296875 0.5145833333333333 0.084375 0.29583333333333334
0 0.26640625 0.4895833333333333 0.0578125 0.2
0 0.32734375 0.48854166666666665 0.0765625 0.28958333333333336
0 0.39453125 0.490625 0.0796875 0.3020833333333333
0 0.62265625 0.528125 0.1421875 0.5729166666666666