0 0.5203125 0.5010416666666667 0.025 0.08541666666666667
0 0.5453125 0.5010416666666667 0.028125 0.09791666666666667
0 0.440625 0.49375 0.03125 0.09583333333333334
0 0.725 0.5208333333333334 0.084375 0.29583333333333334
0 0.31875 0.49375 0.08125 0.29583333333333334
0 0.38828125 0.49375 0.0828125 0.30833333333333335
0 0.2578125 0.4947916666666667 0.059375 0.20208333333333334
0 0.62109375 0.5395833333333333 0.1390625 0.5791666666666667
0 0.5203125 0.5010416666666667 0.025 0.08541666666666667
0 0.5453125 0.5010416666666667 0.028125 0.09791666666666667
0 0.440625 0.49375 0.03125 0.09583333333333334
0 0.725 0.5208333333333334 0.084375 0.29583333333333334
0 0.31875 0.49375 0.08125 0.29583333333333334
0 0.38828125 0.49375 0.0828125 0.30833333333333335
0 0.2578125 0.4947916666666667 0.059375 0.20208333333333334
0 0.62109375 0.5395833333333333 0.1390625 0.5791666666666667