0 0.52265625 0.4947916666666667 0.0265625 0.08541666666666667
0 0.5484375 0.49583333333333335 0.028125 0.09583333333333334
0 0.4421875 0.4875 0.03125 0.09583333333333334
0 0.73046875 0.5114583333333333 0.0828125 0.29791666666666666
0 0.2546875 0.49166666666666664 0.059375 0.2
0 0.315625 0.48854166666666665 0.08125 0.30625
0 0.3875 0.48541666666666666 0.0875 0.32083333333333336
0 0.625 0.5322916666666667 0.1375 0.5770833333333333
0 0.52265625 0.4947916666666667 0.0265625 0.08541666666666667
0 0.5484375 0.49583333333333335 0.028125 0.09583333333333334
0 0.4421875 0.4875 0.03125 0.09583333333333334
0 0.73046875 0.5114583333333333 0.0828125 0.29791666666666666
0 0.2546875 0.49166666666666664 0.059375 0.2
0 0.315625 0.48854166666666665 0.08125 0.30625
0 0.3875 0.48541666666666666 0.0875 0.32083333333333336
0 0.625 0.5322916666666667 0.1375 0.5770833333333333