0 0.521875 0.49375 0.025 0.0875
0 0.5484375 0.49583333333333335 0.028125 0.09583333333333334
0 0.4421875 0.48541666666666666 0.03125 0.1
0 0.73203125 0.509375 0.0859375 0.29791666666666666
0 0.25078125 0.49166666666666664 0.0578125 0.2
0 0.31328125 0.4895833333333333 0.0828125 0.3125
0 0.3859375 0.48333333333333334 0.0875 0.32916666666666666
0 0.62734375 0.5322916666666667 0.1390625 0.58125
0 0.521875 0.49375 0.025 0.0875
0 0.5484375 0.49583333333333335 0.028125 0.09583333333333334
0 0.4421875 0.48541666666666666 0.03125 0.1
0 0.73203125 0.509375 0.0859375 0.29791666666666666
0 0.25078125 0.49166666666666664 0.0578125 0.2
0 0.31328125 0.4895833333333333 0.0828125 0.3125
0 0.3859375 0.48333333333333334 0.0875 0.32916666666666666
0 0.62734375 0.5322916666666667 0.1390625 0.58125