0 0.521875 0.49270833333333336 0.025 0.08541666666666667
0 0.546875 0.49270833333333336 0.028125 0.09791666666666667
0 0.44140625 0.48333333333333334 0.0328125 0.1
0 0.73359375 0.509375 0.0828125 0.29791666666666666
0 0.24609375 0.4864583333333333 0.0578125 0.20208333333333334
0 0.309375 0.4875 0.0875 0.32083333333333336
0 0.63203125 0.5197916666666667 0.1390625 0.56875
0 0.3828125 0.4822916666666667 0.09375 0.33958333333333335
0 0.521875 0.49270833333333336 0.025 0.08541666666666667
0 0.546875 0.49270833333333336 0.028125 0.09791666666666667
0 0.44140625 0.48333333333333334 0.0328125 0.1
0 0.73359375 0.509375 0.0828125 0.29791666666666666
0 0.24609375 0.4864583333333333 0.0578125 0.20208333333333334
0 0.309375 0.4875 0.0875 0.32083333333333336
0 0.63203125 0.5197916666666667 0.1390625 0.56875
0 0.3828125 0.4822916666666667 0.09375 0.33958333333333335