0 0.52109375 0.490625 0.0265625 0.08958333333333333
0 0.43984375 0.48333333333333334 0.0328125 0.10416666666666667
0 0.54453125 0.49270833333333336 0.0265625 0.09791666666666667
0 0.734375 0.5125 0.084375 0.29583333333333334
0 0.24140625 0.48541666666666666 0.0546875 0.20416666666666666
0 0.3015625 0.4895833333333333 0.090625 0.32916666666666666
0 0.37734375 0.48333333333333334 0.0984375 0.35
0 0.63515625 0.51875 0.1421875 0.5708333333333333
0 0.52109375 0.490625 0.0265625 0.08958333333333333
0 0.43984375 0.48333333333333334 0.0328125 0.10416666666666667
0 0.54453125 0.49270833333333336 0.0265625 0.09791666666666667
0 0.734375 0.5125 0.084375 0.29583333333333334
0 0.24140625 0.48541666666666666 0.0546875 0.20416666666666666
0 0.3015625 0.4895833333333333 0.090625 0.32916666666666666
0 0.37734375 0.48333333333333334 0.0984375 0.35
0 0.63515625 0.51875 0.1421875 0.5708333333333333