0 0.525 0.48854166666666665 0.025 0.08958333333333333
0 0.4421875 0.48125 0.034375 0.10416666666666667
0 0.54765625 0.490625 0.0265625 0.09791666666666667
0 0.2421875 0.48125 0.05625 0.20416666666666666
0 0.7390625 0.5114583333333333 0.08125 0.29791666666666666
0 0.3 0.48854166666666665 0.090625 0.34375
0 0.64140625 0.5145833333333333 0.1390625 0.5708333333333333
0 0.37890625 0.484375 0.0984375 0.36041666666666666
0 0.525 0.48854166666666665 0.025 0.08958333333333333
0 0.4421875 0.48125 0.034375 0.10416666666666667
0 0.54765625 0.490625 0.0265625 0.09791666666666667
0 0.2421875 0.48125 0.05625 0.20416666666666666
0 0.7390625 0.5114583333333333 0.08125 0.29791666666666666
0 0.3 0.48854166666666665 0.090625 0.34375
0 0.64140625 0.5145833333333333 0.1390625 0.5708333333333333
0 0.37890625 0.484375 0.0984375 0.36041666666666666