0 0.5328125 0.48854166666666665 0.028125 0.09375
0 0.55703125 0.49270833333333336 0.0296875 0.10208333333333333
0 0.45 0.4864583333333333 0.034375 0.10208333333333333
0 0.24609375 0.48854166666666665 0.0546875 0.20208333333333334
0 0.7484375 0.5125 0.078125 0.3
0 0.2984375 0.490625 0.096875 0.36041666666666666
0 0.65390625 0.5239583333333333 0.1390625 0.5770833333333333
0 0.38203125 0.4895833333333333 0.1015625 0.375
0 0.5328125 0.48854166666666665 0.028125 0.09375
0 0.55703125 0.49270833333333336 0.0296875 0.10208333333333333
0 0.45 0.4864583333333333 0.034375 0.10208333333333333
0 0.24609375 0.48854166666666665 0.0546875 0.20208333333333334
0 0.7484375 0.5125 0.078125 0.3
0 0.2984375 0.490625 0.096875 0.36041666666666666
0 0.65390625 0.5239583333333333 0.1390625 0.5770833333333333
0 0.38203125 0.4895833333333333 0.1015625 0.375