0 0.53515625 0.490625 0.0265625 0.08541666666666667
0 0.55703125 0.49166666666666664 0.0296875 0.10416666666666667
0 0.45 0.48333333333333334 0.034375 0.10416666666666667
0 0.24453125 0.4875 0.0546875 0.2
0 0.75234375 0.509375 0.0796875 0.29791666666666666
0 0.65703125 0.5270833333333333 0.1421875 0.5791666666666667
0 0.29453125 0.48854166666666665 0.1015625 0.36875
0 0.38125 0.48541666666666666 0.103125 0.3875
0 0.53515625 0.490625 0.0265625 0.08541666666666667
0 0.55703125 0.49166666666666664 0.0296875 0.10416666666666667
0 0.45 0.48333333333333334 0.034375 0.10416666666666667
0 0.24453125 0.4875 0.0546875 0.2
0 0.75234375 0.509375 0.0796875 0.29791666666666666
0 0.65703125 0.5270833333333333 0.1421875 0.5791666666666667
0 0.29453125 0.48854166666666665 0.1015625 0.36875
0 0.38125 0.48541666666666666 0.103125 0.3875