0 0.534375 0.4895833333333333 0.025 0.09166666666666666
0 0.55703125 0.49375 0.0296875 0.10416666666666667
0 0.44921875 0.48541666666666666 0.0328125 0.10416666666666667
0 0.2421875 0.4895833333333333 0.053125 0.2
0 0.753125 0.509375 0.08125 0.29791666666666666
0 0.66015625 0.5302083333333333 0.1359375 0.58125
0 0.284375 0.48854166666666665 0.109375 0.38125
0 0.37578125 0.4864583333333333 0.1078125 0.40208333333333335
0 0.534375 0.4895833333333333 0.025 0.09166666666666666
0 0.55703125 0.49375 0.0296875 0.10416666666666667
0 0.44921875 0.48541666666666666 0.0328125 0.10416666666666667
0 0.2421875 0.4895833333333333 0.053125 0.2
0 0.753125 0.509375 0.08125 0.29791666666666666
0 0.66015625 0.5302083333333333 0.1359375 0.58125
0 0.284375 0.48854166666666665 0.109375 0.38125
0 0.37578125 0.4864583333333333 0.1078125 0.40208333333333335