0 0.2390625 0.4979166666666667 0.053125 0.2
0 0.5328125 0.5 0.025 0.08333333333333333
0 0.55546875 0.5020833333333333 0.0296875 0.10416666666666667
0 0.446875 0.49166666666666664 0.034375 0.10833333333333334
0 0.7515625 0.5177083333333333 0.08125 0.29791666666666666
0 0.65859375 0.5385416666666667 0.1296875 0.5854166666666667
0 0.2765625 0.49270833333333336 0.1125 0.39375
0 0.3703125 0.490625 0.1125 0.41458333333333336
0 0.2390625 0.4979166666666667 0.053125 0.2
0 0.5328125 0.5 0.025 0.08333333333333333
0 0.55546875 0.5020833333333333 0.0296875 0.10416666666666667
0 0.446875 0.49166666666666664 0.034375 0.10833333333333334
0 0.7515625 0.5177083333333333 0.08125 0.29791666666666666
0 0.65859375 0.5385416666666667 0.1296875 0.5854166666666667
0 0.2765625 0.49270833333333336 0.1125 0.39375
0 0.3703125 0.490625 0.1125 0.41458333333333336