0 0.5359375 0.4947916666666667 0.025 0.08541666666666667
0 0.2375 0.4864583333333333 0.05625 0.21458333333333332
0 0.559375 0.4979166666666667 0.028125 0.10416666666666667
0 0.45 0.4875 0.034375 0.10833333333333334
0 0.75859375 0.5135416666666667 0.0859375 0.3020833333333333
0 0.6671875 0.525 0.134375 0.575
0 0.27109375 0.49270833333333336 0.1171875 0.41458333333333336
0 0.36875 0.4875 0.11875 0.4375
0 0.5359375 0.4947916666666667 0.025 0.08541666666666667
0 0.2375 0.4864583333333333 0.05625 0.21458333333333332
0 0.559375 0.4979166666666667 0.028125 0.10416666666666667
0 0.45 0.4875 0.034375 0.10833333333333334
0 0.75859375 0.5135416666666667 0.0859375 0.3020833333333333
0 0.6671875 0.525 0.134375 0.575
0 0.27109375 0.49270833333333336 0.1171875 0.41458333333333336
0 0.36875 0.4875 0.11875 0.4375