0 0.2375 0.48333333333333334 0.05625 0.2125
0 0.534375 0.4947916666666667 0.025 0.08541666666666667
0 0.5578125 0.496875 0.03125 0.10625
0 0.4484375 0.4864583333333333 0.034375 0.10625
0 0.759375 0.5145833333333333 0.084375 0.30416666666666664
0 0.66875 0.521875 0.13125 0.5770833333333333
0 0.26328125 0.49166666666666664 0.1203125 0.425
0 0.36484375 0.4895833333333333 0.1234375 0.45416666666666666
0 0.2375 0.48333333333333334 0.05625 0.2125
0 0.534375 0.4947916666666667 0.025 0.08541666666666667
0 0.5578125 0.496875 0.03125 0.10625
0 0.4484375 0.4864583333333333 0.034375 0.10625
0 0.759375 0.5145833333333333 0.084375 0.30416666666666664
0 0.66875 0.521875 0.13125 0.5770833333333333
0 0.26328125 0.49166666666666664 0.1203125 0.425
0 0.36484375 0.4895833333333333 0.1234375 0.45416666666666666