0 0.228125 0.48125 0.05625 0.2125
0 0.53125 0.4979166666666667 0.025 0.08333333333333333
0 0.55390625 0.5 0.0296875 0.10833333333333334
0 0.4453125 0.4895833333333333 0.034375 0.10833333333333334
0 0.76015625 0.5197916666666667 0.0859375 0.3020833333333333
0 0.67109375 0.5260416666666666 0.1328125 0.5770833333333333
0 0.24921875 0.5 0.1234375 0.44583333333333336
0 0.359375 0.4947916666666667 0.128125 0.47708333333333336
0 0.61484375 0.49895833333333334 0.0609375 0.21875
0 0.228125 0.48125 0.05625 0.2125
0 0.53125 0.4979166666666667 0.025 0.08333333333333333
0 0.55390625 0.5 0.0296875 0.10833333333333334
0 0.4453125 0.4895833333333333 0.034375 0.10833333333333334
0 0.76015625 0.5197916666666667 0.0859375 0.3020833333333333
0 0.67109375 0.5260416666666666 0.1328125 0.5770833333333333
0 0.24921875 0.5 0.1234375 0.44583333333333336
0 0.359375 0.4947916666666667 0.128125 0.47708333333333336
0 0.61484375 0.49895833333333334 0.0609375 0.21875