0 0.6171875 0.5010416666666667 0.059375 0.21875
0 0.5328125 0.49583333333333335 0.025 0.0875
0 0.55625 0.5 0.03125 0.10833333333333334
0 0.44765625 0.4895833333333333 0.0359375 0.1125
0 0.7640625 0.5208333333333334 0.084375 0.30416666666666664
0 0.6765625 0.53125 0.134375 0.5833333333333334
0 0.24140625 0.5 0.1359375 0.4708333333333333
0 0.35859375 0.49895833333333334 0.1359375 0.5020833333333333
0 0.2265625 0.48125 0.05625 0.2125
0 0.6171875 0.5010416666666667 0.059375 0.21875
0 0.5328125 0.49583333333333335 0.025 0.0875
0 0.55625 0.5 0.03125 0.10833333333333334
0 0.44765625 0.4895833333333333 0.0359375 0.1125
0 0.7640625 0.5208333333333334 0.084375 0.30416666666666664
0 0.6765625 0.53125 0.134375 0.5833333333333334
0 0.24140625 0.5 0.1359375 0.4708333333333333
0 0.35859375 0.49895833333333334 0.1359375 0.5020833333333333
0 0.2265625 0.48125 0.05625 0.2125