0 0.5390625 0.4947916666666667 0.025 0.08541666666666667
0 0.6234375 0.49895833333333334 0.059375 0.21458333333333332
0 0.56171875 0.496875 0.0328125 0.11041666666666666
0 0.453125 0.4875 0.034375 0.1125
0 0.771875 0.5166666666666667 0.084375 0.30416666666666664
0 0.68515625 0.5322916666666667 0.1359375 0.5895833333333333
0 0.24296875 0.4947916666666667 0.1390625 0.48541666666666666
0 0.3625 0.49583333333333335 0.140625 0.5208333333333334
0 0.225 0.48125 0.05625 0.2125
0 0.5390625 0.4947916666666667 0.025 0.08541666666666667
0 0.6234375 0.49895833333333334 0.059375 0.21458333333333332
0 0.56171875 0.496875 0.0328125 0.11041666666666666
0 0.453125 0.4875 0.034375 0.1125
0 0.771875 0.5166666666666667 0.084375 0.30416666666666664
0 0.68515625 0.5322916666666667 0.1359375 0.5895833333333333
0 0.24296875 0.4947916666666667 0.1390625 0.48541666666666666
0 0.3625 0.49583333333333335 0.140625 0.5208333333333334
0 0.225 0.48125 0.05625 0.2125