0 0.63203125 0.4979166666666667 0.0578125 0.2125
0 0.54453125 0.490625 0.0234375 0.08541666666666667
0 0.5671875 0.49583333333333335 0.03125 0.1125
0 0.46015625 0.4864583333333333 0.0359375 0.11041666666666666
0 0.78046875 0.5114583333333333 0.0828125 0.30625
0 0.6953125 0.5375 0.1375 0.5958333333333333
0 0.2375 0.49270833333333336 0.146875 0.5145833333333333
0 0.36484375 0.49166666666666664 0.1484375 0.5541666666666667
0 0.2234375 0.48020833333333335 0.05625 0.21458333333333332
0 0.63203125 0.4979166666666667 0.0578125 0.2125
0 0.54453125 0.490625 0.0234375 0.08541666666666667
0 0.5671875 0.49583333333333335 0.03125 0.1125
0 0.46015625 0.4864583333333333 0.0359375 0.11041666666666666
0 0.78046875 0.5114583333333333 0.0828125 0.30625
0 0.6953125 0.5375 0.1375 0.5958333333333333
0 0.2375 0.49270833333333336 0.146875 0.5145833333333333
0 0.36484375 0.49166666666666664 0.1484375 0.5541666666666667
0 0.2234375 0.48020833333333335 0.05625 0.21458333333333332