0 0.1734375 0.521875 0.0375 0.14791666666666667
0 0.39296875 0.5125 0.0328125 0.1125
0 0.8609375 0.5010416666666667 0.040625 0.13125
0 0.20859375 0.5197916666666667 0.0421875 0.14791666666666667
0 0.78203125 0.5177083333333333 0.0484375 0.15625
0 0.29609375 0.515625 0.0421875 0.14791666666666667
0 0.371875 0.5104166666666666 0.0375 0.12916666666666668
0 0.32265625 0.5125 0.0390625 0.1375
0 0.49375 0.5041666666666667 0.046875 0.15833333333333333
0 0.6734375 0.5072916666666667 0.05625 0.20208333333333334
0 0.2578125 0.5208333333333334 0.040625 0.14583333333333334
0 0.14921875 0.51875 0.0484375 0.175
0 0.1734375 0.521875 0.0375 0.14791666666666667
0 0.39296875 0.5125 0.0328125 0.1125
0 0.8609375 0.5010416666666667 0.040625 0.13125
0 0.20859375 0.5197916666666667 0.0421875 0.14791666666666667
0 0.78203125 0.5177083333333333 0.0484375 0.15625
0 0.29609375 0.515625 0.0421875 0.14791666666666667
0 0.371875 0.5104166666666666 0.0375 0.12916666666666668
0 0.32265625 0.5125 0.0390625 0.1375
0 0.49375 0.5041666666666667 0.046875 0.15833333333333333
0 0.6734375 0.5072916666666667 0.05625 0.20208333333333334
0 0.2578125 0.5208333333333334 0.040625 0.14583333333333334
0 0.14921875 0.51875 0.0484375 0.175