0 0.54453125 0.4895833333333333 0.0234375 0.08333333333333333
0 0.5671875 0.49270833333333336 0.03125 0.11041666666666666
0 0.46015625 0.48333333333333334 0.0359375 0.1125
0 0.78046875 0.5083333333333333 0.0828125 0.30833333333333335
0 0.6953125 0.5364583333333334 0.140625 0.6020833333333333
0 0.23046875 0.4875 0.1515625 0.5333333333333333
0 0.3625 0.48541666666666666 0.153125 0.5791666666666667
0 0.63046875 0.5020833333333333 0.0578125 0.2125
0 0.221875 0.48020833333333335 0.05625 0.21458333333333332
0 0.54453125 0.4895833333333333 0.0234375 0.08333333333333333
0 0.5671875 0.49270833333333336 0.03125 0.11041666666666666
0 0.46015625 0.48333333333333334 0.0359375 0.1125
0 0.78046875 0.5083333333333333 0.0828125 0.30833333333333335
0 0.6953125 0.5364583333333334 0.140625 0.6020833333333333
0 0.23046875 0.4875 0.1515625 0.5333333333333333
0 0.3625 0.48541666666666666 0.153125 0.5791666666666667
0 0.63046875 0.5020833333333333 0.0578125 0.2125
0 0.221875 0.48020833333333335 0.05625 0.21458333333333332