0 0.628125 0.496875 0.05625 0.21041666666666667
0 0.56171875 0.4979166666666667 0.0328125 0.1125
0 0.45625 0.4875 0.0375 0.1125
0 0.7765625 0.515625 0.084375 0.3104166666666667
0 0.6984375 0.5322916666666667 0.1375 0.59375
0 0.2109375 0.490625 0.159375 0.5645833333333333
0 0.35078125 0.4864583333333333 0.1640625 0.6104166666666667
0 0.54140625 0.4947916666666667 0.0234375 0.08541666666666667
0 0.2203125 0.4791666666666667 0.05625 0.2125
0 0.628125 0.496875 0.05625 0.21041666666666667
0 0.56171875 0.4979166666666667 0.0328125 0.1125
0 0.45625 0.4875 0.0375 0.1125
0 0.7765625 0.515625 0.084375 0.3104166666666667
0 0.6984375 0.5322916666666667 0.1375 0.59375
0 0.2109375 0.490625 0.159375 0.5645833333333333
0 0.35078125 0.4864583333333333 0.1640625 0.6104166666666667
0 0.54140625 0.4947916666666667 0.0234375 0.08541666666666667
0 0.2203125 0.4791666666666667 0.05625 0.2125