0 0.62890625 0.4947916666666667 0.0546875 0.21041666666666667
0 0.56015625 0.49895833333333334 0.0328125 0.11458333333333333
0 0.45546875 0.48854166666666665 0.0359375 0.11458333333333333
0 0.7765625 0.5229166666666667 0.084375 0.30416666666666664
0 0.7015625 0.5270833333333333 0.1375 0.5833333333333334
0 0.1953125 0.49166666666666664 0.16875 0.5958333333333333
0 0.34140625 0.49375 0.1796875 0.65
0 0.5390625 0.49583333333333335 0.025 0.08333333333333333
0 0.21875 0.4791666666666667 0.05625 0.2125
0 0.62890625 0.4947916666666667 0.0546875 0.21041666666666667
0 0.56015625 0.49895833333333334 0.0328125 0.11458333333333333
0 0.45546875 0.48854166666666665 0.0359375 0.11458333333333333
0 0.7765625 0.5229166666666667 0.084375 0.30416666666666664
0 0.7015625 0.5270833333333333 0.1375 0.5833333333333334
0 0.1953125 0.49166666666666664 0.16875 0.5958333333333333
0 0.34140625 0.49375 0.1796875 0.65
0 0.5390625 0.49583333333333335 0.025 0.08333333333333333
0 0.21875 0.4791666666666667 0.05625 0.2125