0 0.6296875 0.48854166666666665 0.053125 0.21041666666666667
0 0.56015625 0.490625 0.0328125 0.11458333333333333
0 0.4546875 0.48020833333333335 0.0375 0.11875
0 0.77890625 0.5145833333333333 0.0828125 0.30833333333333335
0 0.70859375 0.5177083333333333 0.1359375 0.5895833333333333
0 0.16171875 0.4947916666666667 0.2046875 0.6479166666666667
0 0.321875 0.49166666666666664 0.20625 0.7083333333333334
0 0.66171875 0.50625 0.0796875 0.3
0 0.5375 0.490625 0.025 0.08541666666666667
0 0.2171875 0.4791666666666667 0.05625 0.2125
0 0.6296875 0.48854166666666665 0.053125 0.21041666666666667
0 0.56015625 0.490625 0.0328125 0.11458333333333333
0 0.4546875 0.48020833333333335 0.0375 0.11875
0 0.77890625 0.5145833333333333 0.0828125 0.30833333333333335
0 0.70859375 0.5177083333333333 0.1359375 0.5895833333333333
0 0.16171875 0.4947916666666667 0.2046875 0.6479166666666667
0 0.321875 0.49166666666666664 0.20625 0.7083333333333334
0 0.66171875 0.50625 0.0796875 0.3
0 0.5375 0.490625 0.025 0.08541666666666667
0 0.2171875 0.4791666666666667 0.05625 0.2125