0 0.66328125 0.50625 0.0765625 0.30416666666666664
0 0.6296875 0.490625 0.053125 0.21041666666666667
0 0.7796875 0.5145833333333333 0.08125 0.30833333333333335
0 0.559375 0.490625 0.034375 0.11875
0 0.45390625 0.4822916666666667 0.0390625 0.11458333333333333
0 0.709375 0.5229166666666667 0.1375 0.5916666666666667
0 0.14296875 0.5 0.2171875 0.6833333333333333
0 0.31328125 0.49895833333333334 0.2140625 0.7479166666666667
0 0.53515625 0.49270833333333336 0.0234375 0.08541666666666667
0 0.215625 0.4791666666666667 0.05625 0.2125
0 0.66328125 0.50625 0.0765625 0.30416666666666664
0 0.6296875 0.490625 0.053125 0.21041666666666667
0 0.7796875 0.5145833333333333 0.08125 0.30833333333333335
0 0.559375 0.490625 0.034375 0.11875
0 0.45390625 0.4822916666666667 0.0390625 0.11458333333333333
0 0.709375 0.5229166666666667 0.1375 0.5916666666666667
0 0.14296875 0.5 0.2171875 0.6833333333333333
0 0.31328125 0.49895833333333334 0.2140625 0.7479166666666667
0 0.53515625 0.49270833333333336 0.0234375 0.08541666666666667
0 0.215625 0.4791666666666667 0.05625 0.2125