0 0.53203125 0.49375 0.0234375 0.08333333333333333
0 0.20703125 0.48333333333333334 0.0515625 0.20416666666666666
0 0.66328125 0.5135416666666667 0.0796875 0.30625
0 0.6265625 0.49895833333333334 0.053125 0.21041666666666667
0 0.77421875 0.5229166666666667 0.0796875 0.30833333333333335
0 0.55546875 0.49895833333333334 0.0359375 0.11875
0 0.45 0.48854166666666665 0.040625 0.11875
0 0.71015625 0.5375 0.1359375 0.5958333333333333
0 0.11796875 0.5114583333333333 0.2203125 0.7520833333333333
0 0.29296875 0.5114583333333333 0.2234375 0.81875
0 0.53203125 0.49375 0.0234375 0.08333333333333333
0 0.20703125 0.48333333333333334 0.0515625 0.20416666666666666
0 0.66328125 0.5135416666666667 0.0796875 0.30625
0 0.6265625 0.49895833333333334 0.053125 0.21041666666666667
0 0.77421875 0.5229166666666667 0.0796875 0.30833333333333335
0 0.55546875 0.49895833333333334 0.0359375 0.11875
0 0.45 0.48854166666666665 0.040625 0.11875
0 0.71015625 0.5375 0.1359375 0.5958333333333333
0 0.11796875 0.5114583333333333 0.2203125 0.7520833333333333
0 0.29296875 0.5114583333333333 0.2234375 0.81875