0 0.66796875 0.5083333333333333 0.0828125 0.3125
0 0.62578125 0.49270833333333336 0.0515625 0.20625
0 0.4484375 0.484375 0.040625 0.11875
0 0.5546875 0.49375 0.0375 0.12083333333333333
0 0.7765625 0.5135416666666667 0.08125 0.30625
0 0.71015625 0.5364583333333334 0.1328125 0.5979166666666667
0 0.09765625 0.5052083333333334 0.1953125 0.8145833333333333
0 0.2765625 0.5 0.240625 0.8833333333333333
0 0.53125 0.49166666666666664 0.025 0.08333333333333333
0 0.66796875 0.5083333333333333 0.0828125 0.3125
0 0.62578125 0.49270833333333336 0.0515625 0.20625
0 0.4484375 0.484375 0.040625 0.11875
0 0.5546875 0.49375 0.0375 0.12083333333333333
0 0.7765625 0.5135416666666667 0.08125 0.30625
0 0.71015625 0.5364583333333334 0.1328125 0.5979166666666667
0 0.09765625 0.5052083333333334 0.1953125 0.8145833333333333
0 0.2765625 0.5 0.240625 0.8833333333333333
0 0.53125 0.49166666666666664 0.025 0.08333333333333333