0 0.62421875 0.4947916666666667 0.0546875 0.20625
0 0.55390625 0.4979166666666667 0.0359375 0.12083333333333333
0 0.44609375 0.4875 0.0421875 0.12083333333333333
0 0.775 0.5145833333333333 0.084375 0.30416666666666664
0 0.0859375 0.4979166666666667 0.171875 0.8583333333333333
0 0.709375 0.540625 0.134375 0.6020833333333333
0 0.25625 0.4947916666666667 0.25625 0.94375
0 0.5296875 0.49375 0.025 0.08333333333333333
0 0.66484375 0.5114583333333333 0.0828125 0.3145833333333333
0 0.62421875 0.4947916666666667 0.0546875 0.20625
0 0.55390625 0.4979166666666667 0.0359375 0.12083333333333333
0 0.44609375 0.4875 0.0421875 0.12083333333333333
0 0.775 0.5145833333333333 0.084375 0.30416666666666664
0 0.0859375 0.4979166666666667 0.171875 0.8583333333333333
0 0.709375 0.540625 0.134375 0.6020833333333333
0 0.25625 0.4947916666666667 0.25625 0.94375
0 0.5296875 0.49375 0.025 0.08333333333333333
0 0.66484375 0.5114583333333333 0.0828125 0.3145833333333333