0 0.5234375 0.49166666666666664 0.025 0.07916666666666666
0 0.0625 0.48854166666666665 0.125 0.9229166666666667
0 0.5484375 0.496875 0.034375 0.12291666666666666
0 0.61875 0.490625 0.053125 0.20625
0 0.76953125 0.515625 0.0828125 0.30625
0 0.43984375 0.4864583333333333 0.0421875 0.12291666666666666
0 0.703125 0.53125 0.134375 0.5958333333333333
0 0 0.0010416666666666667 0 0.0020833333333333333
0 0.65859375 0.51875 0.0828125 0.3125
0 0.5234375 0.49166666666666664 0.025 0.07916666666666666
0 0.0625 0.48854166666666665 0.125 0.9229166666666667
0 0.5484375 0.496875 0.034375 0.12291666666666666
0 0.61875 0.490625 0.053125 0.20625
0 0.76953125 0.515625 0.0828125 0.30625
0 0.43984375 0.4864583333333333 0.0421875 0.12291666666666666
0 0.703125 0.53125 0.134375 0.5958333333333333
0 0 0.0010416666666666667 0 0.0020833333333333333
0 0.65859375 0.51875 0.0828125 0.3125