0 0.203125 0.5072916666666667 0.04375 0.14791666666666667
0 0.3890625 0.5 0.034375 0.11666666666666667
0 0.8609375 0.4875 0.040625 0.13333333333333333
0 0.32265625 0.5 0.0390625 0.14166666666666666
0 0.775 0.50625 0.053125 0.15833333333333333
0 0.365625 0.49895833333333334 0.0375 0.12708333333333333
0 0.29453125 0.5041666666666667 0.0421875 0.15
0 0.4921875 0.490625 0.046875 0.16041666666666668
0 0.25390625 0.509375 0.0421875 0.14791666666666667
0 0.671875 0.4947916666666667 0.059375 0.20625
0 0.14453125 0.5020833333333333 0.0484375 0.17916666666666667
0 0.80546875 0.48020833333333335 0.0453125 0.14791666666666667
0 0.265625 0.49583333333333335 0.03125 0.125
0 0.203125 0.5072916666666667 0.04375 0.14791666666666667
0 0.3890625 0.5 0.034375 0.11666666666666667
0 0.8609375 0.4875 0.040625 0.13333333333333333
0 0.32265625 0.5 0.0390625 0.14166666666666666
0 0.775 0.50625 0.053125 0.15833333333333333
0 0.365625 0.49895833333333334 0.0375 0.12708333333333333
0 0.29453125 0.5041666666666667 0.0421875 0.15
0 0.4921875 0.490625 0.046875 0.16041666666666668
0 0.25390625 0.509375 0.0421875 0.14791666666666667
0 0.671875 0.4947916666666667 0.059375 0.20625
0 0.14453125 0.5020833333333333 0.0484375 0.17916666666666667
0 0.80546875 0.48020833333333335 0.0453125 0.14791666666666667
0 0.265625 0.49583333333333335 0.03125 0.125