0 0.60625 0.49583333333333335 0.05625 0.20833333333333334
0 0.534375 0.496875 0.0375 0.12708333333333333
0 0.76015625 0.5197916666666667 0.0796875 0.3104166666666667
0 0.42421875 0.4864583333333333 0.0421875 0.12291666666666666
0 0.6890625 0.525 0.1375 0.5875
0 0 0.0010416666666666667 0 0.0020833333333333333
0 0.5125 0.49270833333333336 0.025 0.08125
0 0.64921875 0.5083333333333333 0.0828125 0.3125
0 0.60625 0.49583333333333335 0.05625 0.20833333333333334
0 0.534375 0.496875 0.0375 0.12708333333333333
0 0.76015625 0.5197916666666667 0.0796875 0.3104166666666667
0 0.42421875 0.4864583333333333 0.0421875 0.12291666666666666
0 0.6890625 0.525 0.1375 0.5875
0 0 0.0010416666666666667 0 0.0020833333333333333
0 0.5125 0.49270833333333336 0.025 0.08125
0 0.64921875 0.5083333333333333 0.0828125 0.3125