0 0.5296875 0.4947916666666667 0.0375 0.12708333333333333
0 0.603125 0.49375 0.05625 0.20416666666666666
0 0.41953125 0.484375 0.0421875 0.12708333333333333
0 0.75703125 0.515625 0.0828125 0.30625
0 0 0.0010416666666666667 0 0.0020833333333333333
0 0.6859375 0.525 0.140625 0.5958333333333333
0 0.5078125 0.490625 0.025 0.08125
0 0.64765625 0.50625 0.0828125 0.3125
0 0.5296875 0.4947916666666667 0.0375 0.12708333333333333
0 0.603125 0.49375 0.05625 0.20416666666666666
0 0.41953125 0.484375 0.0421875 0.12708333333333333
0 0.75703125 0.515625 0.0828125 0.30625
0 0 0.0010416666666666667 0 0.0020833333333333333
0 0.6859375 0.525 0.140625 0.5958333333333333
0 0.5078125 0.490625 0.025 0.08125
0 0.64765625 0.50625 0.0828125 0.3125