0 0.49921875 0.4864583333333333 0.0265625 0.08125
0 0 0.0010416666666666667 0 0.0020833333333333333
0 0.75625 0.5125 0.084375 0.30416666666666664
0 0.6 0.49270833333333336 0.05625 0.20208333333333334
0 0.52578125 0.49166666666666664 0.0390625 0.12916666666666668
0 0.68671875 0.5302083333333333 0.1390625 0.60625
0 0.415625 0.48125 0.04375 0.12916666666666668
0 0.64609375 0.5041666666666667 0.0828125 0.3125
0 0.49921875 0.4864583333333333 0.0265625 0.08125
0 0 0.0010416666666666667 0 0.0020833333333333333
0 0.75625 0.5125 0.084375 0.30416666666666664
0 0.6 0.49270833333333336 0.05625 0.20208333333333334
0 0.52578125 0.49166666666666664 0.0390625 0.12916666666666668
0 0.68671875 0.5302083333333333 0.1390625 0.60625
0 0.415625 0.48125 0.04375 0.12916666666666668
0 0.64609375 0.5041666666666667 0.0828125 0.3125