0 0 0.0010416666666666667 0 0.0020833333333333333
0 0.4953125 0.490625 0.025 0.08125
0 0.64765625 0.509375 0.0796875 0.30625
0 0.59765625 0.496875 0.0546875 0.20208333333333334
0 0.521875 0.49583333333333335 0.040625 0.12916666666666668
0 0.753125 0.515625 0.084375 0.30625
0 0.6890625 0.5385416666666667 0.134375 0.60625
0 0.4125 0.484375 0.04375 0.12708333333333333
0 0.15703125 0.4666666666666667 0.0640625 0.22916666666666666
0 0 0.0010416666666666667 0 0.0020833333333333333
0 0.4953125 0.490625 0.025 0.08125
0 0.64765625 0.509375 0.0796875 0.30625
0 0.59765625 0.496875 0.0546875 0.20208333333333334
0 0.521875 0.49583333333333335 0.040625 0.12916666666666668
0 0.753125 0.515625 0.084375 0.30625
0 0.6890625 0.5385416666666667 0.134375 0.60625
0 0.4125 0.484375 0.04375 0.12708333333333333
0 0.15703125 0.4666666666666667 0.0640625 0.22916666666666666