0 0.4984375 0.48541666666666666 0.025 0.08333333333333333
0 0.6515625 0.503125 0.08125 0.30625
0 0.52578125 0.49270833333333336 0.0390625 0.13125
0 0.603125 0.4875 0.053125 0.20416666666666666
0 0.7609375 0.5114583333333333 0.090625 0.3104166666666667
0 0.41796875 0.48020833333333335 0.0421875 0.13125
0 0.69765625 0.5375 0.1328125 0.6125
0 0.16015625 0.47291666666666665 0.0640625 0.2125
0 0.4984375 0.48541666666666666 0.025 0.08333333333333333
0 0.6515625 0.503125 0.08125 0.30625
0 0.52578125 0.49270833333333336 0.0390625 0.13125
0 0.603125 0.4875 0.053125 0.20416666666666666
0 0.7609375 0.5114583333333333 0.090625 0.3104166666666667
0 0.41796875 0.48020833333333335 0.0421875 0.13125
0 0.69765625 0.5375 0.1328125 0.6125
0 0.16015625 0.47291666666666665 0.0640625 0.2125