0 0.5078125 0.4875 0.025 0.08333333333333333
0 0.66640625 0.5041666666666667 0.0890625 0.3125
0 0.61875 0.4875 0.053125 0.20833333333333334
0 0.7765625 0.5197916666666667 0.084375 0.30625
0 0.5359375 0.496875 0.040625 0.13541666666666666
0 0.1703125 0.48125 0.0625 0.20833333333333334
0 0.43046875 0.48541666666666666 0.0453125 0.13333333333333333
0 0.7140625 0.525 0.134375 0.6
0 0.5078125 0.4875 0.025 0.08333333333333333
0 0.66640625 0.5041666666666667 0.0890625 0.3125
0 0.61875 0.4875 0.053125 0.20833333333333334
0 0.7765625 0.5197916666666667 0.084375 0.30625
0 0.5359375 0.496875 0.040625 0.13541666666666666
0 0.1703125 0.48125 0.0625 0.20833333333333334
0 0.43046875 0.48541666666666666 0.0453125 0.13333333333333333
0 0.7140625 0.525 0.134375 0.6