0 0.5109375 0.484375 0.025 0.08125
0 0.66953125 0.5010416666666667 0.0859375 0.3145833333333333
0 0.621875 0.48854166666666665 0.053125 0.20208333333333334
0 0.7828125 0.515625 0.084375 0.3104166666666667
0 0.5390625 0.49166666666666664 0.040625 0.1375
0 0.17421875 0.475 0.0640625 0.20833333333333334
0 0.43515625 0.48125 0.0453125 0.1375
0 0.72265625 0.521875 0.1390625 0.6020833333333333
0 0.5109375 0.484375 0.025 0.08125
0 0.66953125 0.5010416666666667 0.0859375 0.3145833333333333
0 0.621875 0.48854166666666665 0.053125 0.20208333333333334
0 0.7828125 0.515625 0.084375 0.3104166666666667
0 0.5390625 0.49166666666666664 0.040625 0.1375
0 0.17421875 0.475 0.0640625 0.20833333333333334
0 0.43515625 0.48125 0.0453125 0.1375
0 0.72265625 0.521875 0.1390625 0.6020833333333333