0 0.51015625 0.490625 0.0234375 0.08125
0 0.78203125 0.5166666666666667 0.0828125 0.32083333333333336
0 0.671875 0.5083333333333333 0.084375 0.31666666666666665
0 0.621875 0.496875 0.053125 0.20208333333333334
0 0.53828125 0.4979166666666667 0.0421875 0.14166666666666666
0 0.434375 0.484375 0.046875 0.13541666666666666
0 0.1734375 0.478125 0.065625 0.21041666666666667
0 0.725 0.528125 0.140625 0.60625
0 0.51015625 0.490625 0.0234375 0.08125
0 0.78203125 0.5166666666666667 0.0828125 0.32083333333333336
0 0.671875 0.5083333333333333 0.084375 0.31666666666666665
0 0.621875 0.496875 0.053125 0.20208333333333334
0 0.53828125 0.4979166666666667 0.0421875 0.14166666666666666
0 0.434375 0.484375 0.046875 0.13541666666666666
0 0.1734375 0.478125 0.065625 0.21041666666666667
0 0.725 0.528125 0.140625 0.60625