0 0.78515625 0.5166666666666667 0.0765625 0.31666666666666665
0 0.6265625 0.496875 0.053125 0.20208333333333334
0 0.6796875 0.509375 0.08125 0.3145833333333333
0 0.175 0.4739583333333333 0.0625 0.21041666666666667
0 0.54296875 0.496875 0.0421875 0.14375
0 0.43828125 0.48541666666666666 0.0484375 0.14166666666666666
0 0.73046875 0.5354166666666667 0.1453125 0.6208333333333333
0 0.5125 0.4895833333333333 0.025 0.07916666666666666
0 0.78515625 0.5166666666666667 0.0765625 0.31666666666666665
0 0.6265625 0.496875 0.053125 0.20208333333333334
0 0.6796875 0.509375 0.08125 0.3145833333333333
0 0.175 0.4739583333333333 0.0625 0.21041666666666667
0 0.54296875 0.496875 0.0421875 0.14375
0 0.43828125 0.48541666666666666 0.0484375 0.14166666666666666
0 0.73046875 0.5354166666666667 0.1453125 0.6208333333333333
0 0.5125 0.4895833333333333 0.025 0.07916666666666666