0 0.86171875 0.459375 0.0421875 0.13541666666666666
0 0.265625 0.46875 0.03125 0.12916666666666668
0 0.80703125 0.45 0.0453125 0.15
0 0.2 0.47708333333333336 0.04375 0.15
0 0.3890625 0.46979166666666666 0.034375 0.11458333333333333
0 0.32109375 0.46875 0.0390625 0.14166666666666666
0 0.7734375 0.478125 0.05625 0.16041666666666668
0 0.29375 0.475 0.04375 0.15
0 0.4921875 0.4625 0.046875 0.1625
0 0.3625 0.46875 0.040625 0.12916666666666668
0 0.671875 0.465625 0.059375 0.21041666666666667
0 0.253125 0.4791666666666667 0.040625 0.15
0 0.1421875 0.4739583333333333 0.05 0.18541666666666667
0 0.86171875 0.459375 0.0421875 0.13541666666666666
0 0.265625 0.46875 0.03125 0.12916666666666668
0 0.80703125 0.45 0.0453125 0.15
0 0.2 0.47708333333333336 0.04375 0.15
0 0.3890625 0.46979166666666666 0.034375 0.11458333333333333
0 0.32109375 0.46875 0.0390625 0.14166666666666666
0 0.7734375 0.478125 0.05625 0.16041666666666668
0 0.29375 0.475 0.04375 0.15
0 0.4921875 0.4625 0.046875 0.1625
0 0.3625 0.46875 0.040625 0.12916666666666668
0 0.671875 0.465625 0.059375 0.21041666666666667
0 0.253125 0.4791666666666667 0.040625 0.15
0 0.1421875 0.4739583333333333 0.05 0.18541666666666667