0 0.51484375 0.4864583333333333 0.0234375 0.08125
0 0.7875 0.5125 0.071875 0.31666666666666665
0 0.6828125 0.5104166666666666 0.08125 0.3125
0 0.62890625 0.49270833333333336 0.0515625 0.19791666666666666
0 0.54375 0.49583333333333335 0.04375 0.15
0 0.17734375 0.4708333333333333 0.0640625 0.20833333333333334
0 0.73359375 0.5364583333333334 0.1484375 0.6229166666666667
0 0.440625 0.4822916666666667 0.05 0.13958333333333334
0 0.51484375 0.4864583333333333 0.0234375 0.08125
0 0.7875 0.5125 0.071875 0.31666666666666665
0 0.6828125 0.5104166666666666 0.08125 0.3125
0 0.62890625 0.49270833333333336 0.0515625 0.19791666666666666
0 0.54375 0.49583333333333335 0.04375 0.15
0 0.17734375 0.4708333333333333 0.0640625 0.20833333333333334
0 0.73359375 0.5364583333333334 0.1484375 0.6229166666666667
0 0.440625 0.4822916666666667 0.05 0.13958333333333334