0 0.78828125 0.5104166666666666 0.0859375 0.32916666666666666
0 0.51484375 0.48541666666666666 0.0265625 0.08333333333333333
0 0.6859375 0.5114583333333333 0.08125 0.3104166666666667
0 0.6296875 0.4895833333333333 0.053125 0.20416666666666666
0 0.54609375 0.4979166666666667 0.0453125 0.14583333333333334
0 0.1765625 0.4739583333333333 0.065625 0.20625
0 0.440625 0.484375 0.05 0.13958333333333334
0 0.73515625 0.54375 0.1421875 0.6291666666666667
0 0.78828125 0.5104166666666666 0.0859375 0.32916666666666666
0 0.51484375 0.48541666666666666 0.0265625 0.08333333333333333
0 0.6859375 0.5114583333333333 0.08125 0.3104166666666667
0 0.6296875 0.4895833333333333 0.053125 0.20416666666666666
0 0.54609375 0.4979166666666667 0.0453125 0.14583333333333334
0 0.1765625 0.4739583333333333 0.065625 0.20625
0 0.440625 0.484375 0.05 0.13958333333333334
0 0.73515625 0.54375 0.1421875 0.6291666666666667