0 0.68671875 0.503125 0.0796875 0.29375
0 0.78984375 0.515625 0.0828125 0.31875
0 0.6296875 0.48854166666666665 0.05625 0.20625
0 0.1765625 0.475 0.065625 0.20833333333333334
0 0.54609375 0.4979166666666667 0.0453125 0.15
0 0.734375 0.540625 0.140625 0.63125
0 0.43984375 0.484375 0.0515625 0.13958333333333334
0 0.51484375 0.48541666666666666 0.0265625 0.08333333333333333
0 0.68671875 0.503125 0.0796875 0.29375
0 0.78984375 0.515625 0.0828125 0.31875
0 0.6296875 0.48854166666666665 0.05625 0.20625
0 0.1765625 0.475 0.065625 0.20833333333333334
0 0.54609375 0.4979166666666667 0.0453125 0.15
0 0.734375 0.540625 0.140625 0.63125
0 0.43984375 0.484375 0.0515625 0.13958333333333334
0 0.51484375 0.48541666666666666 0.0265625 0.08333333333333333