0 0.69140625 0.50625 0.0859375 0.31666666666666665
0 0.78984375 0.5177083333333333 0.0890625 0.31875
0 0.62890625 0.49583333333333335 0.0578125 0.2
0 0.175 0.4791666666666667 0.065625 0.20416666666666666
0 0.54453125 0.49895833333333334 0.0484375 0.15208333333333332
0 0.73203125 0.5333333333333333 0.1421875 0.6208333333333333
0 0.43671875 0.48854166666666665 0.0515625 0.14375
0 0.51171875 0.49166666666666664 0.0265625 0.08333333333333333
0 0.69140625 0.50625 0.0859375 0.31666666666666665
0 0.78984375 0.5177083333333333 0.0890625 0.31875
0 0.62890625 0.49583333333333335 0.0578125 0.2
0 0.175 0.4791666666666667 0.065625 0.20416666666666666
0 0.54453125 0.49895833333333334 0.0484375 0.15208333333333332
0 0.73203125 0.5333333333333333 0.1421875 0.6208333333333333
0 0.43671875 0.48854166666666665 0.0515625 0.14375
0 0.51171875 0.49166666666666664 0.0265625 0.08333333333333333