0 0.69296875 0.5010416666666667 0.0890625 0.3229166666666667
0 0.628125 0.4947916666666667 0.05625 0.19791666666666666
0 0.734375 0.5270833333333333 0.15 0.6166666666666667
0 0.1734375 0.48020833333333335 0.065625 0.20625
0 0.54375 0.496875 0.046875 0.15208333333333332
0 0.434375 0.4875 0.053125 0.14583333333333334
0 0.51015625 0.4895833333333333 0.0265625 0.08333333333333333
0 0.78828125 0.515625 0.0890625 0.31875
0 0.69296875 0.5010416666666667 0.0890625 0.3229166666666667
0 0.628125 0.4947916666666667 0.05625 0.19791666666666666
0 0.734375 0.5270833333333333 0.15 0.6166666666666667
0 0.1734375 0.48020833333333335 0.065625 0.20625
0 0.54375 0.496875 0.046875 0.15208333333333332
0 0.434375 0.4875 0.053125 0.14583333333333334
0 0.51015625 0.4895833333333333 0.0265625 0.08333333333333333
0 0.78828125 0.515625 0.0890625 0.31875