0 0.50703125 0.48541666666666666 0.0234375 0.07916666666666666
0 0.690625 0.49375 0.0875 0.3375
0 0.79375 0.5125 0.08125 0.31666666666666665
0 0.628125 0.49270833333333336 0.053125 0.19375
0 0.171875 0.47604166666666664 0.06875 0.20625
0 0.7265625 0.525 0.15 0.625
0 0.54296875 0.49375 0.0484375 0.15416666666666667
0 0.43203125 0.484375 0.0515625 0.14375
0 0.50703125 0.48541666666666666 0.0234375 0.07916666666666666
0 0.690625 0.49375 0.0875 0.3375
0 0.79375 0.5125 0.08125 0.31666666666666665
0 0.628125 0.49270833333333336 0.053125 0.19375
0 0.171875 0.47604166666666664 0.06875 0.20625
0 0.7265625 0.525 0.15 0.625
0 0.54296875 0.49375 0.0484375 0.15416666666666667
0 0.43203125 0.484375 0.0515625 0.14375