0 0.49921875 0.490625 0.0234375 0.08125
0 0.68515625 0.5010416666666667 0.0859375 0.33541666666666664
0 0.78828125 0.5177083333333333 0.0859375 0.3145833333333333
0 0.621875 0.49895833333333334 0.05625 0.19791666666666666
0 0.7203125 0.5333333333333333 0.146875 0.6333333333333333
0 0.534375 0.5020833333333333 0.05 0.15833333333333333
0 0.16328125 0.4791666666666667 0.0671875 0.20833333333333334
0 0.425 0.4895833333333333 0.053125 0.15
0 0.49921875 0.490625 0.0234375 0.08125
0 0.68515625 0.5010416666666667 0.0859375 0.33541666666666664
0 0.78828125 0.5177083333333333 0.0859375 0.3145833333333333
0 0.621875 0.49895833333333334 0.05625 0.19791666666666666
0 0.7203125 0.5333333333333333 0.146875 0.6333333333333333
0 0.534375 0.5020833333333333 0.05 0.15833333333333333
0 0.16328125 0.4791666666666667 0.0671875 0.20833333333333334
0 0.425 0.4895833333333333 0.053125 0.15