0 0.67734375 0.5010416666666667 0.0859375 0.33541666666666664
0 0.78046875 0.5197916666666667 0.0859375 0.3145833333333333
0 0.5234375 0.5020833333333333 0.05 0.1625
0 0.61328125 0.49375 0.0546875 0.19583333333333333
0 0.1515625 0.4739583333333333 0.065625 0.21041666666666667
0 0.71015625 0.54375 0.1453125 0.6416666666666667
0 0.41328125 0.4875 0.0515625 0.15416666666666667
0 0.49140625 0.4895833333333333 0.0234375 0.07916666666666666
0 0.67734375 0.5010416666666667 0.0859375 0.33541666666666664
0 0.78046875 0.5197916666666667 0.0859375 0.3145833333333333
0 0.5234375 0.5020833333333333 0.05 0.1625
0 0.61328125 0.49375 0.0546875 0.19583333333333333
0 0.1515625 0.4739583333333333 0.065625 0.21041666666666667
0 0.71015625 0.54375 0.1453125 0.6416666666666667
0 0.41328125 0.4875 0.0515625 0.15416666666666667
0 0.49140625 0.4895833333333333 0.0234375 0.07916666666666666