0 0.77734375 0.5208333333333334 0.0921875 0.31666666666666665
0 0.61015625 0.49270833333333336 0.0546875 0.19791666666666666
0 0.14765625 0.47291666666666665 0.0671875 0.2125
0 0.51953125 0.503125 0.0515625 0.16458333333333333
0 0.7078125 0.5447916666666667 0.14375 0.6479166666666667
0 0.409375 0.4875 0.053125 0.15416666666666667
0 0.675 0.503125 0.084375 0.33541666666666664
0 0.48671875 0.48854166666666665 0.0234375 0.08125
0 0.77734375 0.5208333333333334 0.0921875 0.31666666666666665
0 0.61015625 0.49270833333333336 0.0546875 0.19791666666666666
0 0.14765625 0.47291666666666665 0.0671875 0.2125
0 0.51953125 0.503125 0.0515625 0.16458333333333333
0 0.7078125 0.5447916666666667 0.14375 0.6479166666666667
0 0.409375 0.4875 0.053125 0.15416666666666667
0 0.675 0.503125 0.084375 0.33541666666666664
0 0.48671875 0.48854166666666665 0.0234375 0.08125