0 0.77421875 0.51875 0.0890625 0.31666666666666665
0 0.60703125 0.4895833333333333 0.0546875 0.19583333333333333
0 0.14375 0.4708333333333333 0.06875 0.2125
0 0.70546875 0.5447916666666667 0.1421875 0.65625
0 0.515625 0.49895833333333334 0.053125 0.16458333333333333
0 0.40625 0.484375 0.053125 0.15208333333333332
0 0.67109375 0.5041666666666667 0.0859375 0.3333333333333333
0 0.48203125 0.4864583333333333 0.0234375 0.08125
0 0.77421875 0.51875 0.0890625 0.31666666666666665
0 0.60703125 0.4895833333333333 0.0546875 0.19583333333333333
0 0.14375 0.4708333333333333 0.06875 0.2125
0 0.70546875 0.5447916666666667 0.1421875 0.65625
0 0.515625 0.49895833333333334 0.053125 0.16458333333333333
0 0.40625 0.484375 0.053125 0.15208333333333332
0 0.67109375 0.5041666666666667 0.0859375 0.3333333333333333
0 0.48203125 0.4864583333333333 0.0234375 0.08125