0 0.66171875 0.5104166666666666 0.0796875 0.30833333333333335
0 0.771875 0.5197916666666667 0.0875 0.31875
0 0.6046875 0.4895833333333333 0.053125 0.19583333333333333
0 0.13828125 0.471875 0.0671875 0.21041666666666667
0 0.70625 0.5375 0.14375 0.65
0 0.51171875 0.4979166666666667 0.0515625 0.16666666666666666
0 0.403125 0.4864583333333333 0.053125 0.15625
0 0.47734375 0.48854166666666665 0.0234375 0.08125
0 0.66171875 0.5104166666666666 0.0796875 0.30833333333333335
0 0.771875 0.5197916666666667 0.0875 0.31875
0 0.6046875 0.4895833333333333 0.053125 0.19583333333333333
0 0.13828125 0.471875 0.0671875 0.21041666666666667
0 0.70625 0.5375 0.14375 0.65
0 0.51171875 0.4979166666666667 0.0515625 0.16666666666666666
0 0.403125 0.4864583333333333 0.053125 0.15625
0 0.47734375 0.48854166666666665 0.0234375 0.08125