0 0.6578125 0.5041666666666667 0.084375 0.30416666666666664
0 0.4734375 0.48125 0.025 0.07916666666666666
0 0.60078125 0.4895833333333333 0.0515625 0.19166666666666668
0 0.134375 0.46979166666666666 0.06875 0.21041666666666667
0 0.70234375 0.521875 0.1453125 0.6354166666666666
0 0.50859375 0.49270833333333336 0.0515625 0.16875
0 0.4015625 0.48125 0.053125 0.15833333333333333
0 0.328125 0.471875 0.034375 0.10208333333333333
0 0.7703125 0.5166666666666667 0.0875 0.32083333333333336
0 0.1734375 0.459375 0.03125 0.08541666666666667
0 0.6578125 0.5041666666666667 0.084375 0.30416666666666664
0 0.4734375 0.48125 0.025 0.07916666666666666
0 0.60078125 0.4895833333333333 0.0515625 0.19166666666666668
0 0.134375 0.46979166666666666 0.06875 0.21041666666666667
0 0.70234375 0.521875 0.1453125 0.6354166666666666
0 0.50859375 0.49270833333333336 0.0515625 0.16875
0 0.4015625 0.48125 0.053125 0.15833333333333333
0 0.328125 0.471875 0.034375 0.10208333333333333
0 0.7703125 0.5166666666666667 0.0875 0.32083333333333336
0 0.1734375 0.459375 0.03125 0.08541666666666667