0 0.46875 0.48020833333333335 0.025 0.08125
0 0.17109375 0.46041666666666664 0.0328125 0.0875
0 0.32265625 0.471875 0.0328125 0.10625
0 0.7703125 0.5114583333333333 0.0875 0.3104166666666667
0 0.596875 0.4875 0.053125 0.1875
0 0.6953125 0.5239583333333333 0.153125 0.6479166666666667
0 0.1296875 0.46979166666666666 0.06875 0.21458333333333332
0 0.39921875 0.4822916666666667 0.0546875 0.16458333333333333
0 0.50546875 0.49270833333333336 0.0546875 0.17291666666666666
0 0.46875 0.48020833333333335 0.025 0.08125
0 0.17109375 0.46041666666666664 0.0328125 0.0875
0 0.32265625 0.471875 0.0328125 0.10625
0 0.7703125 0.5114583333333333 0.0875 0.3104166666666667
0 0.596875 0.4875 0.053125 0.1875
0 0.6953125 0.5239583333333333 0.153125 0.6479166666666667
0 0.1296875 0.46979166666666666 0.06875 0.21458333333333332
0 0.39921875 0.4822916666666667 0.0546875 0.16458333333333333
0 0.50546875 0.49270833333333336 0.0546875 0.17291666666666666