0 0.31953125 0.4708333333333333 0.0359375 0.10833333333333334
0 0.165625 0.46041666666666664 0.034375 0.0875
0 0.59296875 0.4864583333333333 0.0515625 0.18541666666666667
0 0.76484375 0.5114583333333333 0.0859375 0.3104166666666667
0 0.50078125 0.49375 0.0578125 0.17916666666666667
0 0.12265625 0.46875 0.0671875 0.2125
0 0.6875 0.5239583333333333 0.153125 0.6479166666666667
0 0.3953125 0.48125 0.05625 0.16666666666666666
0 0.4671875 0.48125 0.025 0.07916666666666666
0 0.31953125 0.4708333333333333 0.0359375 0.10833333333333334
0 0.165625 0.46041666666666664 0.034375 0.0875
0 0.59296875 0.4864583333333333 0.0515625 0.18541666666666667
0 0.76484375 0.5114583333333333 0.0859375 0.3104166666666667
0 0.50078125 0.49375 0.0578125 0.17916666666666667
0 0.12265625 0.46875 0.0671875 0.2125
0 0.6875 0.5239583333333333 0.153125 0.6479166666666667
0 0.3953125 0.48125 0.05625 0.16666666666666666
0 0.4671875 0.48125 0.025 0.07916666666666666