0 0.45859375 0.48020833333333335 0.0265625 0.08125
0 0.1609375 0.46041666666666664 0.034375 0.0875
0 0.31796875 0.471875 0.0421875 0.11041666666666666
0 0.76015625 0.5135416666666667 0.0828125 0.3104166666666667
0 0.58984375 0.484375 0.0515625 0.18958333333333333
0 0.49765625 0.4947916666666667 0.0578125 0.18125
0 0.11796875 0.46770833333333334 0.0671875 0.21458333333333332
0 0.6796875 0.5302083333333333 0.15625 0.6479166666666667
0 0.39296875 0.48125 0.0578125 0.17083333333333334
0 0.45859375 0.48020833333333335 0.0265625 0.08125
0 0.1609375 0.46041666666666664 0.034375 0.0875
0 0.31796875 0.471875 0.0421875 0.11041666666666666
0 0.76015625 0.5135416666666667 0.0828125 0.3104166666666667
0 0.58984375 0.484375 0.0515625 0.18958333333333333
0 0.49765625 0.4947916666666667 0.0578125 0.18125
0 0.11796875 0.46770833333333334 0.0671875 0.21458333333333332
0 0.6796875 0.5302083333333333 0.15625 0.6479166666666667
0 0.39296875 0.48125 0.0578125 0.17083333333333334