0 0.15234375 0.46458333333333335 0.0359375 0.0875
0 0.7515625 0.51875 0.08125 0.3125
0 0.58125 0.4895833333333333 0.053125 0.19166666666666668
0 0.4890625 0.5 0.059375 0.18333333333333332
0 0.10625 0.471875 0.06875 0.21875
0 0.66953125 0.54375 0.1515625 0.6458333333333334
0 0.3828125 0.48541666666666666 0.059375 0.175
0 0.3109375 0.475 0.04375 0.10833333333333334
0 0.45234375 0.4864583333333333 0.0265625 0.08125
0 0.15234375 0.46458333333333335 0.0359375 0.0875
0 0.7515625 0.51875 0.08125 0.3125
0 0.58125 0.4895833333333333 0.053125 0.19166666666666668
0 0.4890625 0.5 0.059375 0.18333333333333332
0 0.10625 0.471875 0.06875 0.21875
0 0.66953125 0.54375 0.1515625 0.6458333333333334
0 0.3828125 0.48541666666666666 0.059375 0.175
0 0.3109375 0.475 0.04375 0.10833333333333334
0 0.45234375 0.4864583333333333 0.0265625 0.08125