0 0.146875 0.46145833333333336 0.034375 0.08958333333333333
0 0.5765625 0.4895833333333333 0.053125 0.19166666666666668
0 0.74765625 0.5177083333333333 0.0828125 0.3145833333333333
0 0.09921875 0.471875 0.0703125 0.21875
0 0.66171875 0.54375 0.1484375 0.6458333333333334
0 0.4859375 0.5010416666666667 0.059375 0.18541666666666667
0 0.378125 0.48541666666666666 0.059375 0.175
0 0.30390625 0.478125 0.0421875 0.11041666666666666
0 0.44765625 0.4875 0.0265625 0.08333333333333333
0 0.146875 0.46145833333333336 0.034375 0.08958333333333333
0 0.5765625 0.4895833333333333 0.053125 0.19166666666666668
0 0.74765625 0.5177083333333333 0.0828125 0.3145833333333333
0 0.09921875 0.471875 0.0703125 0.21875
0 0.66171875 0.54375 0.1484375 0.6458333333333334
0 0.4859375 0.5010416666666667 0.059375 0.18541666666666667
0 0.378125 0.48541666666666666 0.059375 0.175
0 0.30390625 0.478125 0.0421875 0.11041666666666666
0 0.44765625 0.4875 0.0265625 0.08333333333333333