0 0.13828125 0.4635416666666667 0.0328125 0.08958333333333333
0 0.56875 0.49270833333333336 0.05625 0.18958333333333333
0 0.7421875 0.5208333333333334 0.084375 0.3125
0 0.08828125 0.47291666666666665 0.0734375 0.22083333333333333
0 0.47578125 0.5020833333333333 0.0609375 0.19166666666666668
0 0.65078125 0.5427083333333333 0.1453125 0.6479166666666667
0 0.36796875 0.4864583333333333 0.0609375 0.17708333333333334
0 0.29609375 0.48125 0.0421875 0.10833333333333334
0 0.4390625 0.48854166666666665 0.025 0.08125
0 0.13828125 0.4635416666666667 0.0328125 0.08958333333333333
0 0.56875 0.49270833333333336 0.05625 0.18958333333333333
0 0.7421875 0.5208333333333334 0.084375 0.3125
0 0.08828125 0.47291666666666665 0.0734375 0.22083333333333333
0 0.47578125 0.5020833333333333 0.0609375 0.19166666666666668
0 0.65078125 0.5427083333333333 0.1453125 0.6479166666666667
0 0.36796875 0.4864583333333333 0.0609375 0.17708333333333334
0 0.29609375 0.48125 0.0421875 0.10833333333333334
0 0.4390625 0.48854166666666665 0.025 0.08125