0 0.734375 0.5166666666666667 0.084375 0.3125
0 0.56328125 0.49270833333333336 0.0515625 0.18541666666666667
0 0.07890625 0.471875 0.0734375 0.21875
0 0.46953125 0.5 0.0640625 0.19583333333333333
0 0.64140625 0.53125 0.1421875 0.6291666666666667
0 0.35859375 0.4864583333333333 0.0609375 0.17708333333333334
0 0.28828125 0.478125 0.0421875 0.11041666666666666
0 0.13515625 0.46145833333333336 0.0328125 0.08958333333333333
0 0.43046875 0.4875 0.0265625 0.08333333333333333
0 0.734375 0.5166666666666667 0.084375 0.3125
0 0.56328125 0.49270833333333336 0.0515625 0.18541666666666667
0 0.07890625 0.471875 0.0734375 0.21875
0 0.46953125 0.5 0.0640625 0.19583333333333333
0 0.64140625 0.53125 0.1421875 0.6291666666666667
0 0.35859375 0.4864583333333333 0.0609375 0.17708333333333334
0 0.28828125 0.478125 0.0421875 0.11041666666666666
0 0.13515625 0.46145833333333336 0.0328125 0.08958333333333333
0 0.43046875 0.4875 0.0265625 0.08333333333333333