0 0.73671875 0.5114583333333333 0.0859375 0.3104166666666667
0 0.5640625 0.4875 0.05 0.18333333333333332
0 0.46796875 0.4979166666666667 0.0640625 0.2
0 0.07890625 0.471875 0.0734375 0.21875
0 0.35546875 0.48541666666666666 0.0609375 0.18333333333333332
0 0.640625 0.528125 0.14375 0.6395833333333333
0 0.28671875 0.4739583333333333 0.0421875 0.11041666666666666
0 0.13515625 0.46145833333333336 0.0328125 0.08958333333333333
0 0.42734375 0.4864583333333333 0.0265625 0.08125
0 0.73671875 0.5114583333333333 0.0859375 0.3104166666666667
0 0.5640625 0.4875 0.05 0.18333333333333332
0 0.46796875 0.4979166666666667 0.0640625 0.2
0 0.07890625 0.471875 0.0734375 0.21875
0 0.35546875 0.48541666666666666 0.0609375 0.18333333333333332
0 0.640625 0.528125 0.14375 0.6395833333333333
0 0.28671875 0.4739583333333333 0.0421875 0.11041666666666666
0 0.13515625 0.46145833333333336 0.0328125 0.08958333333333333
0 0.42734375 0.4864583333333333 0.0265625 0.08125