0 0.26015625 0.49583333333333335 0.0328125 0.13333333333333333
0 0.85859375 0.4864583333333333 0.0421875 0.13541666666666666
0 0.80390625 0.4791666666666667 0.0453125 0.15
0 0.2859375 0.5010416666666667 0.04375 0.16041666666666668
0 0.3859375 0.4979166666666667 0.034375 0.11666666666666667
0 0.76328125 0.5052083333333334 0.0578125 0.16458333333333333
0 0.1875 0.5083333333333333 0.04375 0.15833333333333333
0 0.3515625 0.4979166666666667 0.0375 0.13333333333333333
0 0.48984375 0.49166666666666664 0.0484375 0.1625
0 0.66875 0.49270833333333336 0.0625 0.21875
0 0.1328125 0.5041666666666667 0.053125 0.19166666666666668
0 0.31953125 0.49895833333333334 0.0421875 0.14375
0 0.2453125 0.5072916666666667 0.04375 0.15625
0 0.8828125 0.490625 0.034375 0.12291666666666666
0 0.26015625 0.49583333333333335 0.0328125 0.13333333333333333
0 0.85859375 0.4864583333333333 0.0421875 0.13541666666666666
0 0.80390625 0.4791666666666667 0.0453125 0.15
0 0.2859375 0.5010416666666667 0.04375 0.16041666666666668
0 0.3859375 0.4979166666666667 0.034375 0.11666666666666667
0 0.76328125 0.5052083333333334 0.0578125 0.16458333333333333
0 0.1875 0.5083333333333333 0.04375 0.15833333333333333
0 0.3515625 0.4979166666666667 0.0375 0.13333333333333333
0 0.48984375 0.49166666666666664 0.0484375 0.1625
0 0.66875 0.49270833333333336 0.0625 0.21875
0 0.1328125 0.5041666666666667 0.053125 0.19166666666666668
0 0.31953125 0.49895833333333334 0.0421875 0.14375
0 0.2453125 0.5072916666666667 0.04375 0.15625
0 0.8828125 0.490625 0.034375 0.12291666666666666