0 0.28671875 0.47708333333333336 0.0453125 0.10833333333333334
0 0.1359375 0.4625 0.028125 0.09166666666666666
0 0.56640625 0.4864583333333333 0.0484375 0.18125
0 0.7390625 0.5125 0.0875 0.31666666666666665
0 0.08046875 0.4739583333333333 0.0734375 0.21875
0 0.4703125 0.49895833333333334 0.065625 0.20625
0 0.35625 0.4864583333333333 0.0625 0.18541666666666667
0 0.6390625 0.5291666666666667 0.140625 0.6458333333333334
0 0.42734375 0.4822916666666667 0.0265625 0.08125
0 0.28671875 0.47708333333333336 0.0453125 0.10833333333333334
0 0.1359375 0.4625 0.028125 0.09166666666666666
0 0.56640625 0.4864583333333333 0.0484375 0.18125
0 0.7390625 0.5125 0.0875 0.31666666666666665
0 0.08046875 0.4739583333333333 0.0734375 0.21875
0 0.4703125 0.49895833333333334 0.065625 0.20625
0 0.35625 0.4864583333333333 0.0625 0.18541666666666667
0 0.6390625 0.5291666666666667 0.140625 0.6458333333333334
0 0.42734375 0.4822916666666667 0.0265625 0.08125