0 0.1359375 0.46041666666666664 0.028125 0.09166666666666666
0 0.56640625 0.48333333333333334 0.0484375 0.1875
0 0.740625 0.5083333333333333 0.084375 0.31666666666666665
0 0.63671875 0.5333333333333333 0.1453125 0.6541666666666667
0 0.08125 0.46875 0.071875 0.21666666666666667
0 0.46796875 0.4979166666666667 0.0703125 0.20833333333333334
0 0.3546875 0.4822916666666667 0.0625 0.18958333333333333
0 0.4265625 0.48020833333333335 0.025 0.08125
0 0.1359375 0.46041666666666664 0.028125 0.09166666666666666
0 0.56640625 0.48333333333333334 0.0484375 0.1875
0 0.740625 0.5083333333333333 0.084375 0.31666666666666665
0 0.63671875 0.5333333333333333 0.1453125 0.6541666666666667
0 0.08125 0.46875 0.071875 0.21666666666666667
0 0.46796875 0.4979166666666667 0.0703125 0.20833333333333334
0 0.3546875 0.4822916666666667 0.0625 0.18958333333333333
0 0.4265625 0.48020833333333335 0.025 0.08125