0 0.134375 0.4583333333333333 0.03125 0.09166666666666666
0 0.5640625 0.4822916666666667 0.046875 0.18541666666666667
0 0.73828125 0.5083333333333333 0.0859375 0.31666666666666665
0 0.07734375 0.46458333333333335 0.0703125 0.22083333333333333
0 0.6328125 0.5364583333333334 0.14375 0.6604166666666667
0 0.46328125 0.496875 0.0703125 0.21458333333333332
0 0.35 0.4791666666666667 0.0625 0.19166666666666668
0 0.42421875 0.478125 0.0265625 0.08125
0 0.134375 0.4583333333333333 0.03125 0.09166666666666666
0 0.5640625 0.4822916666666667 0.046875 0.18541666666666667
0 0.73828125 0.5083333333333333 0.0859375 0.31666666666666665
0 0.07734375 0.46458333333333335 0.0703125 0.22083333333333333
0 0.6328125 0.5364583333333334 0.14375 0.6604166666666667
0 0.46328125 0.496875 0.0703125 0.21458333333333332
0 0.35 0.4791666666666667 0.0625 0.19166666666666668
0 0.42421875 0.478125 0.0265625 0.08125