0 0.13046875 0.46458333333333335 0.0328125 0.09166666666666666
0 0.5609375 0.49166666666666664 0.046875 0.18333333333333332
0 0.7359375 0.5197916666666667 0.084375 0.3145833333333333
0 0.07109375 0.4708333333333333 0.0703125 0.22083333333333333
0 0.628125 0.5541666666666667 0.14375 0.6666666666666666
0 0.45859375 0.5052083333333334 0.0734375 0.21875
0 0.3453125 0.4864583333333333 0.0625 0.20208333333333334
0 0.42109375 0.4822916666666667 0.0265625 0.08125
0 0.13046875 0.46458333333333335 0.0328125 0.09166666666666666
0 0.5609375 0.49166666666666664 0.046875 0.18333333333333332
0 0.7359375 0.5197916666666667 0.084375 0.3145833333333333
0 0.07109375 0.4708333333333333 0.0703125 0.22083333333333333
0 0.628125 0.5541666666666667 0.14375 0.6666666666666666
0 0.45859375 0.5052083333333334 0.0734375 0.21875
0 0.3453125 0.4864583333333333 0.0625 0.20208333333333334
0 0.42109375 0.4822916666666667 0.0265625 0.08125