0 0.41953125 0.47291666666666665 0.0265625 0.07916666666666666
0 0.1328125 0.45625 0.0375 0.09583333333333334
0 0.56328125 0.4822916666666667 0.0484375 0.18125
0 0.73984375 0.5125 0.0859375 0.32083333333333336
0 0.0703125 0.46458333333333335 0.071875 0.22083333333333333
0 0.63046875 0.5364583333333334 0.1453125 0.6645833333333333
0 0.45703125 0.49583333333333335 0.0765625 0.22916666666666666
0 0.3453125 0.48020833333333335 0.0625 0.20625
0 0.41953125 0.47291666666666665 0.0265625 0.07916666666666666
0 0.1328125 0.45625 0.0375 0.09583333333333334
0 0.56328125 0.4822916666666667 0.0484375 0.18125
0 0.73984375 0.5125 0.0859375 0.32083333333333336
0 0.0703125 0.46458333333333335 0.071875 0.22083333333333333
0 0.63046875 0.5364583333333334 0.1453125 0.6645833333333333
0 0.45703125 0.49583333333333335 0.0765625 0.22916666666666666
0 0.3453125 0.48020833333333335 0.0625 0.20625