0 0.4171875 0.478125 0.025 0.07708333333333334
0 0.13359375 0.46041666666666664 0.0328125 0.09166666666666666
0 0.56484375 0.48541666666666666 0.0484375 0.18333333333333332
0 0.73828125 0.5135416666666667 0.0859375 0.31875
0 0.06796875 0.4666666666666667 0.0703125 0.22083333333333333
0 0.45546875 0.49895833333333334 0.0765625 0.23541666666666666
0 0.3453125 0.48333333333333334 0.0625 0.20833333333333334
0 0.628125 0.53125 0.146875 0.6583333333333333
0 0.4171875 0.478125 0.025 0.07708333333333334
0 0.13359375 0.46041666666666664 0.0328125 0.09166666666666666
0 0.56484375 0.48541666666666666 0.0484375 0.18333333333333332
0 0.73828125 0.5135416666666667 0.0859375 0.31875
0 0.06796875 0.4666666666666667 0.0703125 0.22083333333333333
0 0.45546875 0.49895833333333334 0.0765625 0.23541666666666666
0 0.3453125 0.48333333333333334 0.0625 0.20833333333333334
0 0.628125 0.53125 0.146875 0.6583333333333333