0 0.565625 0.48333333333333334 0.05 0.1875
0 0.1359375 0.45625 0.03125 0.09583333333333334
0 0.740625 0.5104166666666666 0.084375 0.32083333333333336
0 0.065625 0.4625 0.071875 0.225
0 0.45703125 0.496875 0.0765625 0.24375
0 0.6265625 0.5291666666666667 0.153125 0.6625
0 0.34609375 0.48020833333333335 0.0640625 0.21458333333333332
0 0.565625 0.48333333333333334 0.05 0.1875
0 0.1359375 0.45625 0.03125 0.09583333333333334
0 0.740625 0.5104166666666666 0.084375 0.32083333333333336
0 0.065625 0.4625 0.071875 0.225
0 0.45703125 0.496875 0.0765625 0.24375
0 0.6265625 0.5291666666666667 0.153125 0.6625
0 0.34609375 0.48020833333333335 0.0640625 0.21458333333333332