0 0.140625 0.4552083333333333 0.03125 0.09375
0 0.74453125 0.509375 0.0859375 0.3229166666666667
0 0.06796875 0.459375 0.0703125 0.22291666666666668
0 0.625 0.5354166666666667 0.159375 0.675
0 0.459375 0.496875 0.08125 0.24791666666666667
0 0.3484375 0.47708333333333336 0.065625 0.22083333333333333
0 0.140625 0.4552083333333333 0.03125 0.09375
0 0.74453125 0.509375 0.0859375 0.3229166666666667
0 0.06796875 0.459375 0.0703125 0.22291666666666668
0 0.625 0.5354166666666667 0.159375 0.675
0 0.459375 0.496875 0.08125 0.24791666666666667
0 0.3484375 0.47708333333333336 0.065625 0.22083333333333333