0 0.146875 0.4625 0.03125 0.09583333333333334
0 0.7515625 0.5177083333333333 0.090625 0.32708333333333334
0 0.071875 0.46770833333333334 0.071875 0.22291666666666668
0 0.62734375 0.5458333333333333 0.1609375 0.675
0 0.46328125 0.5072916666666667 0.0828125 0.25625
0 0.35234375 0.4822916666666667 0.0671875 0.22708333333333333
0 0.146875 0.4625 0.03125 0.09583333333333334
0 0.7515625 0.5177083333333333 0.090625 0.32708333333333334
0 0.071875 0.46770833333333334 0.071875 0.22291666666666668
0 0.62734375 0.5458333333333333 0.1609375 0.675
0 0.46328125 0.5072916666666667 0.0828125 0.25625
0 0.35234375 0.4822916666666667 0.0671875 0.22708333333333333