0 0.2578125 0.49583333333333335 0.03125 0.13333333333333333
0 0.8828125 0.4875 0.034375 0.125
0 0.859375 0.484375 0.040625 0.13958333333333334
0 0.28359375 0.5041666666666667 0.0453125 0.15833333333333333
0 0.38515625 0.5 0.0359375 0.11666666666666667
0 0.803125 0.478125 0.046875 0.15208333333333332
0 0.18359375 0.509375 0.0421875 0.16041666666666668
0 0.128125 0.5072916666666667 0.053125 0.18958333333333333
0 0.3171875 0.5 0.040625 0.14166666666666666
0 0.759375 0.5052083333333334 0.05625 0.16458333333333333
0 0.48828125 0.49270833333333336 0.0484375 0.16458333333333333
0 0.24296875 0.5104166666666666 0.0453125 0.15833333333333333
0 0.66640625 0.490625 0.0640625 0.22291666666666668
0 0.346875 0.5010416666666667 0.0375 0.13125
0 0.2578125 0.49583333333333335 0.03125 0.13333333333333333
0 0.8828125 0.4875 0.034375 0.125
0 0.859375 0.484375 0.040625 0.13958333333333334
0 0.28359375 0.5041666666666667 0.0453125 0.15833333333333333
0 0.38515625 0.5 0.0359375 0.11666666666666667
0 0.803125 0.478125 0.046875 0.15208333333333332
0 0.18359375 0.509375 0.0421875 0.16041666666666668
0 0.128125 0.5072916666666667 0.053125 0.18958333333333333
0 0.3171875 0.5 0.040625 0.14166666666666666
0 0.759375 0.5052083333333334 0.05625 0.16458333333333333
0 0.48828125 0.49270833333333336 0.0484375 0.16458333333333333
0 0.24296875 0.5104166666666666 0.0453125 0.15833333333333333
0 0.66640625 0.490625 0.0640625 0.22291666666666668
0 0.346875 0.5010416666666667 0.0375 0.13125