0 0.753125 0.5145833333333333 0.090625 0.325
0 0.07265625 0.46770833333333334 0.0734375 0.22291666666666668
0 0.62421875 0.54375 0.1578125 0.675
0 0.46328125 0.5072916666666667 0.0859375 0.2604166666666667
0 0.353125 0.48125 0.06875 0.22916666666666666
0 0.1484375 0.4625 0.03125 0.09583333333333334
0 0.753125 0.5145833333333333 0.090625 0.325
0 0.07265625 0.46770833333333334 0.0734375 0.22291666666666668
0 0.62421875 0.54375 0.1578125 0.675
0 0.46328125 0.5072916666666667 0.0859375 0.2604166666666667
0 0.353125 0.48125 0.06875 0.22916666666666666
0 0.1484375 0.4625 0.03125 0.09583333333333334