0 0.14609375 0.46458333333333335 0.0328125 0.09583333333333334
0 0.74921875 0.5177083333333333 0.0921875 0.32708333333333334
0 0.065625 0.46979166666666666 0.071875 0.22291666666666668
0 0.4578125 0.5072916666666667 0.084375 0.26875
0 0.61796875 0.5427083333333333 0.1546875 0.6770833333333334
0 0.34609375 0.484375 0.0703125 0.23958333333333334
0 0.14609375 0.46458333333333335 0.0328125 0.09583333333333334
0 0.74921875 0.5177083333333333 0.0921875 0.32708333333333334
0 0.065625 0.46979166666666666 0.071875 0.22291666666666668
0 0.4578125 0.5072916666666667 0.084375 0.26875
0 0.61796875 0.5427083333333333 0.1546875 0.6770833333333334
0 0.34609375 0.484375 0.0703125 0.23958333333333334