0 0.140625 0.4625 0.0375 0.09583333333333334
0 0.74296875 0.5166666666666667 0.0890625 0.32083333333333336
0 0.05625 0.46875 0.075 0.22083333333333333
0 0.44921875 0.50625 0.0890625 0.2791666666666667
0 0.33515625 0.484375 0.0734375 0.23958333333333334
0 0.60859375 0.528125 0.1546875 0.6645833333333333
0 0.140625 0.4625 0.0375 0.09583333333333334
0 0.74296875 0.5166666666666667 0.0890625 0.32083333333333336
0 0.05625 0.46875 0.075 0.22083333333333333
0 0.44921875 0.50625 0.0890625 0.2791666666666667
0 0.33515625 0.484375 0.0734375 0.23958333333333334
0 0.60859375 0.528125 0.1546875 0.6645833333333333