0 0.13828125 0.45729166666666665 0.0390625 0.09375
0 0.74296875 0.509375 0.0890625 0.3229166666666667
0 0.05234375 0.4625 0.0765625 0.22083333333333333
0 0.446875 0.49895833333333334 0.090625 0.28541666666666665
0 0.33125 0.48020833333333335 0.075 0.24375
0 0.61015625 0.51875 0.1515625 0.6708333333333333
0 0.13828125 0.45729166666666665 0.0390625 0.09375
0 0.74296875 0.509375 0.0890625 0.3229166666666667
0 0.05234375 0.4625 0.0765625 0.22083333333333333
0 0.446875 0.49895833333333334 0.090625 0.28541666666666665
0 0.33125 0.48020833333333335 0.075 0.24375
0 0.61015625 0.51875 0.1515625 0.6708333333333333