0 0.13203125 0.45729166666666665 0.0390625 0.09791666666666667
0 0.7375 0.5125 0.090625 0.325
0 0.04453125 0.4635416666666667 0.0765625 0.22291666666666668
0 0.321875 0.4822916666666667 0.075 0.2520833333333333
0 0.60234375 0.5260416666666666 0.1515625 0.68125
0 0.4390625 0.5041666666666667 0.09375 0.29583333333333334
0 0.13203125 0.45729166666666665 0.0390625 0.09791666666666667
0 0.7375 0.5125 0.090625 0.325
0 0.04453125 0.4635416666666667 0.0765625 0.22291666666666668
0 0.321875 0.4822916666666667 0.075 0.2520833333333333
0 0.60234375 0.5260416666666666 0.1515625 0.68125
0 0.4390625 0.5041666666666667 0.09375 0.29583333333333334