0 0.13046875 0.4552083333333333 0.0390625 0.09791666666666667
0 0.040625 0.459375 0.075 0.22291666666666668
0 0.7359375 0.5125 0.090625 0.32916666666666666
0 0.43671875 0.503125 0.0921875 0.30625
0 0.31640625 0.4791666666666667 0.0765625 0.25833333333333336
0 0.603125 0.5322916666666667 0.153125 0.69375
0 0.13046875 0.4552083333333333 0.0390625 0.09791666666666667
0 0.040625 0.459375 0.075 0.22291666666666668
0 0.7359375 0.5125 0.090625 0.32916666666666666
0 0.43671875 0.503125 0.0921875 0.30625
0 0.31640625 0.4791666666666667 0.0765625 0.25833333333333336
0 0.603125 0.5322916666666667 0.153125 0.69375