0 0.128125 0.45208333333333334 0.040625 0.1
0 0.7359375 0.5104166666666666 0.090625 0.32916666666666666
0 0.03671875 0.4552083333333333 0.0703125 0.22291666666666668
0 0.60390625 0.534375 0.1546875 0.7020833333333333
0 0.43203125 0.503125 0.0953125 0.3145833333333333
0 0.3125 0.4739583333333333 0.078125 0.26458333333333334
0 0.128125 0.45208333333333334 0.040625 0.1
0 0.7359375 0.5104166666666666 0.090625 0.32916666666666666
0 0.03671875 0.4552083333333333 0.0703125 0.22291666666666668
0 0.60390625 0.534375 0.1546875 0.7020833333333333
0 0.43203125 0.503125 0.0953125 0.3145833333333333
0 0.3125 0.4739583333333333 0.078125 0.26458333333333334