0 0.1234375 0.4583333333333333 0.0375 0.1
0 0.03203125 0.46145833333333336 0.0640625 0.22708333333333333
0 0.73125 0.515625 0.090625 0.33125
0 0.60546875 0.5427083333333333 0.1515625 0.71875
0 0.41796875 0.509375 0.1046875 0.33541666666666664
0 0.3015625 0.4791666666666667 0.08125 0.2791666666666667
0 0.1234375 0.4583333333333333 0.0375 0.1
0 0.03203125 0.46145833333333336 0.0640625 0.22708333333333333
0 0.73125 0.515625 0.090625 0.33125
0 0.60546875 0.5427083333333333 0.1515625 0.71875
0 0.41796875 0.509375 0.1046875 0.33541666666666664
0 0.3015625 0.4791666666666667 0.08125 0.2791666666666667