0 0.1234375 0.45625 0.034375 0.1
0 0.02890625 0.4625 0.0578125 0.22916666666666666
0 0.73046875 0.509375 0.0921875 0.33125
0 0.60546875 0.5239583333333333 0.1515625 0.6895833333333333
0 0.409375 0.5072916666666667 0.115625 0.35208333333333336
0 0.296875 0.4791666666666667 0.084375 0.2875
0 0.48203125 0.471875 0.0296875 0.09375
0 0.1234375 0.45625 0.034375 0.1
0 0.02890625 0.4625 0.0578125 0.22916666666666666
0 0.73046875 0.509375 0.0921875 0.33125
0 0.60546875 0.5239583333333333 0.1515625 0.6895833333333333
0 0.409375 0.5072916666666667 0.115625 0.35208333333333336
0 0.296875 0.4791666666666667 0.084375 0.2875
0 0.48203125 0.471875 0.0296875 0.09375