0 0.24765625 0.490625 0.0328125 0.13541666666666666
0 0.85234375 0.48020833333333335 0.0421875 0.13958333333333334
0 0.1703125 0.5010416666666667 0.04375 0.16041666666666668
0 0.796875 0.47291666666666665 0.046875 0.15416666666666667
0 0.74609375 0.5010416666666667 0.0515625 0.16458333333333333
0 0.3375 0.4947916666666667 0.034375 0.12708333333333333
0 0.27421875 0.4947916666666667 0.0453125 0.16041666666666668
0 0.48203125 0.48541666666666666 0.0515625 0.16666666666666666
0 0.11640625 0.496875 0.0546875 0.19375
0 0.2328125 0.503125 0.04375 0.16041666666666668
0 0.3796875 0.49270833333333336 0.040625 0.11875
0 0.31015625 0.49270833333333336 0.0421875 0.14791666666666667
0 0.65703125 0.4864583333333333 0.0671875 0.22708333333333333
0 0.203125 0.49895833333333334 0.034375 0.12291666666666666
0 0.87890625 0.48541666666666666 0.0328125 0.125
0 0.24765625 0.490625 0.0328125 0.13541666666666666
0 0.85234375 0.48020833333333335 0.0421875 0.13958333333333334
0 0.1703125 0.5010416666666667 0.04375 0.16041666666666668
0 0.796875 0.47291666666666665 0.046875 0.15416666666666667
0 0.74609375 0.5010416666666667 0.0515625 0.16458333333333333
0 0.3375 0.4947916666666667 0.034375 0.12708333333333333
0 0.27421875 0.4947916666666667 0.0453125 0.16041666666666668
0 0.48203125 0.48541666666666666 0.0515625 0.16666666666666666
0 0.11640625 0.496875 0.0546875 0.19375
0 0.2328125 0.503125 0.04375 0.16041666666666668
0 0.3796875 0.49270833333333336 0.040625 0.11875
0 0.31015625 0.49270833333333336 0.0421875 0.14791666666666667
0 0.65703125 0.4864583333333333 0.0671875 0.22708333333333333
0 0.203125 0.49895833333333334 0.034375 0.12291666666666666
0 0.87890625 0.48541666666666666 0.0328125 0.125