0 0.478125 0.47604166666666664 0.028125 0.09375
0 0.02578125 0.46458333333333335 0.0515625 0.22916666666666666
0 0.7265625 0.5125 0.090625 0.32916666666666666
0 0.60390625 0.5270833333333333 0.1546875 0.6916666666666667
0 0.2890625 0.4864583333333333 0.084375 0.29791666666666666
0 0.40078125 0.5083333333333333 0.1203125 0.36666666666666664
0 0.121875 0.4583333333333333 0.034375 0.1
0 0.478125 0.47604166666666664 0.028125 0.09375
0 0.02578125 0.46458333333333335 0.0515625 0.22916666666666666
0 0.7265625 0.5125 0.090625 0.32916666666666666
0 0.60390625 0.5270833333333333 0.1546875 0.6916666666666667
0 0.2890625 0.4864583333333333 0.084375 0.29791666666666666
0 0.40078125 0.5083333333333333 0.1203125 0.36666666666666664
0 0.121875 0.4583333333333333 0.034375 0.1