0 0.47734375 0.4708333333333333 0.0296875 0.09583333333333334
0 0.0234375 0.45729166666666665 0.046875 0.22708333333333333
0 0.7265625 0.5072916666666667 0.09375 0.33125
0 0.60546875 0.521875 0.1546875 0.6895833333333333
0 0.2859375 0.4822916666666667 0.0875 0.3020833333333333
0 0.396875 0.5041666666666667 0.125 0.37916666666666665
0 0.0578125 0.446875 0.034375 0.10625
0 0.11875 0.45625 0.034375 0.1
0 0.47734375 0.4708333333333333 0.0296875 0.09583333333333334
0 0.0234375 0.45729166666666665 0.046875 0.22708333333333333
0 0.7265625 0.5072916666666667 0.09375 0.33125
0 0.60546875 0.521875 0.1546875 0.6895833333333333
0 0.2859375 0.4822916666666667 0.0875 0.3020833333333333
0 0.396875 0.5041666666666667 0.125 0.37916666666666665
0 0.0578125 0.446875 0.034375 0.10625
0 0.11875 0.45625 0.034375 0.1