0 0.05625 0.44895833333333335 0.0375 0.10625
0 0.475 0.4739583333333333 0.028125 0.09375
0 0.02109375 0.45729166666666665 0.0421875 0.22708333333333333
0 0.72578125 0.5114583333333333 0.0921875 0.33541666666666664
0 0.6078125 0.5385416666666667 0.153125 0.70625
0 0.390625 0.5125 0.128125 0.4041666666666667
0 0.28125 0.48333333333333334 0.090625 0.3125
0 0.11796875 0.45625 0.0328125 0.1
0 0.05625 0.44895833333333335 0.0375 0.10625
0 0.475 0.4739583333333333 0.028125 0.09375
0 0.02109375 0.45729166666666665 0.0421875 0.22708333333333333
0 0.72578125 0.5114583333333333 0.0921875 0.33541666666666664
0 0.6078125 0.5385416666666667 0.153125 0.70625
0 0.390625 0.5125 0.128125 0.4041666666666667
0 0.28125 0.48333333333333334 0.090625 0.3125
0 0.11796875 0.45625 0.0328125 0.1