0 0.0578125 0.4510416666666667 0.0375 0.10625
0 0.02109375 0.45729166666666665 0.0421875 0.23125
0 0.4765625 0.475 0.028125 0.09583333333333334
0 0.7265625 0.5135416666666667 0.09375 0.33541666666666664
0 0.609375 0.54375 0.15625 0.7083333333333334
0 0.3890625 0.5197916666666667 0.134375 0.41875
0 0.28125 0.48333333333333334 0.09375 0.31666666666666665
0 0.11875 0.45416666666666666 0.034375 0.1
0 0.0578125 0.4510416666666667 0.0375 0.10625
0 0.02109375 0.45729166666666665 0.0421875 0.23125
0 0.4765625 0.475 0.028125 0.09583333333333334
0 0.7265625 0.5135416666666667 0.09375 0.33541666666666664
0 0.609375 0.54375 0.15625 0.7083333333333334
0 0.3890625 0.5197916666666667 0.134375 0.41875
0 0.28125 0.48333333333333334 0.09375 0.31666666666666665
0 0.11875 0.45416666666666666 0.034375 0.1