0 0.12578125 0.45729166666666665 0.0359375 0.10208333333333333
0 0.0609375 0.45416666666666666 0.0375 0.10833333333333334
0 0.478125 0.475 0.028125 0.09583333333333334
0 0.021875 0.459375 0.04375 0.23125
0 0.728125 0.5135416666666667 0.090625 0.33541666666666664
0 0.3859375 0.521875 0.1375 0.4395833333333333
0 0.60859375 0.5427083333333333 0.1546875 0.70625
0 0.28203125 0.4822916666666667 0.0984375 0.32708333333333334
0 0.12578125 0.45729166666666665 0.0359375 0.10208333333333333
0 0.0609375 0.45416666666666666 0.0375 0.10833333333333334
0 0.478125 0.475 0.028125 0.09583333333333334
0 0.021875 0.459375 0.04375 0.23125
0 0.728125 0.5135416666666667 0.090625 0.33541666666666664
0 0.3859375 0.521875 0.1375 0.4395833333333333
0 0.60859375 0.5427083333333333 0.1546875 0.70625
0 0.28203125 0.4822916666666667 0.0984375 0.32708333333333334