0 0.12421875 0.45729166666666665 0.0390625 0.10208333333333333
0 0.01875 0.4583333333333333 0.0375 0.22916666666666666
0 0.475 0.4739583333333333 0.028125 0.09791666666666667
0 0.05859375 0.453125 0.0359375 0.11041666666666666
0 0.72734375 0.509375 0.0921875 0.33541666666666664
0 0.60625 0.5364583333333334 0.15625 0.7104166666666667
0 0.378125 0.5197916666666667 0.14375 0.46041666666666664
0 0.275 0.48020833333333335 0.103125 0.33958333333333335
0 0.12421875 0.45729166666666665 0.0390625 0.10208333333333333
0 0.01875 0.4583333333333333 0.0375 0.22916666666666666
0 0.475 0.4739583333333333 0.028125 0.09791666666666667
0 0.05859375 0.453125 0.0359375 0.11041666666666666
0 0.72734375 0.509375 0.0921875 0.33541666666666664
0 0.60625 0.5364583333333334 0.15625 0.7104166666666667
0 0.378125 0.5197916666666667 0.14375 0.46041666666666664
0 0.275 0.48020833333333335 0.103125 0.33958333333333335