0 0.46328125 0.4739583333333333 0.0296875 0.10208333333333333
0 0.71796875 0.509375 0.0921875 0.33958333333333335
0 0.3578125 0.515625 0.159375 0.50625
0 0.5984375 0.5197916666666667 0.15625 0.69375
0 0.25390625 0.4822916666666667 0.1078125 0.3645833333333333
0 0.05 0.45 0.034375 0.10833333333333334
0 0.11484375 0.459375 0.0390625 0.10208333333333333
0 0.46328125 0.4739583333333333 0.0296875 0.10208333333333333
0 0.71796875 0.509375 0.0921875 0.33958333333333335
0 0.3578125 0.515625 0.159375 0.50625
0 0.5984375 0.5197916666666667 0.15625 0.69375
0 0.25390625 0.4822916666666667 0.1078125 0.3645833333333333
0 0.05 0.45 0.034375 0.10833333333333334
0 0.11484375 0.459375 0.0390625 0.10208333333333333