0 0.10703125 0.459375 0.0390625 0.10625
0 0.0453125 0.45416666666666666 0.034375 0.1125
0 0.4609375 0.47708333333333336 0.03125 0.10416666666666667
0 0.71640625 0.5114583333333333 0.0921875 0.33958333333333335
0 0.3484375 0.521875 0.165625 0.5354166666666667
0 0.6 0.5260416666666666 0.15625 0.6979166666666666
0 0.24375 0.48541666666666666 0.109375 0.375
0 0.10703125 0.459375 0.0390625 0.10625
0 0.0453125 0.45416666666666666 0.034375 0.1125
0 0.4609375 0.47708333333333336 0.03125 0.10416666666666667
0 0.71640625 0.5114583333333333 0.0921875 0.33958333333333335
0 0.3484375 0.521875 0.165625 0.5354166666666667
0 0.6 0.5260416666666666 0.15625 0.6979166666666666
0 0.24375 0.48541666666666666 0.109375 0.375