0 0.10390625 0.45625 0.0390625 0.10416666666666667
0 0.04140625 0.45 0.0359375 0.1125
0 0.45859375 0.4739583333333333 0.0328125 0.10208333333333333
0 0.71171875 0.5114583333333333 0.0953125 0.34375
0 0.59921875 0.5322916666666667 0.1578125 0.7104166666666667
0 0.334375 0.5270833333333333 0.178125 0.5791666666666667
0 0.234375 0.4864583333333333 0.109375 0.39375
0 0.10390625 0.45625 0.0390625 0.10416666666666667
0 0.04140625 0.45 0.0359375 0.1125
0 0.45859375 0.4739583333333333 0.0328125 0.10208333333333333
0 0.71171875 0.5114583333333333 0.0953125 0.34375
0 0.59921875 0.5322916666666667 0.1578125 0.7104166666666667
0 0.334375 0.5270833333333333 0.178125 0.5791666666666667
0 0.234375 0.4864583333333333 0.109375 0.39375