0 0.19765625 0.50625 0.0328125 0.125
0 0.24296875 0.5 0.0328125 0.1375
0 0.84765625 0.49270833333333336 0.0453125 0.13958333333333334
0 0.33046875 0.5041666666666667 0.0359375 0.12916666666666668
0 0.26953125 0.5052083333333334 0.0453125 0.16458333333333333
0 0.79375 0.48541666666666666 0.046875 0.15416666666666667
0 0.16328125 0.5104166666666666 0.0453125 0.1625
0 0.73984375 0.5135416666666667 0.0515625 0.16458333333333333
0 0.3765625 0.5020833333333333 0.040625 0.11666666666666667
0 0.22734375 0.5114583333333333 0.0453125 0.16041666666666668
0 0.4796875 0.496875 0.05 0.16875
0 0.30703125 0.5020833333333333 0.0421875 0.15
0 0.6515625 0.496875 0.06875 0.23125
0 0.1109375 0.5041666666666667 0.05625 0.2
0 0.875 0.5 0.034375 0.125
0 0.19765625 0.50625 0.0328125 0.125
0 0.24296875 0.5 0.0328125 0.1375
0 0.84765625 0.49270833333333336 0.0453125 0.13958333333333334
0 0.33046875 0.5041666666666667 0.0359375 0.12916666666666668
0 0.26953125 0.5052083333333334 0.0453125 0.16458333333333333
0 0.79375 0.48541666666666666 0.046875 0.15416666666666667
0 0.16328125 0.5104166666666666 0.0453125 0.1625
0 0.73984375 0.5135416666666667 0.0515625 0.16458333333333333
0 0.3765625 0.5020833333333333 0.040625 0.11666666666666667
0 0.22734375 0.5114583333333333 0.0453125 0.16041666666666668
0 0.4796875 0.496875 0.05 0.16875
0 0.30703125 0.5020833333333333 0.0421875 0.15
0 0.6515625 0.496875 0.06875 0.23125
0 0.1109375 0.5041666666666667 0.05625 0.2
0 0.875 0.5 0.034375 0.125