0 0.03359375 0.4479166666666667 0.0359375 0.1125
0 0.45234375 0.475 0.0328125 0.10416666666666667
0 0.70546875 0.5145833333333333 0.0953125 0.3416666666666667
0 0.21796875 0.48854166666666665 0.1109375 0.41041666666666665
0 0.3125 0.5395833333333333 0.190625 0.6166666666666667
0 0.59765625 0.5479166666666667 0.1640625 0.725
0 0.03359375 0.4479166666666667 0.0359375 0.1125
0 0.45234375 0.475 0.0328125 0.10416666666666667
0 0.70546875 0.5145833333333333 0.0953125 0.3416666666666667
0 0.21796875 0.48854166666666665 0.1109375 0.41041666666666665
0 0.3125 0.5395833333333333 0.190625 0.6166666666666667
0 0.59765625 0.5479166666666667 0.1640625 0.725