0 0.03203125 0.4510416666666667 0.0359375 0.11041666666666666
0 0.44921875 0.47708333333333336 0.0328125 0.10416666666666667
0 0.703125 0.51875 0.090625 0.3416666666666667
0 0.5984375 0.553125 0.1625 0.73125
0 0.3015625 0.5572916666666666 0.21875 0.68125
0 0.2046875 0.48854166666666665 0.1125 0.43125
0 0.534375 0.48541666666666666 0.046875 0.175
0 0.03203125 0.4510416666666667 0.0359375 0.11041666666666666
0 0.44921875 0.47708333333333336 0.0328125 0.10416666666666667
0 0.703125 0.51875 0.090625 0.3416666666666667
0 0.5984375 0.553125 0.1625 0.73125
0 0.3015625 0.5572916666666666 0.21875 0.68125
0 0.2046875 0.48854166666666665 0.1125 0.43125
0 0.534375 0.48541666666666666 0.046875 0.175