0 0.534375 0.48125 0.04375 0.175
0 0.03203125 0.45208333333333334 0.0359375 0.1125
0 0.4484375 0.4739583333333333 0.03125 0.10625
0 0.70234375 0.5145833333333333 0.0890625 0.3416666666666667
0 0.1953125 0.4875 0.121875 0.45
0 0.60078125 0.5479166666666667 0.1578125 0.7333333333333333
0 0.2875 0.5572916666666666 0.240625 0.7354166666666667
0 0.534375 0.48125 0.04375 0.175
0 0.03203125 0.45208333333333334 0.0359375 0.1125
0 0.4484375 0.4739583333333333 0.03125 0.10625
0 0.70234375 0.5145833333333333 0.0890625 0.3416666666666667
0 0.1953125 0.4875 0.121875 0.45
0 0.60078125 0.5479166666666667 0.1578125 0.7333333333333333
0 0.2875 0.5572916666666666 0.240625 0.7354166666666667