0 0.53359375 0.48125 0.0453125 0.17916666666666667
0 0.44765625 0.47291666666666665 0.0328125 0.10833333333333334
0 0.70234375 0.5083333333333333 0.0890625 0.3416666666666667
0 0.1875 0.48541666666666666 0.125 0.4666666666666667
0 0.6015625 0.5395833333333333 0.15625 0.7291666666666666
0 0.265625 0.559375 0.271875 0.7895833333333333
0 0.53359375 0.48125 0.0453125 0.17916666666666667
0 0.44765625 0.47291666666666665 0.0328125 0.10833333333333334
0 0.70234375 0.5083333333333333 0.0890625 0.3416666666666667
0 0.1875 0.48541666666666666 0.125 0.4666666666666667
0 0.6015625 0.5395833333333333 0.15625 0.7291666666666666
0 0.265625 0.559375 0.271875 0.7895833333333333