0 0.53984375 0.4875 0.0453125 0.17083333333333334
0 0 0.0010416666666666667 0 0.0020833333333333333
0 0.4484375 0.4791666666666667 0.034375 0.11666666666666667
0 0.7109375 0.5145833333333333 0.09375 0.35
0 0.6125 0.5458333333333333 0.15625 0.7208333333333333
0 0.3640625 0.46875 0.0375 0.10833333333333334
0 0.53984375 0.4875 0.0453125 0.17083333333333334
0 0 0.0010416666666666667 0 0.0020833333333333333
0 0.4484375 0.4791666666666667 0.034375 0.11666666666666667
0 0.7109375 0.5145833333333333 0.09375 0.35
0 0.6125 0.5458333333333333 0.15625 0.7208333333333333
0 0.3640625 0.46875 0.0375 0.10833333333333334