0 0.54921875 0.48541666666666666 0.0453125 0.175
0 0 0.0010416666666666667 0 0.0020833333333333333
0 0.37265625 0.46875 0.0390625 0.1125
0 0.45390625 0.4791666666666667 0.0359375 0.11666666666666667
0 0.71796875 0.515625 0.0921875 0.35208333333333336
0 0.61953125 0.54375 0.1578125 0.725
0 0.54921875 0.48541666666666666 0.0453125 0.175
0 0 0.0010416666666666667 0 0.0020833333333333333
0 0.37265625 0.46875 0.0390625 0.1125
0 0.45390625 0.4791666666666667 0.0359375 0.11666666666666667
0 0.71796875 0.515625 0.0921875 0.35208333333333336
0 0.61953125 0.54375 0.1578125 0.725