0 0.871875 0.5114583333333333 0.034375 0.12708333333333333
0 0.3234375 0.5125 0.034375 0.12916666666666668
0 0.2375 0.5083333333333333 0.034375 0.14166666666666666
0 0.19140625 0.515625 0.0359375 0.12708333333333333
0 0.15546875 0.5197916666666667 0.0453125 0.16875
0 0.84765625 0.5104166666666666 0.0421875 0.1375
0 0.78984375 0.503125 0.0453125 0.15625
0 0.37109375 0.5135416666666667 0.0390625 0.12291666666666666
0 0.26328125 0.5166666666666667 0.0453125 0.16666666666666666
0 0.73125 0.5322916666666667 0.05 0.16458333333333333
0 0.30546875 0.5104166666666666 0.0421875 0.15833333333333333
0 0.103125 0.509375 0.059375 0.20625
0 0.22109375 0.5229166666666667 0.0453125 0.1625
0 0.4765625 0.509375 0.053125 0.17291666666666666
0 0.6453125 0.5135416666666667 0.071875 0.23125
0 0.871875 0.5114583333333333 0.034375 0.12708333333333333
0 0.3234375 0.5125 0.034375 0.12916666666666668
0 0.2375 0.5083333333333333 0.034375 0.14166666666666666
0 0.19140625 0.515625 0.0359375 0.12708333333333333
0 0.15546875 0.5197916666666667 0.0453125 0.16875
0 0.84765625 0.5104166666666666 0.0421875 0.1375
0 0.78984375 0.503125 0.0453125 0.15625
0 0.37109375 0.5135416666666667 0.0390625 0.12291666666666666
0 0.26328125 0.5166666666666667 0.0453125 0.16666666666666666
0 0.73125 0.5322916666666667 0.05 0.16458333333333333
0 0.30546875 0.5104166666666666 0.0421875 0.15833333333333333
0 0.103125 0.509375 0.059375 0.20625
0 0.22109375 0.5229166666666667 0.0453125 0.1625
0 0.4765625 0.509375 0.053125 0.17291666666666666
0 0.6453125 0.5135416666666667 0.071875 0.23125