0 0 0.0010416666666666667 0 0.0020833333333333333
0 0.56171875 0.48125 0.0421875 0.175
0 0.465625 0.47604166666666664 0.034375 0.11875
0 0.3859375 0.4666666666666667 0.040625 0.10833333333333334
0 0.7328125 0.5083333333333333 0.09375 0.3541666666666667
0 0.63125 0.5302083333333333 0.159375 0.7104166666666667
0 0.16640625 0.49166666666666664 0.1859375 0.6583333333333333
0 0 0.0010416666666666667 0 0.0020833333333333333
0 0.56171875 0.48125 0.0421875 0.175
0 0.465625 0.47604166666666664 0.034375 0.11875
0 0.3859375 0.4666666666666667 0.040625 0.10833333333333334
0 0.7328125 0.5083333333333333 0.09375 0.3541666666666667
0 0.63125 0.5302083333333333 0.159375 0.7104166666666667
0 0.16640625 0.49166666666666664 0.1859375 0.6583333333333333