0 0.40078125 0.46770833333333334 0.0390625 0.10625
0 0.57578125 0.48020833333333335 0.0421875 0.17291666666666666
0 0.47734375 0.47604166666666664 0.0359375 0.12291666666666666
0 0.74921875 0.50625 0.0984375 0.35833333333333334
0 0.1734375 0.496875 0.1875 0.7104166666666667
0 0.6484375 0.5208333333333334 0.159375 0.7125
0 0.40078125 0.46770833333333334 0.0390625 0.10625
0 0.57578125 0.48020833333333335 0.0421875 0.17291666666666666
0 0.47734375 0.47604166666666664 0.0359375 0.12291666666666666
0 0.74921875 0.50625 0.0984375 0.35833333333333334
0 0.1734375 0.496875 0.1875 0.7104166666666667
0 0.6484375 0.5208333333333334 0.159375 0.7125