0 0.41171875 0.46875 0.0359375 0.10416666666666667
0 0.5859375 0.48333333333333334 0.04375 0.175
0 0.4875 0.47708333333333336 0.0375 0.12083333333333333
0 0.7625 0.509375 0.1 0.36041666666666666
0 0.6625 0.525 0.159375 0.7208333333333333
0 0.16328125 0.5 0.2078125 0.7416666666666667
0 0.41171875 0.46875 0.0359375 0.10416666666666667
0 0.5859375 0.48333333333333334 0.04375 0.175
0 0.4875 0.47708333333333336 0.0375 0.12083333333333333
0 0.7625 0.509375 0.1 0.36041666666666666
0 0.6625 0.525 0.159375 0.7208333333333333
0 0.16328125 0.5 0.2078125 0.7416666666666667