0 0.4203125 0.46770833333333334 0.034375 0.11041666666666666
0 0.49140625 0.4791666666666667 0.0359375 0.12083333333333333
0 0.59296875 0.48541666666666666 0.0453125 0.17083333333333334
0 0.7671875 0.5135416666666667 0.1 0.36041666666666666
0 0.67421875 0.5354166666666667 0.1609375 0.7333333333333333
0 0.14609375 0.5114583333333333 0.2421875 0.8020833333333334
0 0.0203125 0.46458333333333335 0.040625 0.22916666666666666
0 0.4203125 0.46770833333333334 0.034375 0.11041666666666666
0 0.49140625 0.4791666666666667 0.0359375 0.12083333333333333
0 0.59296875 0.48541666666666666 0.0453125 0.17083333333333334
0 0.7671875 0.5135416666666667 0.1 0.36041666666666666
0 0.67421875 0.5354166666666667 0.1609375 0.7333333333333333
0 0.14609375 0.5114583333333333 0.2421875 0.8020833333333334
0 0.0203125 0.46458333333333335 0.040625 0.22916666666666666