0 0.0234375 0.4708333333333333 0.046875 0.22916666666666666
0 0.43671875 0.47291666666666665 0.0328125 0.1125
0 0.5 0.4822916666666667 0.034375 0.12291666666666666
0 0.603125 0.4895833333333333 0.046875 0.17083333333333334
0 0.7828125 0.525 0.1 0.3625
0 0.69296875 0.55625 0.1671875 0.7458333333333333
0 0.134375 0.5270833333333333 0.2625 0.875
0 0.0234375 0.4708333333333333 0.046875 0.22916666666666666
0 0.43671875 0.47291666666666665 0.0328125 0.1125
0 0.5 0.4822916666666667 0.034375 0.12291666666666666
0 0.603125 0.4895833333333333 0.046875 0.17083333333333334
0 0.7828125 0.525 0.1 0.3625
0 0.69296875 0.55625 0.1671875 0.7458333333333333
0 0.134375 0.5270833333333333 0.2625 0.875