0 0.02734375 0.459375 0.0546875 0.2520833333333333
0 0.44296875 0.47291666666666665 0.0328125 0.1125
0 0.50546875 0.48333333333333334 0.0359375 0.125
0 0.609375 0.48854166666666665 0.046875 0.16875
0 0.79140625 0.5260416666666666 0.1015625 0.3645833333333333
0 0.7015625 0.5625 0.1625 0.7583333333333333
0 0.13046875 0.5333333333333333 0.2609375 0.9333333333333333
0 0.02734375 0.459375 0.0546875 0.2520833333333333
0 0.44296875 0.47291666666666665 0.0328125 0.1125
0 0.50546875 0.48333333333333334 0.0359375 0.125
0 0.609375 0.48854166666666665 0.046875 0.16875
0 0.79140625 0.5260416666666666 0.1015625 0.3645833333333333
0 0.7015625 0.5625 0.1625 0.7583333333333333
0 0.13046875 0.5333333333333333 0.2609375 0.9333333333333333