0 0.4515625 0.46979166666666666 0.03125 0.11458333333333333
0 0.7984375 0.521875 0.1 0.36875
0 0.509375 0.48125 0.0375 0.12916666666666668
0 0.615625 0.484375 0.046875 0.17291666666666666
0 0.7140625 0.5520833333333334 0.16875 0.75
0 0 0.0010416666666666667 0 0.0020833333333333333
0 0.0296875 0.45416666666666666 0.059375 0.25416666666666665
0 0.4515625 0.46979166666666666 0.03125 0.11458333333333333
0 0.7984375 0.521875 0.1 0.36875
0 0.509375 0.48125 0.0375 0.12916666666666668
0 0.615625 0.484375 0.046875 0.17291666666666666
0 0.7140625 0.5520833333333334 0.16875 0.75
0 0 0.0010416666666666667 0 0.0020833333333333333
0 0.0296875 0.45416666666666666 0.059375 0.25416666666666665