0 0.27734375 0.4739583333333333 0.0609375 0.16041666666666668
0 0.8171875 0.5125 0.1 0.36666666666666664
0 0.47265625 0.46979166666666666 0.0328125 0.11458333333333333
0 0.63671875 0.484375 0.0546875 0.17291666666666666
0 0.525 0.478125 0.0375 0.12708333333333333
0 0.74296875 0.53125 0.1734375 0.7333333333333333
0 0 0.0010416666666666667 0 0.0020833333333333333
0 0.03359375 0.44479166666666664 0.0671875 0.2520833333333333
0 0.27734375 0.4739583333333333 0.0609375 0.16041666666666668
0 0.8171875 0.5125 0.1 0.36666666666666664
0 0.47265625 0.46979166666666666 0.0328125 0.11458333333333333
0 0.63671875 0.484375 0.0546875 0.17291666666666666
0 0.525 0.478125 0.0375 0.12708333333333333
0 0.74296875 0.53125 0.1734375 0.7333333333333333
0 0 0.0010416666666666667 0 0.0020833333333333333
0 0.03359375 0.44479166666666664 0.0671875 0.2520833333333333