0 0.825 0.503125 0.1 0.38125
0 0.284375 0.4739583333333333 0.059375 0.16041666666666668
0 0.48359375 0.46979166666666666 0.0328125 0.11458333333333333
0 0.64765625 0.48333333333333334 0.0484375 0.17083333333333334
0 0 0.0010416666666666667 0 0.0020833333333333333
0 0.53359375 0.48020833333333335 0.0390625 0.13125
0 0.7609375 0.5364583333333334 0.178125 0.7479166666666667
0 0.20390625 0.4625 0.0390625 0.1125
0 0.0375 0.4395833333333333 0.065625 0.25416666666666665
0 0.825 0.503125 0.1 0.38125
0 0.284375 0.4739583333333333 0.059375 0.16041666666666668
0 0.48359375 0.46979166666666666 0.0328125 0.11458333333333333
0 0.64765625 0.48333333333333334 0.0484375 0.17083333333333334
0 0 0.0010416666666666667 0 0.0020833333333333333
0 0.53359375 0.48020833333333335 0.0390625 0.13125
0 0.7609375 0.5364583333333334 0.178125 0.7479166666666667
0 0.20390625 0.4625 0.0390625 0.1125
0 0.0375 0.4395833333333333 0.065625 0.25416666666666665