0 0.85546875 0.5114583333333333 0.0390625 0.13958333333333334
0 0.2421875 0.509375 0.034375 0.13958333333333334
0 0.7984375 0.5020833333333333 0.046875 0.15833333333333333
0 0.26953125 0.5166666666666667 0.0484375 0.16666666666666666
0 0.73359375 0.5333333333333333 0.0515625 0.16666666666666666
0 0.15546875 0.51875 0.0484375 0.17083333333333334
0 0.3140625 0.509375 0.046875 0.16041666666666668
0 0.225 0.5229166666666667 0.05 0.16666666666666666
0 0.1078125 0.5083333333333333 0.059375 0.20833333333333334
0 0.378125 0.5125 0.040625 0.125
0 0.48359375 0.509375 0.0546875 0.17708333333333334
0 0.6515625 0.5145833333333333 0.071875 0.2375
0 0.878125 0.5114583333333333 0.034375 0.12708333333333333
0 0.196875 0.5135416666666667 0.034375 0.12708333333333333
0 0.85546875 0.5114583333333333 0.0390625 0.13958333333333334
0 0.2421875 0.509375 0.034375 0.13958333333333334
0 0.7984375 0.5020833333333333 0.046875 0.15833333333333333
0 0.26953125 0.5166666666666667 0.0484375 0.16666666666666666
0 0.73359375 0.5333333333333333 0.0515625 0.16666666666666666
0 0.15546875 0.51875 0.0484375 0.17083333333333334
0 0.3140625 0.509375 0.046875 0.16041666666666668
0 0.225 0.5229166666666667 0.05 0.16666666666666666
0 0.1078125 0.5083333333333333 0.059375 0.20833333333333334
0 0.378125 0.5125 0.040625 0.125
0 0.48359375 0.509375 0.0546875 0.17708333333333334
0 0.6515625 0.5145833333333333 0.071875 0.2375
0 0.878125 0.5114583333333333 0.034375 0.12708333333333333
0 0.196875 0.5135416666666667 0.034375 0.12708333333333333