0 0.20859375 0.46041666666666664 0.0359375 0.1125
0 0.828125 0.49895833333333334 0.103125 0.41041666666666665
0 0.28828125 0.4708333333333333 0.0578125 0.1625
0 0 0.0010416666666666667 0 0.0020833333333333333
0 0.4921875 0.46770833333333334 0.03125 0.11458333333333333
0 0.6546875 0.48333333333333334 0.046875 0.17083333333333334
0 0.53828125 0.478125 0.0390625 0.13541666666666666
0 0.77578125 0.54375 0.1765625 0.7625
0 0.453125 0.4739583333333333 0.021875 0.07291666666666667
0 0.72265625 0.5020833333333333 0.0859375 0.35
0 0.04140625 0.4354166666666667 0.0671875 0.25416666666666665
0 0.20859375 0.46041666666666664 0.0359375 0.1125
0 0.828125 0.49895833333333334 0.103125 0.41041666666666665
0 0.28828125 0.4708333333333333 0.0578125 0.1625
0 0 0.0010416666666666667 0 0.0020833333333333333
0 0.4921875 0.46770833333333334 0.03125 0.11458333333333333
0 0.6546875 0.48333333333333334 0.046875 0.17083333333333334
0 0.53828125 0.478125 0.0390625 0.13541666666666666
0 0.77578125 0.54375 0.1765625 0.7625
0 0.453125 0.4739583333333333 0.021875 0.07291666666666667
0 0.72265625 0.5020833333333333 0.0859375 0.35
0 0.04140625 0.4354166666666667 0.0671875 0.25416666666666665