0 0.290625 0.48125 0.0625 0.16666666666666666
0 0.45703125 0.48333333333333334 0.0203125 0.07083333333333333
0 0.84609375 0.515625 0.1046875 0.38958333333333334
0 0.21171875 0.46979166666666666 0.0359375 0.11041666666666666
0 0.73359375 0.509375 0.0890625 0.36875
0 0.50546875 0.47604166666666664 0.0328125 0.12291666666666666
0 0.54375 0.484375 0.040625 0.13541666666666666
0 0.6671875 0.48854166666666665 0.046875 0.16875
0 0.15390625 0.46770833333333334 0.0421875 0.13541666666666666
0 0.79296875 0.5604166666666667 0.1703125 0.7666666666666667
0 0.05 0.42604166666666665 0.065625 0.2520833333333333
0 0.290625 0.48125 0.0625 0.16666666666666666
0 0.45703125 0.48333333333333334 0.0203125 0.07083333333333333
0 0.84609375 0.515625 0.1046875 0.38958333333333334
0 0.21171875 0.46979166666666666 0.0359375 0.11041666666666666
0 0.73359375 0.509375 0.0890625 0.36875
0 0.50546875 0.47604166666666664 0.0328125 0.12291666666666666
0 0.54375 0.484375 0.040625 0.13541666666666666
0 0.6671875 0.48854166666666665 0.046875 0.16875
0 0.15390625 0.46770833333333334 0.0421875 0.13541666666666666
0 0.79296875 0.5604166666666667 0.1703125 0.7666666666666667
0 0.05 0.42604166666666665 0.065625 0.2520833333333333