0 0.290625 0.48020833333333335 0.059375 0.15625
0 0.846875 0.5104166666666666 0.103125 0.39166666666666666
0 0.2125 0.46770833333333334 0.034375 0.11041666666666666
0 0.45859375 0.48333333333333334 0.0234375 0.07083333333333333
0 0.7390625 0.5104166666666666 0.09375 0.375
0 0.50859375 0.47604166666666664 0.0328125 0.12291666666666666
0 0.6703125 0.48854166666666665 0.05 0.17291666666666666
0 0.54453125 0.4822916666666667 0.0421875 0.13958333333333334
0 0.15390625 0.4666666666666667 0.0421875 0.13333333333333333
0 0.7984375 0.55 0.171875 0.7541666666666667
0 0.05859375 0.4666666666666667 0.0640625 0.22916666666666666
0 0.290625 0.48020833333333335 0.059375 0.15625
0 0.846875 0.5104166666666666 0.103125 0.39166666666666666
0 0.2125 0.46770833333333334 0.034375 0.11041666666666666
0 0.45859375 0.48333333333333334 0.0234375 0.07083333333333333
0 0.7390625 0.5104166666666666 0.09375 0.375
0 0.50859375 0.47604166666666664 0.0328125 0.12291666666666666
0 0.6703125 0.48854166666666665 0.05 0.17291666666666666
0 0.54453125 0.4822916666666667 0.0421875 0.13958333333333334
0 0.15390625 0.4666666666666667 0.0421875 0.13333333333333333
0 0.7984375 0.55 0.171875 0.7541666666666667
0 0.05859375 0.4666666666666667 0.0640625 0.22916666666666666