0 0.45546875 0.4822916666666667 0.0203125 0.06875
0 0.209375 0.4666666666666667 0.034375 0.1125
0 0.28515625 0.48020833333333335 0.0578125 0.16875
0 0.73671875 0.5104166666666666 0.1015625 0.38333333333333336
0 0.51171875 0.47604166666666664 0.0359375 0.12291666666666666
0 0.67109375 0.4895833333333333 0.0484375 0.175
0 0.0484375 0.4635416666666667 0.065625 0.22708333333333333
0 0.1484375 0.4666666666666667 0.040625 0.13333333333333333
0 0.803125 0.540625 0.175 0.7395833333333334
0 0.54140625 0.48541666666666666 0.0421875 0.14166666666666666
0 0.85 0.509375 0.103125 0.38958333333333334
0 0.45546875 0.4822916666666667 0.0203125 0.06875
0 0.209375 0.4666666666666667 0.034375 0.1125
0 0.28515625 0.48020833333333335 0.0578125 0.16875
0 0.73671875 0.5104166666666666 0.1015625 0.38333333333333336
0 0.51171875 0.47604166666666664 0.0359375 0.12291666666666666
0 0.67109375 0.4895833333333333 0.0484375 0.175
0 0.0484375 0.4635416666666667 0.065625 0.22708333333333333
0 0.1484375 0.4666666666666667 0.040625 0.13333333333333333
0 0.803125 0.540625 0.175 0.7395833333333334
0 0.54140625 0.48541666666666666 0.0421875 0.14166666666666666
0 0.85 0.509375 0.103125 0.38958333333333334