0 0.85390625 0.5135416666666667 0.1015625 0.3854166666666667
0 0.2078125 0.4666666666666667 0.034375 0.1125
0 0.2859375 0.478125 0.059375 0.16875
0 0.67578125 0.4895833333333333 0.0484375 0.17083333333333334
0 0.515625 0.47708333333333336 0.040625 0.12916666666666668
0 0.73984375 0.5072916666666667 0.1015625 0.38125
0 0.54296875 0.48541666666666666 0.0421875 0.14166666666666666
0 0.04609375 0.46145833333333336 0.0703125 0.22708333333333333
0 0.14921875 0.465625 0.0421875 0.13541666666666666
0 0.81171875 0.5322916666666667 0.1765625 0.74375
0 0.85390625 0.5135416666666667 0.1015625 0.3854166666666667
0 0.2078125 0.4666666666666667 0.034375 0.1125
0 0.2859375 0.478125 0.059375 0.16875
0 0.67578125 0.4895833333333333 0.0484375 0.17083333333333334
0 0.515625 0.47708333333333336 0.040625 0.12916666666666668
0 0.73984375 0.5072916666666667 0.1015625 0.38125
0 0.54296875 0.48541666666666666 0.0421875 0.14166666666666666
0 0.04609375 0.46145833333333336 0.0703125 0.22708333333333333
0 0.14921875 0.465625 0.0421875 0.13541666666666666
0 0.81171875 0.5322916666666667 0.1765625 0.74375