0 0.86484375 0.50625 0.1078125 0.4
0 0.2109375 0.4625 0.034375 0.1125
0 0.52109375 0.47291666666666665 0.0390625 0.12916666666666668
0 0.68125 0.48333333333333334 0.046875 0.17083333333333334
0 0.54609375 0.48020833333333335 0.0421875 0.14375
0 0.7453125 0.503125 0.103125 0.38125
0 0.153125 0.46041666666666664 0.04375 0.1375
0 0.04765625 0.4583333333333333 0.0703125 0.225
0 0.8234375 0.528125 0.178125 0.74375
0 0.2875 0.47604166666666664 0.059375 0.16875
0 0.86484375 0.50625 0.1078125 0.4
0 0.2109375 0.4625 0.034375 0.1125
0 0.52109375 0.47291666666666665 0.0390625 0.12916666666666668
0 0.68125 0.48333333333333334 0.046875 0.17083333333333334
0 0.54609375 0.48020833333333335 0.0421875 0.14375
0 0.7453125 0.503125 0.103125 0.38125
0 0.153125 0.46041666666666664 0.04375 0.1375
0 0.04765625 0.4583333333333333 0.0703125 0.225
0 0.8234375 0.528125 0.178125 0.74375
0 0.2875 0.47604166666666664 0.059375 0.16875