0 0.86640625 0.5020833333333333 0.1109375 0.425
0 0.525 0.4739583333333333 0.040625 0.12708333333333333
0 0.28984375 0.47708333333333336 0.0640625 0.175
0 0.2109375 0.46458333333333335 0.034375 0.1125
0 0.68671875 0.484375 0.0484375 0.17291666666666666
0 0.75234375 0.50625 0.1046875 0.3875
0 0.54609375 0.4822916666666667 0.0421875 0.14791666666666667
0 0.153125 0.4635416666666667 0.04375 0.13958333333333334
0 0.04609375 0.46458333333333335 0.0703125 0.225
0 0.8359375 0.5385416666666667 0.175 0.7604166666666666
0 0.86640625 0.5020833333333333 0.1109375 0.425
0 0.525 0.4739583333333333 0.040625 0.12708333333333333
0 0.28984375 0.47708333333333336 0.0640625 0.175
0 0.2109375 0.46458333333333335 0.034375 0.1125
0 0.68671875 0.484375 0.0484375 0.17291666666666666
0 0.75234375 0.50625 0.1046875 0.3875
0 0.54609375 0.4822916666666667 0.0421875 0.14791666666666667
0 0.153125 0.4635416666666667 0.04375 0.13958333333333334
0 0.04609375 0.46458333333333335 0.0703125 0.225
0 0.8359375 0.5385416666666667 0.175 0.7604166666666666