0 0.21015625 0.46458333333333335 0.0328125 0.1125
0 0.2890625 0.47604166666666664 0.0625 0.17291666666666666
0 0.68828125 0.48333333333333334 0.0484375 0.17083333333333334
0 0.54609375 0.48125 0.0421875 0.15
0 0.7546875 0.50625 0.103125 0.38333333333333336
0 0.0453125 0.46458333333333335 0.06875 0.22083333333333333
0 0.15234375 0.4625 0.0453125 0.14166666666666666
0 0.84609375 0.5489583333333333 0.1796875 0.7770833333333333
0 0.21015625 0.46458333333333335 0.0328125 0.1125
0 0.2890625 0.47604166666666664 0.0625 0.17291666666666666
0 0.68828125 0.48333333333333334 0.0484375 0.17083333333333334
0 0.54609375 0.48125 0.0421875 0.15
0 0.7546875 0.50625 0.103125 0.38333333333333336
0 0.0453125 0.46458333333333335 0.06875 0.22083333333333333
0 0.15234375 0.4625 0.0453125 0.14166666666666666
0 0.84609375 0.5489583333333333 0.1796875 0.7770833333333333