0 0.28203125 0.4822916666666667 0.0609375 0.16458333333333333
0 0.203125 0.46458333333333335 0.034375 0.1125
0 0.68828125 0.48333333333333334 0.0484375 0.17083333333333334
0 0.54140625 0.4791666666666667 0.0453125 0.15416666666666667
0 0.7546875 0.5083333333333333 0.103125 0.37916666666666665
0 0.03828125 0.4666666666666667 0.0671875 0.22083333333333333
0 0.14609375 0.4635416666666667 0.0453125 0.14375
0 0.8515625 0.5572916666666666 0.18125 0.7854166666666667
0 0.28203125 0.4822916666666667 0.0609375 0.16458333333333333
0 0.203125 0.46458333333333335 0.034375 0.1125
0 0.68828125 0.48333333333333334 0.0484375 0.17083333333333334
0 0.54140625 0.4791666666666667 0.0453125 0.15416666666666667
0 0.7546875 0.5083333333333333 0.103125 0.37916666666666665
0 0.03828125 0.4666666666666667 0.0671875 0.22083333333333333
0 0.14609375 0.4635416666666667 0.0453125 0.14375
0 0.8515625 0.5572916666666666 0.18125 0.7854166666666667