0 0.890625 0.5135416666666667 0.0375 0.13125
0 0.2484375 0.5135416666666667 0.0375 0.14375
0 0.8078125 0.5041666666666667 0.046875 0.1625
0 0.8671875 0.5114583333333333 0.04375 0.14375
0 0.159375 0.5208333333333334 0.046875 0.17083333333333334
0 0.7375 0.5395833333333333 0.05625 0.16666666666666666
0 0.27578125 0.5197916666666667 0.0515625 0.16875
0 0.23046875 0.5291666666666667 0.0515625 0.17083333333333334
0 0.4921875 0.5125 0.05625 0.17916666666666667
0 0.32265625 0.5145833333333333 0.0484375 0.1625
0 0.38359375 0.5177083333333333 0.0390625 0.12708333333333333
0 0.65703125 0.5166666666666667 0.0703125 0.24166666666666667
0 0.1140625 0.5177083333333333 0.0625 0.21458333333333332
0 0.7578125 0.5114583333333333 0.0375 0.13541666666666666
0 0.2 0.5177083333333333 0.034375 0.12708333333333333
0 0.890625 0.5135416666666667 0.0375 0.13125
0 0.2484375 0.5135416666666667 0.0375 0.14375
0 0.8078125 0.5041666666666667 0.046875 0.1625
0 0.8671875 0.5114583333333333 0.04375 0.14375
0 0.159375 0.5208333333333334 0.046875 0.17083333333333334
0 0.7375 0.5395833333333333 0.05625 0.16666666666666666
0 0.27578125 0.5197916666666667 0.0515625 0.16875
0 0.23046875 0.5291666666666667 0.0515625 0.17083333333333334
0 0.4921875 0.5125 0.05625 0.17916666666666667
0 0.32265625 0.5145833333333333 0.0484375 0.1625
0 0.38359375 0.5177083333333333 0.0390625 0.12708333333333333
0 0.65703125 0.5166666666666667 0.0703125 0.24166666666666667
0 0.1140625 0.5177083333333333 0.0625 0.21458333333333332
0 0.7578125 0.5114583333333333 0.0375 0.13541666666666666
0 0.2 0.5177083333333333 0.034375 0.12708333333333333