0 0.1984375 0.4708333333333333 0.034375 0.1125
0 0.2796875 0.484375 0.065625 0.17708333333333334
0 0.6890625 0.490625 0.05 0.17291666666666666
0 0.53828125 0.4895833333333333 0.0453125 0.15833333333333333
0 0.03203125 0.47291666666666665 0.0640625 0.22083333333333333
0 0.140625 0.46979166666666666 0.04375 0.14791666666666667
0 0.75703125 0.5166666666666667 0.1046875 0.3875
0 0.85625 0.5520833333333334 0.178125 0.7708333333333334
0 0.1984375 0.4708333333333333 0.034375 0.1125
0 0.2796875 0.484375 0.065625 0.17708333333333334
0 0.6890625 0.490625 0.05 0.17291666666666666
0 0.53828125 0.4895833333333333 0.0453125 0.15833333333333333
0 0.03203125 0.47291666666666665 0.0640625 0.22083333333333333
0 0.140625 0.46979166666666666 0.04375 0.14791666666666667
0 0.75703125 0.5166666666666667 0.1046875 0.3875
0 0.85625 0.5520833333333334 0.178125 0.7708333333333334