0 0.27578125 0.48541666666666666 0.0640625 0.17083333333333334
0 0.19609375 0.46770833333333334 0.0359375 0.11458333333333333
0 0.69296875 0.48854166666666665 0.0515625 0.17291666666666666
0 0.1375 0.465625 0.04375 0.14375
0 0.53828125 0.4864583333333333 0.0453125 0.15625
0 0.03125 0.4666666666666667 0.0625 0.225
0 0.76015625 0.5104166666666666 0.1078125 0.39166666666666666
0 0.865625 0.5354166666666667 0.18125 0.75
0 0.27578125 0.48541666666666666 0.0640625 0.17083333333333334
0 0.19609375 0.46770833333333334 0.0359375 0.11458333333333333
0 0.69296875 0.48854166666666665 0.0515625 0.17291666666666666
0 0.1375 0.465625 0.04375 0.14375
0 0.53828125 0.4864583333333333 0.0453125 0.15625
0 0.03125 0.4666666666666667 0.0625 0.225
0 0.76015625 0.5104166666666666 0.1078125 0.39166666666666666
0 0.865625 0.5354166666666667 0.18125 0.75