0 0.27421875 0.47708333333333336 0.0640625 0.17083333333333334
0 0.19375 0.46145833333333336 0.034375 0.11458333333333333
0 0.69609375 0.484375 0.0515625 0.17291666666666666
0 0.53671875 0.48125 0.0484375 0.15833333333333333
0 0.0296875 0.4583333333333333 0.059375 0.225
0 0.13515625 0.46041666666666664 0.0453125 0.14583333333333334
0 0.7625 0.49895833333333334 0.10625 0.3854166666666667
0 0.8734375 0.5270833333333333 0.184375 0.7541666666666667
0 0.27421875 0.47708333333333336 0.0640625 0.17083333333333334
0 0.19375 0.46145833333333336 0.034375 0.11458333333333333
0 0.69609375 0.484375 0.0515625 0.17291666666666666
0 0.53671875 0.48125 0.0484375 0.15833333333333333
0 0.0296875 0.4583333333333333 0.059375 0.225
0 0.13515625 0.46041666666666664 0.0453125 0.14583333333333334
0 0.7625 0.49895833333333334 0.10625 0.3854166666666667
0 0.8734375 0.5270833333333333 0.184375 0.7541666666666667