0 0.26796875 0.4822916666666667 0.0640625 0.17708333333333334
0 0.18671875 0.4635416666666667 0.0328125 0.11875
0 0.12421875 0.4625 0.0453125 0.15
0 0.02421875 0.46041666666666664 0.0484375 0.22916666666666666
0 0.69921875 0.4895833333333333 0.0515625 0.17083333333333334
0 0.53125 0.48541666666666666 0.05 0.1625
0 0.76484375 0.50625 0.1078125 0.39166666666666666
0 0.88046875 0.5364583333333334 0.1859375 0.7604166666666666
0 0.26796875 0.4822916666666667 0.0640625 0.17708333333333334
0 0.18671875 0.4635416666666667 0.0328125 0.11875
0 0.12421875 0.4625 0.0453125 0.15
0 0.02421875 0.46041666666666664 0.0484375 0.22916666666666666
0 0.69921875 0.4895833333333333 0.0515625 0.17083333333333334
0 0.53125 0.48541666666666666 0.05 0.1625
0 0.76484375 0.50625 0.1078125 0.39166666666666666
0 0.88046875 0.5364583333333334 0.1859375 0.7604166666666666