0 0.26484375 0.4864583333333333 0.0640625 0.17708333333333334
0 0.1859375 0.465625 0.034375 0.11875
0 0.02265625 0.4625 0.0453125 0.22916666666666666
0 0.121875 0.4635416666666667 0.046875 0.15208333333333332
0 0.70078125 0.49166666666666664 0.0546875 0.17083333333333334
0 0.5296875 0.48854166666666665 0.05 0.16458333333333333
0 0.765625 0.5083333333333333 0.10625 0.3875
0 0.8828125 0.540625 0.1875 0.76875
0 0.44140625 0.4739583333333333 0.0265625 0.09791666666666667
0 0.046875 0.465625 0.04375 0.13125
0 0.26484375 0.4864583333333333 0.0640625 0.17708333333333334
0 0.1859375 0.465625 0.034375 0.11875
0 0.02265625 0.4625 0.0453125 0.22916666666666666
0 0.121875 0.4635416666666667 0.046875 0.15208333333333332
0 0.70078125 0.49166666666666664 0.0546875 0.17083333333333334
0 0.5296875 0.48854166666666665 0.05 0.16458333333333333
0 0.765625 0.5083333333333333 0.10625 0.3875
0 0.8828125 0.540625 0.1875 0.76875
0 0.44140625 0.4739583333333333 0.0265625 0.09791666666666667
0 0.046875 0.465625 0.04375 0.13125