0 0.446875 0.46979166666666666 0.028125 0.09791666666666667
0 0.26640625 0.478125 0.0640625 0.18541666666666667
0 0.05546875 0.465625 0.0390625 0.13125
0 0.18515625 0.46458333333333335 0.0359375 0.12083333333333333
0 0.02109375 0.4635416666666667 0.0421875 0.22708333333333333
0 0.71015625 0.4864583333333333 0.0546875 0.17291666666666666
0 0.53203125 0.4822916666666667 0.0515625 0.16875
0 0.1203125 0.4635416666666667 0.046875 0.15208333333333332
0 0.7703125 0.5083333333333333 0.109375 0.39166666666666666
0 0.89296875 0.5479166666666667 0.1953125 0.7791666666666667
0 0.1578125 0.46041666666666664 0.034375 0.09583333333333334
0 0.446875 0.46979166666666666 0.028125 0.09791666666666667
0 0.26640625 0.478125 0.0640625 0.18541666666666667
0 0.05546875 0.465625 0.0390625 0.13125
0 0.18515625 0.46458333333333335 0.0359375 0.12083333333333333
0 0.02109375 0.4635416666666667 0.0421875 0.22708333333333333
0 0.71015625 0.4864583333333333 0.0546875 0.17291666666666666
0 0.53203125 0.4822916666666667 0.0515625 0.16875
0 0.1203125 0.4635416666666667 0.046875 0.15208333333333332
0 0.7703125 0.5083333333333333 0.109375 0.39166666666666666
0 0.89296875 0.5479166666666667 0.1953125 0.7791666666666667
0 0.1578125 0.46041666666666664 0.034375 0.09583333333333334