0 0.44765625 0.47708333333333336 0.0296875 0.1
0 0.5390625 0.48333333333333334 0.0375 0.14583333333333334
0 0.71171875 0.4895833333333333 0.0546875 0.1875
0 0.1203125 0.46458333333333335 0.0375 0.1
0 0.24375 0.4822916666666667 0.06875 0.19375
0 0.0375 0.4708333333333333 0.04375 0.12916666666666668
0 0.1578125 0.4708333333333333 0.0375 0.12083333333333333
0 0.753125 0.5177083333333333 0.10625 0.38958333333333334
0 0.5109375 0.490625 0.059375 0.17708333333333334
0 0.08671875 0.46770833333333334 0.0484375 0.16041666666666668
0 0.87890625 0.54375 0.1890625 0.7625
0 0.44765625 0.47708333333333336 0.0296875 0.1
0 0.5390625 0.48333333333333334 0.0375 0.14583333333333334
0 0.71171875 0.4895833333333333 0.0546875 0.1875
0 0.1203125 0.46458333333333335 0.0375 0.1
0 0.24375 0.4822916666666667 0.06875 0.19375
0 0.0375 0.4708333333333333 0.04375 0.12916666666666668
0 0.1578125 0.4708333333333333 0.0375 0.12083333333333333
0 0.753125 0.5177083333333333 0.10625 0.38958333333333334
0 0.5109375 0.490625 0.059375 0.17708333333333334
0 0.08671875 0.46770833333333334 0.0484375 0.16041666666666668
0 0.87890625 0.54375 0.1890625 0.7625