0 0.7640625 0.5010416666666667 0.0375 0.13958333333333334
0 0.2546875 0.5041666666666667 0.0375 0.14583333333333334
0 0.87578125 0.5010416666666667 0.0453125 0.14375
0 0.28203125 0.5104166666666666 0.0515625 0.175
0 0.8171875 0.49166666666666664 0.046875 0.1625
0 0.74296875 0.5270833333333333 0.0546875 0.17083333333333334
0 0.2359375 0.51875 0.05 0.17083333333333334
0 0.165625 0.5135416666666667 0.046875 0.17291666666666666
0 0.33046875 0.5072916666666667 0.0484375 0.16041666666666668
0 0.3921875 0.5072916666666667 0.040625 0.12708333333333333
0 0.12109375 0.5104166666666666 0.0640625 0.21666666666666667
0 0.5 0.5020833333333333 0.05625 0.18333333333333332
0 0.66328125 0.5072916666666667 0.0703125 0.24375
0 0.89765625 0.5052083333333334 0.0359375 0.13125
0 0.20390625 0.5125 0.0359375 0.12916666666666668
0 0.7640625 0.5010416666666667 0.0375 0.13958333333333334
0 0.2546875 0.5041666666666667 0.0375 0.14583333333333334
0 0.87578125 0.5010416666666667 0.0453125 0.14375
0 0.28203125 0.5104166666666666 0.0515625 0.175
0 0.8171875 0.49166666666666664 0.046875 0.1625
0 0.74296875 0.5270833333333333 0.0546875 0.17083333333333334
0 0.2359375 0.51875 0.05 0.17083333333333334
0 0.165625 0.5135416666666667 0.046875 0.17291666666666666
0 0.33046875 0.5072916666666667 0.0484375 0.16041666666666668
0 0.3921875 0.5072916666666667 0.040625 0.12708333333333333
0 0.12109375 0.5104166666666666 0.0640625 0.21666666666666667
0 0.5 0.5020833333333333 0.05625 0.18333333333333332
0 0.66328125 0.5072916666666667 0.0703125 0.24375
0 0.89765625 0.5052083333333334 0.0359375 0.13125
0 0.20390625 0.5125 0.0359375 0.12916666666666668