0 0.42265625 0.47291666666666665 0.0328125 0.10416666666666667
0 0.2234375 0.48020833333333335 0.075 0.19791666666666666
0 0.02109375 0.4666666666666667 0.0421875 0.12916666666666668
0 0.53046875 0.47604166666666664 0.0390625 0.13125
0 0.1359375 0.4666666666666667 0.0375 0.125
0 0.06015625 0.465625 0.0515625 0.16875
0 0.490625 0.4875 0.05625 0.18333333333333332
0 0.7359375 0.5083333333333333 0.115625 0.3875
0 0.8734375 0.5270833333333333 0.190625 0.7458333333333333
0 0.42265625 0.47291666666666665 0.0328125 0.10416666666666667
0 0.2234375 0.48020833333333335 0.075 0.19791666666666666
0 0.02109375 0.4666666666666667 0.0421875 0.12916666666666668
0 0.53046875 0.47604166666666664 0.0390625 0.13125
0 0.1359375 0.4666666666666667 0.0375 0.125
0 0.06015625 0.465625 0.0515625 0.16875
0 0.490625 0.4875 0.05625 0.18333333333333332
0 0.7359375 0.5083333333333333 0.115625 0.3875
0 0.8734375 0.5270833333333333 0.190625 0.7458333333333333