0 0.415625 0.47291666666666665 0.0375 0.10416666666666667
0 0.203125 0.478125 0.078125 0.20208333333333334
0 0.115625 0.4625 0.04375 0.12916666666666668
0 0.52421875 0.475 0.0421875 0.1375
0 0.03359375 0.46041666666666664 0.0546875 0.175
0 0.87265625 0.5520833333333334 0.1859375 0.7791666666666667
0 0.47421875 0.48333333333333334 0.0609375 0.19583333333333333
0 0.728125 0.5083333333333333 0.11875 0.39166666666666666
0 0.415625 0.47291666666666665 0.0375 0.10416666666666667
0 0.203125 0.478125 0.078125 0.20208333333333334
0 0.115625 0.4625 0.04375 0.12916666666666668
0 0.52421875 0.475 0.0421875 0.1375
0 0.03359375 0.46041666666666664 0.0546875 0.175
0 0.87265625 0.5520833333333334 0.1859375 0.7791666666666667
0 0.47421875 0.48333333333333334 0.0609375 0.19583333333333333
0 0.728125 0.5083333333333333 0.11875 0.39166666666666666