0 0.4171875 0.46770833333333334 0.0375 0.10625
0 0.1984375 0.47291666666666665 0.075 0.20416666666666666
0 0.11328125 0.459375 0.0421875 0.13125
0 0.5265625 0.4708333333333333 0.04375 0.1375
0 0.02890625 0.45625 0.0578125 0.17916666666666667
0 0.87578125 0.5520833333333334 0.1828125 0.7833333333333333
0 0.471875 0.4791666666666667 0.059375 0.2
0 0.7296875 0.5052083333333334 0.115625 0.38958333333333334
0 0.4171875 0.46770833333333334 0.0375 0.10625
0 0.1984375 0.47291666666666665 0.075 0.20416666666666666
0 0.11328125 0.459375 0.0421875 0.13125
0 0.5265625 0.4708333333333333 0.04375 0.1375
0 0.02890625 0.45625 0.0578125 0.17916666666666667
0 0.87578125 0.5520833333333334 0.1828125 0.7833333333333333
0 0.471875 0.4791666666666667 0.059375 0.2
0 0.7296875 0.5052083333333334 0.115625 0.38958333333333334