0 0.42109375 0.471875 0.0359375 0.10625
0 0.1984375 0.4791666666666667 0.078125 0.20416666666666666
0 0.53125 0.47291666666666665 0.04375 0.1375
0 0.1109375 0.4635416666666667 0.040625 0.13125
0 0.025 0.459375 0.05 0.18125
0 0.88359375 0.55 0.1859375 0.7875
0 0.46953125 0.48541666666666666 0.0640625 0.20416666666666666
0 0.7359375 0.5104166666666666 0.115625 0.3958333333333333
0 0.42109375 0.471875 0.0359375 0.10625
0 0.1984375 0.4791666666666667 0.078125 0.20416666666666666
0 0.53125 0.47291666666666665 0.04375 0.1375
0 0.1109375 0.4635416666666667 0.040625 0.13125
0 0.025 0.459375 0.05 0.18125
0 0.88359375 0.55 0.1859375 0.7875
0 0.46953125 0.48541666666666666 0.0640625 0.20416666666666666
0 0.7359375 0.5104166666666666 0.115625 0.3958333333333333