0 0.4234375 0.471875 0.034375 0.10625
0 0.19609375 0.48020833333333335 0.0796875 0.20625
0 0.10859375 0.4666666666666667 0.0421875 0.13333333333333333
0 0.025 0.4625 0.05 0.18333333333333332
0 0.5359375 0.471875 0.040625 0.13958333333333334
0 0.46953125 0.4875 0.0640625 0.20833333333333334
0 0.73984375 0.509375 0.1140625 0.39791666666666664
0 0.88671875 0.5385416666666667 0.1921875 0.7729166666666667
0 0.4234375 0.471875 0.034375 0.10625
0 0.19609375 0.48020833333333335 0.0796875 0.20625
0 0.10859375 0.4666666666666667 0.0421875 0.13333333333333333
0 0.025 0.4625 0.05 0.18333333333333332
0 0.5359375 0.471875 0.040625 0.13958333333333334
0 0.46953125 0.4875 0.0640625 0.20833333333333334
0 0.73984375 0.509375 0.1140625 0.39791666666666664
0 0.88671875 0.5385416666666667 0.1921875 0.7729166666666667