0 0.0171875 0.4635416666666667 0.034375 0.18958333333333333
0 0.09765625 0.46770833333333334 0.0421875 0.13541666666666666
0 0.18671875 0.484375 0.0828125 0.21041666666666667
0 0.53515625 0.47708333333333336 0.0421875 0.14583333333333334
0 0.459375 0.4895833333333333 0.06875 0.21666666666666667
0 0.88828125 0.534375 0.1984375 0.7645833333333333
0 0.7375 0.5114583333333333 0.11875 0.40208333333333335
0 0.42109375 0.4739583333333333 0.0328125 0.10625
0 0.0171875 0.4635416666666667 0.034375 0.18958333333333333
0 0.09765625 0.46770833333333334 0.0421875 0.13541666666666666
0 0.18671875 0.484375 0.0828125 0.21041666666666667
0 0.53515625 0.47708333333333336 0.0421875 0.14583333333333334
0 0.459375 0.4895833333333333 0.06875 0.21666666666666667
0 0.88828125 0.534375 0.1984375 0.7645833333333333
0 0.7375 0.5114583333333333 0.11875 0.40208333333333335
0 0.42109375 0.4739583333333333 0.0328125 0.10625