0 0.42109375 0.478125 0.0296875 0.11041666666666666
0 0.1796875 0.4875 0.084375 0.2125
0 0.53203125 0.48020833333333335 0.0421875 0.14375
0 0.09140625 0.46979166666666666 0.0421875 0.13541666666666666
0 0.4546875 0.4895833333333333 0.06875 0.22083333333333333
0 0.8859375 0.5375 0.2 0.7666666666666667
0 0.73515625 0.5072916666666667 0.1171875 0.39375
0 0.42109375 0.478125 0.0296875 0.11041666666666666
0 0.1796875 0.4875 0.084375 0.2125
0 0.53203125 0.48020833333333335 0.0421875 0.14375
0 0.09140625 0.46979166666666666 0.0421875 0.13541666666666666
0 0.4546875 0.4895833333333333 0.06875 0.22083333333333333
0 0.8859375 0.5375 0.2 0.7666666666666667
0 0.73515625 0.5072916666666667 0.1171875 0.39375