0 0.1703125 0.4864583333333333 0.0875 0.21458333333333332
0 0.534375 0.478125 0.046875 0.14375
0 0.08203125 0.46770833333333334 0.0421875 0.13958333333333334
0 0.44921875 0.4864583333333333 0.0703125 0.22708333333333333
0 0.8890625 0.5447916666666667 0.20625 0.79375
0 0.734375 0.5041666666666667 0.115625 0.3958333333333333
0 0.83984375 0.5197916666666667 0.1046875 0.39791666666666664
0 0.4203125 0.478125 0.03125 0.11041666666666666
0 0.1703125 0.4864583333333333 0.0875 0.21458333333333332
0 0.534375 0.478125 0.046875 0.14375
0 0.08203125 0.46770833333333334 0.0421875 0.13958333333333334
0 0.44921875 0.4864583333333333 0.0703125 0.22708333333333333
0 0.8890625 0.5447916666666667 0.20625 0.79375
0 0.734375 0.5041666666666667 0.115625 0.3958333333333333
0 0.83984375 0.5197916666666667 0.1046875 0.39791666666666664
0 0.4203125 0.478125 0.03125 0.11041666666666666