0 0.16640625 0.4895833333333333 0.0921875 0.21666666666666667
0 0.8390625 0.5197916666666667 0.109375 0.39375
0 0.534375 0.48020833333333335 0.046875 0.14375
0 0.07578125 0.46875 0.0421875 0.1375
0 0.884375 0.55 0.2125 0.7958333333333333
0 0.4453125 0.48541666666666666 0.071875 0.23333333333333334
0 0.73359375 0.50625 0.1109375 0.4
0 0.4203125 0.478125 0.03125 0.11041666666666666
0 0.16640625 0.4895833333333333 0.0921875 0.21666666666666667
0 0.8390625 0.5197916666666667 0.109375 0.39375
0 0.534375 0.48020833333333335 0.046875 0.14375
0 0.07578125 0.46875 0.0421875 0.1375
0 0.884375 0.55 0.2125 0.7958333333333333
0 0.4453125 0.48541666666666666 0.071875 0.23333333333333334
0 0.73359375 0.50625 0.1109375 0.4
0 0.4203125 0.478125 0.03125 0.11041666666666666