0 0.77109375 0.49270833333333336 0.0390625 0.13541666666666666
0 0.259375 0.5020833333333333 0.0375 0.15
0 0.8859375 0.49166666666666664 0.04375 0.14583333333333334
0 0.82421875 0.48333333333333334 0.0484375 0.16666666666666666
0 0.74765625 0.5208333333333334 0.0546875 0.175
0 0.16953125 0.5135416666666667 0.0515625 0.17708333333333334
0 0.28828125 0.5083333333333333 0.0546875 0.175
0 0.240625 0.515625 0.053125 0.17291666666666666
0 0.39765625 0.5052083333333334 0.0421875 0.12708333333333333
0 0.50859375 0.4979166666666667 0.0578125 0.18333333333333332
0 0.1265625 0.5125 0.065625 0.22083333333333333
0 0.66640625 0.49895833333333334 0.0734375 0.24791666666666667
0 0.33671875 0.5052083333333334 0.0515625 0.16458333333333333
0 0.90703125 0.496875 0.0359375 0.13125
0 0.2078125 0.5114583333333333 0.034375 0.12708333333333333
0 0.77109375 0.49270833333333336 0.0390625 0.13541666666666666
0 0.259375 0.5020833333333333 0.0375 0.15
0 0.8859375 0.49166666666666664 0.04375 0.14583333333333334
0 0.82421875 0.48333333333333334 0.0484375 0.16666666666666666
0 0.74765625 0.5208333333333334 0.0546875 0.175
0 0.16953125 0.5135416666666667 0.0515625 0.17708333333333334
0 0.28828125 0.5083333333333333 0.0546875 0.175
0 0.240625 0.515625 0.053125 0.17291666666666666
0 0.39765625 0.5052083333333334 0.0421875 0.12708333333333333
0 0.50859375 0.4979166666666667 0.0578125 0.18333333333333332
0 0.1265625 0.5125 0.065625 0.22083333333333333
0 0.66640625 0.49895833333333334 0.0734375 0.24791666666666667
0 0.33671875 0.5052083333333334 0.0515625 0.16458333333333333
0 0.90703125 0.496875 0.0359375 0.13125
0 0.2078125 0.5114583333333333 0.034375 0.12708333333333333