0 0.8390625 0.521875 0.10625 0.40208333333333335
0 0.06640625 0.46979166666666666 0.0453125 0.14375
0 0.53359375 0.48333333333333334 0.0484375 0.14166666666666666
0 0.8875 0.5604166666666667 0.209375 0.8125
0 0.440625 0.490625 0.075 0.23958333333333334
0 0.7328125 0.5125 0.109375 0.4041666666666667
0 0.16015625 0.49375 0.0921875 0.21666666666666667
0 0.4203125 0.48020833333333335 0.03125 0.11041666666666666
0 0.8390625 0.521875 0.10625 0.40208333333333335
0 0.06640625 0.46979166666666666 0.0453125 0.14375
0 0.53359375 0.48333333333333334 0.0484375 0.14166666666666666
0 0.8875 0.5604166666666667 0.209375 0.8125
0 0.440625 0.490625 0.075 0.23958333333333334
0 0.7328125 0.5125 0.109375 0.4041666666666667
0 0.16015625 0.49375 0.0921875 0.21666666666666667
0 0.4203125 0.48020833333333335 0.03125 0.11041666666666666