0 0.84140625 0.51875 0.1078125 0.4083333333333333
0 0.0609375 0.471875 0.046875 0.14791666666666667
0 0.53203125 0.48541666666666666 0.0484375 0.14166666666666666
0 0.884375 0.5614583333333333 0.209375 0.8104166666666667
0 0.43671875 0.49375 0.0765625 0.24583333333333332
0 0.73125 0.5166666666666667 0.109375 0.4083333333333333
0 0.15390625 0.5 0.0921875 0.21666666666666667
0 0.4203125 0.48020833333333335 0.03125 0.11041666666666666
0 0.84140625 0.51875 0.1078125 0.4083333333333333
0 0.0609375 0.471875 0.046875 0.14791666666666667
0 0.53203125 0.48541666666666666 0.0484375 0.14166666666666666
0 0.884375 0.5614583333333333 0.209375 0.8104166666666667
0 0.43671875 0.49375 0.0765625 0.24583333333333332
0 0.73125 0.5166666666666667 0.109375 0.4083333333333333
0 0.15390625 0.5 0.0921875 0.21666666666666667
0 0.4203125 0.48020833333333335 0.03125 0.11041666666666666