0 0.0546875 0.47291666666666665 0.046875 0.15
0 0.53359375 0.4822916666666667 0.0484375 0.14375
0 0.43125 0.4947916666666667 0.078125 0.2520833333333333
0 0.88203125 0.5479166666666667 0.2046875 0.7916666666666666
0 0.73125 0.5177083333333333 0.109375 0.41041666666666665
0 0.15 0.49583333333333335 0.090625 0.21666666666666667
0 0.8328125 0.5270833333333333 0.10625 0.4083333333333333
0 0.4203125 0.48020833333333335 0.03125 0.11041666666666666
0 0.0546875 0.47291666666666665 0.046875 0.15
0 0.53359375 0.4822916666666667 0.0484375 0.14375
0 0.43125 0.4947916666666667 0.078125 0.2520833333333333
0 0.88203125 0.5479166666666667 0.2046875 0.7916666666666666
0 0.73125 0.5177083333333333 0.109375 0.41041666666666665
0 0.15 0.49583333333333335 0.090625 0.21666666666666667
0 0.8328125 0.5270833333333333 0.10625 0.4083333333333333
0 0.4203125 0.48020833333333335 0.03125 0.11041666666666666