0 0.01796875 0.471875 0.0359375 0.16041666666666668
0 0.81875 0.5114583333333333 0.115625 0.40208333333333335
0 0.528125 0.4791666666666667 0.04375 0.14166666666666666
0 0.86015625 0.5427083333333333 0.1859375 0.7895833333333333
0 0.3953125 0.4895833333333333 0.084375 0.2916666666666667
0 0.70234375 0.50625 0.1234375 0.4083333333333333
0 0.41953125 0.4822916666666667 0.0296875 0.11041666666666666
0 0.01796875 0.471875 0.0359375 0.16041666666666668
0 0.81875 0.5114583333333333 0.115625 0.40208333333333335
0 0.528125 0.4791666666666667 0.04375 0.14166666666666666
0 0.86015625 0.5427083333333333 0.1859375 0.7895833333333333
0 0.3953125 0.4895833333333333 0.084375 0.2916666666666667
0 0.70234375 0.50625 0.1234375 0.4083333333333333
0 0.41953125 0.4822916666666667 0.0296875 0.11041666666666666