0 0.5234375 0.48125 0.04375 0.14166666666666666
0 0.384375 0.49375 0.09375 0.3
0 0.85234375 0.5614583333333333 0.1890625 0.80625
0 0.69609375 0.509375 0.1203125 0.41041666666666665
0 0.41953125 0.4822916666666667 0.0296875 0.11041666666666666
0 0.8140625 0.5197916666666667 0.115625 0.40208333333333335
0 0.5234375 0.48125 0.04375 0.14166666666666666
0 0.384375 0.49375 0.09375 0.3
0 0.85234375 0.5614583333333333 0.1890625 0.80625
0 0.69609375 0.509375 0.1203125 0.41041666666666665
0 0.41953125 0.4822916666666667 0.0296875 0.11041666666666666
0 0.8140625 0.5197916666666667 0.115625 0.40208333333333335