0 0.521875 0.48125 0.040625 0.1375
0 0.37890625 0.496875 0.0953125 0.3104166666666667
0 0.84921875 0.5614583333333333 0.1890625 0.80625
0 0.69296875 0.5104166666666666 0.1203125 0.4125
0 0.41875 0.4822916666666667 0.03125 0.11041666666666666
0 0.809375 0.521875 0.115625 0.40208333333333335
0 0.521875 0.48125 0.040625 0.1375
0 0.37890625 0.496875 0.0953125 0.3104166666666667
0 0.84921875 0.5614583333333333 0.1890625 0.80625
0 0.69296875 0.5104166666666666 0.1203125 0.4125
0 0.41875 0.4822916666666667 0.03125 0.11041666666666666
0 0.809375 0.521875 0.115625 0.40208333333333335