0 0.521875 0.48020833333333335 0.040625 0.13958333333333334
0 0.37109375 0.4947916666666667 0.0984375 0.3229166666666667
0 0.846875 0.553125 0.19375 0.8020833333333334
0 0.68984375 0.5125 0.1171875 0.4125
0 0.46953125 0.4822916666666667 0.0328125 0.09791666666666667
0 0.41875 0.4822916666666667 0.03125 0.11041666666666666
0 0.80625 0.5197916666666667 0.115625 0.40208333333333335
0 0.521875 0.48020833333333335 0.040625 0.13958333333333334
0 0.37109375 0.4947916666666667 0.0984375 0.3229166666666667
0 0.846875 0.553125 0.19375 0.8020833333333334
0 0.68984375 0.5125 0.1171875 0.4125
0 0.46953125 0.4822916666666667 0.0328125 0.09791666666666667
0 0.41875 0.4822916666666667 0.03125 0.11041666666666666
0 0.80625 0.5197916666666667 0.115625 0.40208333333333335