0 0.25859375 0.5020833333333333 0.0390625 0.15
0 0.7703125 0.49375 0.0375 0.1375
0 0.88828125 0.49375 0.0421875 0.14583333333333334
0 0.16328125 0.5135416666666667 0.0515625 0.17708333333333334
0 0.74140625 0.5197916666666667 0.0515625 0.17708333333333334
0 0.82578125 0.484375 0.0515625 0.16875
0 0.2375 0.515625 0.053125 0.17708333333333334
0 0.125 0.5114583333333333 0.0625 0.22708333333333333
0 0.28671875 0.509375 0.0546875 0.18125
0 0.51015625 0.496875 0.0609375 0.18541666666666667
0 0.3375 0.503125 0.05 0.16875
0 0.39765625 0.5052083333333334 0.0390625 0.12708333333333333
0 0.66484375 0.4979166666666667 0.0703125 0.25416666666666665
0 0.91015625 0.496875 0.0359375 0.13125
0 0.20546875 0.5135416666666667 0.0359375 0.12708333333333333
0 0.25859375 0.5020833333333333 0.0390625 0.15
0 0.7703125 0.49375 0.0375 0.1375
0 0.88828125 0.49375 0.0421875 0.14583333333333334
0 0.16328125 0.5135416666666667 0.0515625 0.17708333333333334
0 0.74140625 0.5197916666666667 0.0515625 0.17708333333333334
0 0.82578125 0.484375 0.0515625 0.16875
0 0.2375 0.515625 0.053125 0.17708333333333334
0 0.125 0.5114583333333333 0.0625 0.22708333333333333
0 0.28671875 0.509375 0.0546875 0.18125
0 0.51015625 0.496875 0.0609375 0.18541666666666667
0 0.3375 0.503125 0.05 0.16875
0 0.39765625 0.5052083333333334 0.0390625 0.12708333333333333
0 0.66484375 0.4979166666666667 0.0703125 0.25416666666666665
0 0.91015625 0.496875 0.0359375 0.13125
0 0.20546875 0.5135416666666667 0.0359375 0.12708333333333333