0 0.46484375 0.4822916666666667 0.0296875 0.09791666666666667
0 0.5203125 0.478125 0.040625 0.14375
0 0.3640625 0.49166666666666664 0.103125 0.3375
0 0.8390625 0.53125 0.196875 0.7708333333333334
0 0.6859375 0.5145833333333333 0.115625 0.4166666666666667
0 0.41875 0.484375 0.03125 0.11041666666666666
0 0.80234375 0.515625 0.1140625 0.40208333333333335
0 0.46484375 0.4822916666666667 0.0296875 0.09791666666666667
0 0.5203125 0.478125 0.040625 0.14375
0 0.3640625 0.49166666666666664 0.103125 0.3375
0 0.8390625 0.53125 0.196875 0.7708333333333334
0 0.6859375 0.5145833333333333 0.115625 0.4166666666666667
0 0.41875 0.484375 0.03125 0.11041666666666666
0 0.80234375 0.515625 0.1140625 0.40208333333333335