0 0.40859375 0.475 0.0296875 0.11666666666666667
0 0.4578125 0.4791666666666667 0.028125 0.1
0 0.51796875 0.475 0.0421875 0.14583333333333334
0 0.8328125 0.5291666666666667 0.19375 0.775
0 0.35625 0.4864583333333333 0.1 0.34791666666666665
0 0.68125 0.5135416666666667 0.115625 0.41458333333333336
0 0.79921875 0.5104166666666666 0.1140625 0.4041666666666667
0 0.40859375 0.475 0.0296875 0.11666666666666667
0 0.4578125 0.4791666666666667 0.028125 0.1
0 0.51796875 0.475 0.0421875 0.14583333333333334
0 0.8328125 0.5291666666666667 0.19375 0.775
0 0.35625 0.4864583333333333 0.1 0.34791666666666665
0 0.68125 0.5135416666666667 0.115625 0.41458333333333336
0 0.79921875 0.5104166666666666 0.1140625 0.4041666666666667