0 0.44609375 0.478125 0.0296875 0.10208333333333333
0 0.415625 0.47708333333333336 0.0375 0.1125
0 0.5140625 0.4739583333333333 0.04375 0.14375
0 0.81875 0.5333333333333333 0.190625 0.7875
0 0.34296875 0.4875 0.1046875 0.3625
0 0.6734375 0.509375 0.115625 0.41875
0 0.7890625 0.5197916666666667 0.115625 0.40208333333333335
0 0.44609375 0.478125 0.0296875 0.10208333333333333
0 0.415625 0.47708333333333336 0.0375 0.1125
0 0.5140625 0.4739583333333333 0.04375 0.14375
0 0.81875 0.5333333333333333 0.190625 0.7875
0 0.34296875 0.4875 0.1046875 0.3625
0 0.6734375 0.509375 0.115625 0.41875
0 0.7890625 0.5197916666666667 0.115625 0.40208333333333335