0 0.4171875 0.484375 0.028125 0.11041666666666666
0 0.43828125 0.4864583333333333 0.0296875 0.10208333333333333
0 0.5109375 0.4822916666666667 0.04375 0.14375
0 0.80859375 0.5489583333333333 0.2046875 0.7979166666666667
0 0.33203125 0.4979166666666667 0.1109375 0.375
0 0.6671875 0.5145833333333333 0.115625 0.4166666666666667
0 0.396875 0.48333333333333334 0.03125 0.11666666666666667
0 0.7828125 0.5197916666666667 0.115625 0.40208333333333335
0 0.4171875 0.484375 0.028125 0.11041666666666666
0 0.43828125 0.4864583333333333 0.0296875 0.10208333333333333
0 0.5109375 0.4822916666666667 0.04375 0.14375
0 0.80859375 0.5489583333333333 0.2046875 0.7979166666666667
0 0.33203125 0.4979166666666667 0.1109375 0.375
0 0.6671875 0.5145833333333333 0.115625 0.4166666666666667
0 0.396875 0.48333333333333334 0.03125 0.11666666666666667
0 0.7828125 0.5197916666666667 0.115625 0.40208333333333335