0 0.4328125 0.484375 0.03125 0.10625
0 0.396875 0.48125 0.0375 0.11666666666666667
0 0.51171875 0.48020833333333335 0.0453125 0.14375
0 0.8046875 0.559375 0.2125 0.8104166666666667
0 0.66328125 0.509375 0.1171875 0.41875
0 0.32265625 0.5 0.1171875 0.4
0 0.4171875 0.484375 0.028125 0.11041666666666666
0 0.7734375 0.528125 0.115625 0.40208333333333335
0 0.4328125 0.484375 0.03125 0.10625
0 0.396875 0.48125 0.0375 0.11666666666666667
0 0.51171875 0.48020833333333335 0.0453125 0.14375
0 0.8046875 0.559375 0.2125 0.8104166666666667
0 0.66328125 0.509375 0.1171875 0.41875
0 0.32265625 0.5 0.1171875 0.4
0 0.4171875 0.484375 0.028125 0.11041666666666666
0 0.7734375 0.528125 0.115625 0.40208333333333335