0 0.42578125 0.48020833333333335 0.0359375 0.10625
0 0.396875 0.4791666666666667 0.040625 0.11666666666666667
0 0.509375 0.47708333333333336 0.04375 0.14166666666666666
0 0.80625 0.5510416666666667 0.209375 0.8145833333333333
0 0.65703125 0.50625 0.1171875 0.4166666666666667
0 0.30859375 0.496875 0.1203125 0.41875
0 0.4171875 0.484375 0.028125 0.11041666666666666
0 0.7625 0.5364583333333334 0.115625 0.40208333333333335
0 0.42578125 0.48020833333333335 0.0359375 0.10625
0 0.396875 0.4791666666666667 0.040625 0.11666666666666667
0 0.509375 0.47708333333333336 0.04375 0.14166666666666666
0 0.80625 0.5510416666666667 0.209375 0.8145833333333333
0 0.65703125 0.50625 0.1171875 0.4166666666666667
0 0.30859375 0.496875 0.1203125 0.41875
0 0.4171875 0.484375 0.028125 0.11041666666666666
0 0.7625 0.5364583333333334 0.115625 0.40208333333333335