0 0.42109375 0.4822916666666667 0.0328125 0.11041666666666666
0 0.39453125 0.4822916666666667 0.0421875 0.11875
0 0.50859375 0.4822916666666667 0.0453125 0.14375
0 0.79921875 0.5489583333333333 0.1984375 0.8020833333333334
0 0.65390625 0.5114583333333333 0.1140625 0.41875
0 0.296875 0.5010416666666667 0.128125 0.4395833333333333
0 0.42578125 0.48333333333333334 0.0359375 0.10416666666666667
0 0.75390625 0.528125 0.1140625 0.40208333333333335
0 0.42109375 0.4822916666666667 0.0328125 0.11041666666666666
0 0.39453125 0.4822916666666667 0.0421875 0.11875
0 0.50859375 0.4822916666666667 0.0453125 0.14375
0 0.79921875 0.5489583333333333 0.1984375 0.8020833333333334
0 0.65390625 0.5114583333333333 0.1140625 0.41875
0 0.296875 0.5010416666666667 0.128125 0.4395833333333333
0 0.42578125 0.48333333333333334 0.0359375 0.10416666666666667
0 0.75390625 0.528125 0.1140625 0.40208333333333335