0 0.50859375 0.47604166666666664 0.0421875 0.14375
0 0.39296875 0.47708333333333336 0.0453125 0.12083333333333333
0 0.78828125 0.5291666666666667 0.1828125 0.775
0 0.6484375 0.5125 0.115625 0.42083333333333334
0 0.27890625 0.4895833333333333 0.1359375 0.475
0 0.41953125 0.48333333333333334 0.0359375 0.10416666666666667
0 0.74921875 0.5114583333333333 0.1140625 0.40208333333333335
0 0.42109375 0.4822916666666667 0.0328125 0.11041666666666666
0 0.50859375 0.47604166666666664 0.0421875 0.14375
0 0.39296875 0.47708333333333336 0.0453125 0.12083333333333333
0 0.78828125 0.5291666666666667 0.1828125 0.775
0 0.6484375 0.5125 0.115625 0.42083333333333334
0 0.27890625 0.4895833333333333 0.1359375 0.475
0 0.41953125 0.48333333333333334 0.0359375 0.10416666666666667
0 0.74921875 0.5114583333333333 0.1140625 0.40208333333333335
0 0.42109375 0.4822916666666667 0.0328125 0.11041666666666666