0 0.4171875 0.478125 0.0375 0.11041666666666666
0 0.39296875 0.47604166666666664 0.0421875 0.12291666666666666
0 0.50859375 0.475 0.0421875 0.14583333333333334
0 0.78359375 0.5270833333333333 0.1796875 0.7666666666666667
0 0.646875 0.5135416666666667 0.1125 0.42291666666666666
0 0.26875 0.4864583333333333 0.14375 0.49375
0 0.7453125 0.5052083333333334 0.115625 0.40208333333333335
0 0.42109375 0.4822916666666667 0.0328125 0.11041666666666666
0 0.4171875 0.478125 0.0375 0.11041666666666666
0 0.39296875 0.47604166666666664 0.0421875 0.12291666666666666
0 0.50859375 0.475 0.0421875 0.14583333333333334
0 0.78359375 0.5270833333333333 0.1796875 0.7666666666666667
0 0.646875 0.5135416666666667 0.1125 0.42291666666666666
0 0.26875 0.4864583333333333 0.14375 0.49375
0 0.7453125 0.5052083333333334 0.115625 0.40208333333333335
0 0.42109375 0.4822916666666667 0.0328125 0.11041666666666666