0 0.396875 0.4791666666666667 0.034375 0.12083333333333333
0 0.4171875 0.48125 0.040625 0.1125
0 0.5109375 0.47708333333333336 0.04375 0.14583333333333334
0 0.78046875 0.5395833333333333 0.1796875 0.7791666666666667
0 0.6453125 0.5166666666666667 0.109375 0.425
0 0.253125 0.49895833333333334 0.153125 0.5354166666666667
0 0.74375 0.5072916666666667 0.115625 0.40208333333333335
0 0.42109375 0.4822916666666667 0.0328125 0.11041666666666666
0 0.396875 0.4791666666666667 0.034375 0.12083333333333333
0 0.4171875 0.48125 0.040625 0.1125
0 0.5109375 0.47708333333333336 0.04375 0.14583333333333334
0 0.78046875 0.5395833333333333 0.1796875 0.7791666666666667
0 0.6453125 0.5166666666666667 0.109375 0.425
0 0.253125 0.49895833333333334 0.153125 0.5354166666666667
0 0.74375 0.5072916666666667 0.115625 0.40208333333333335
0 0.42109375 0.4822916666666667 0.0328125 0.11041666666666666