0 0.9125 0.4947916666666667 0.0375 0.13125
0 0.15546875 0.5072916666666667 0.0484375 0.17708333333333334
0 0.25625 0.49583333333333335 0.0375 0.15
0 0.76875 0.490625 0.040625 0.13958333333333334
0 0.88671875 0.49166666666666664 0.0421875 0.14583333333333334
0 0.82421875 0.48125 0.0515625 0.17083333333333334
0 0.2328125 0.509375 0.05625 0.18125
0 0.2828125 0.503125 0.05625 0.18125
0 0.73671875 0.515625 0.0546875 0.18125
0 0.3359375 0.49583333333333335 0.05 0.17083333333333334
0 0.39609375 0.4979166666666667 0.0390625 0.12916666666666668
0 0.1203125 0.5010416666666667 0.0625 0.23541666666666666
0 0.51015625 0.49375 0.0640625 0.1875
0 0.66015625 0.49583333333333335 0.0703125 0.25833333333333336
0 0.0890625 0.5083333333333333 0.05 0.17916666666666667
0 0.20234375 0.5052083333333334 0.0359375 0.12708333333333333
0 0.9125 0.4947916666666667 0.0375 0.13125
0 0.15546875 0.5072916666666667 0.0484375 0.17708333333333334
0 0.25625 0.49583333333333335 0.0375 0.15
0 0.76875 0.490625 0.040625 0.13958333333333334
0 0.88671875 0.49166666666666664 0.0421875 0.14583333333333334
0 0.82421875 0.48125 0.0515625 0.17083333333333334
0 0.2328125 0.509375 0.05625 0.18125
0 0.2828125 0.503125 0.05625 0.18125
0 0.73671875 0.515625 0.0546875 0.18125
0 0.3359375 0.49583333333333335 0.05 0.17083333333333334
0 0.39609375 0.4979166666666667 0.0390625 0.12916666666666668
0 0.1203125 0.5010416666666667 0.0625 0.23541666666666666
0 0.51015625 0.49375 0.0640625 0.1875
0 0.66015625 0.49583333333333335 0.0703125 0.25833333333333336
0 0.0890625 0.5083333333333333 0.05 0.17916666666666667
0 0.20234375 0.5052083333333334 0.0359375 0.12708333333333333