0 0.74921875 0.5104166666666666 0.1109375 0.4
0 0.41640625 0.48020833333333335 0.0390625 0.11458333333333333
0 0.3984375 0.478125 0.034375 0.12291666666666666
0 0.5109375 0.47708333333333336 0.04375 0.14583333333333334
0 0.775 0.5447916666666667 0.184375 0.7895833333333333
0 0.640625 0.5145833333333333 0.109375 0.42916666666666664
0 0.2359375 0.5041666666666667 0.165625 0.5666666666666667
0 0.42109375 0.4822916666666667 0.0328125 0.11041666666666666
0 0.74921875 0.5104166666666666 0.1109375 0.4
0 0.41640625 0.48020833333333335 0.0390625 0.11458333333333333
0 0.3984375 0.478125 0.034375 0.12291666666666666
0 0.5109375 0.47708333333333336 0.04375 0.14583333333333334
0 0.775 0.5447916666666667 0.184375 0.7895833333333333
0 0.640625 0.5145833333333333 0.109375 0.42916666666666664
0 0.2359375 0.5041666666666667 0.165625 0.5666666666666667
0 0.42109375 0.4822916666666667 0.0328125 0.11041666666666666