0 0.51171875 0.47708333333333336 0.0453125 0.14583333333333334
0 0.775 0.5552083333333333 0.18125 0.7979166666666667
0 0.6359375 0.5083333333333333 0.1125 0.42083333333333334
0 0.2234375 0.5145833333333333 0.16875 0.6125
0 0.30703125 0.478125 0.0453125 0.15208333333333332
0 0.3984375 0.478125 0.034375 0.12291666666666666
0 0.42109375 0.4822916666666667 0.0328125 0.11041666666666666
0 0.51171875 0.47708333333333336 0.0453125 0.14583333333333334
0 0.775 0.5552083333333333 0.18125 0.7979166666666667
0 0.6359375 0.5083333333333333 0.1125 0.42083333333333334
0 0.2234375 0.5145833333333333 0.16875 0.6125
0 0.30703125 0.478125 0.0453125 0.15208333333333332
0 0.3984375 0.478125 0.034375 0.12291666666666666
0 0.42109375 0.4822916666666667 0.0328125 0.11041666666666666