0 0.40234375 0.4822916666666667 0.0390625 0.12291666666666666
0 0.30546875 0.48125 0.0484375 0.15833333333333333
0 0.51328125 0.48125 0.0453125 0.14583333333333334
0 0.77421875 0.559375 0.1796875 0.8020833333333334
0 0.628125 0.509375 0.121875 0.42291666666666666
0 0.19609375 0.5166666666666667 0.1953125 0.6791666666666667
0 0.42109375 0.4822916666666667 0.0328125 0.11041666666666666
0 0.40234375 0.4822916666666667 0.0390625 0.12291666666666666
0 0.30546875 0.48125 0.0484375 0.15833333333333333
0 0.51328125 0.48125 0.0453125 0.14583333333333334
0 0.77421875 0.559375 0.1796875 0.8020833333333334
0 0.628125 0.509375 0.121875 0.42291666666666666
0 0.19609375 0.5166666666666667 0.1953125 0.6791666666666667
0 0.42109375 0.4822916666666667 0.0328125 0.11041666666666666