0 0.42578125 0.48020833333333335 0.0296875 0.11458333333333333
0 0.40703125 0.48020833333333335 0.0390625 0.12291666666666666
0 0.30859375 0.48020833333333335 0.0453125 0.16041666666666668
0 0.515625 0.4791666666666667 0.04375 0.14583333333333334
0 0.77734375 0.5458333333333333 0.1828125 0.7833333333333333
0 0.6296875 0.5083333333333333 0.121875 0.425
0 0.1859375 0.5135416666666667 0.2125 0.7145833333333333
0 0.42578125 0.48020833333333335 0.0296875 0.11458333333333333
0 0.40703125 0.48020833333333335 0.0390625 0.12291666666666666
0 0.30859375 0.48020833333333335 0.0453125 0.16041666666666668
0 0.515625 0.4791666666666667 0.04375 0.14583333333333334
0 0.77734375 0.5458333333333333 0.1828125 0.7833333333333333
0 0.6296875 0.5083333333333333 0.121875 0.425
0 0.1859375 0.5135416666666667 0.2125 0.7145833333333333