0 0.37578125 0.4739583333333333 0.0328125 0.11458333333333333
0 0.41953125 0.47604166666666664 0.0390625 0.12291666666666666
0 0.440625 0.47708333333333336 0.0375 0.11666666666666667
0 0.53046875 0.4739583333333333 0.0421875 0.14791666666666667
0 0.325 0.47604166666666664 0.040625 0.16458333333333333
0 0.7875 0.5333333333333333 0.19375 0.7875
0 0.63984375 0.515625 0.1203125 0.43125
0 0.12890625 0.509375 0.2578125 0.9270833333333334
0 0.26171875 0.46458333333333335 0.0421875 0.15833333333333333
0 0.37578125 0.4739583333333333 0.0328125 0.11458333333333333
0 0.41953125 0.47604166666666664 0.0390625 0.12291666666666666
0 0.440625 0.47708333333333336 0.0375 0.11666666666666667
0 0.53046875 0.4739583333333333 0.0421875 0.14791666666666667
0 0.325 0.47604166666666664 0.040625 0.16458333333333333
0 0.7875 0.5333333333333333 0.19375 0.7875
0 0.63984375 0.515625 0.1203125 0.43125
0 0.12890625 0.509375 0.2578125 0.9270833333333334
0 0.26171875 0.46458333333333335 0.0421875 0.15833333333333333