0 0.42890625 0.48125 0.0359375 0.125
0 0.446875 0.475 0.04375 0.1375
0 0.371875 0.4791666666666667 0.034375 0.11666666666666667
0 0.33046875 0.48125 0.0421875 0.16666666666666666
0 0.2625 0.46770833333333334 0.046875 0.16041666666666668
0 0.53828125 0.4791666666666667 0.0421875 0.15
0 0 0.0010416666666666667 0 0.0020833333333333333
0 0.7859375 0.5458333333333333 0.209375 0.8
0 0.6453125 0.5208333333333334 0.121875 0.43333333333333335
0 0.42890625 0.48125 0.0359375 0.125
0 0.446875 0.475 0.04375 0.1375
0 0.371875 0.4791666666666667 0.034375 0.11666666666666667
0 0.33046875 0.48125 0.0421875 0.16666666666666666
0 0.2625 0.46770833333333334 0.046875 0.16041666666666668
0 0.53828125 0.4791666666666667 0.0421875 0.15
0 0 0.0010416666666666667 0 0.0020833333333333333
0 0.7859375 0.5458333333333333 0.209375 0.8
0 0.6453125 0.5208333333333334 0.121875 0.43333333333333335