0 0.37578125 0.4822916666666667 0.0328125 0.11875
0 0.4390625 0.48333333333333334 0.03125 0.125
0 0.45546875 0.48541666666666666 0.0390625 0.12083333333333333
0 0.33828125 0.4864583333333333 0.0421875 0.16875
0 0.54765625 0.4822916666666667 0.0453125 0.14791666666666667
0 0.26796875 0.46979166666666666 0.0453125 0.16041666666666668
0 0 0.0010416666666666667 0 0.0020833333333333333
0 0.79296875 0.5583333333333333 0.2109375 0.8083333333333333
0 0.65390625 0.5208333333333334 0.1234375 0.4375
0 0.4015625 0.490625 0.028125 0.09791666666666667
0 0.30078125 0.471875 0.0359375 0.14375
0 0.37578125 0.4822916666666667 0.0328125 0.11875
0 0.4390625 0.48333333333333334 0.03125 0.125
0 0.45546875 0.48541666666666666 0.0390625 0.12083333333333333
0 0.33828125 0.4864583333333333 0.0421875 0.16875
0 0.54765625 0.4822916666666667 0.0453125 0.14791666666666667
0 0.26796875 0.46979166666666666 0.0453125 0.16041666666666668
0 0 0.0010416666666666667 0 0.0020833333333333333
0 0.79296875 0.5583333333333333 0.2109375 0.8083333333333333
0 0.65390625 0.5208333333333334 0.1234375 0.4375
0 0.4015625 0.490625 0.028125 0.09791666666666667
0 0.30078125 0.471875 0.0359375 0.14375