0 0.30234375 0.47291666666666665 0.0359375 0.1375
0 0.3765625 0.48020833333333335 0.034375 0.11875
0 0.40390625 0.4875 0.0265625 0.1
0 0.46171875 0.48333333333333334 0.0359375 0.12083333333333333
0 0.44609375 0.48125 0.0328125 0.125
0 0.5546875 0.48125 0.04375 0.15
0 0.3453125 0.48541666666666666 0.040625 0.17083333333333334
0 0 0.0010416666666666667 0 0.0020833333333333333
0 0.271875 0.4708333333333333 0.046875 0.16666666666666666
0 0.659375 0.5104166666666666 0.121875 0.42916666666666664
0 0.79453125 0.55625 0.1984375 0.8125
0 0.3296875 0.46979166666666666 0.034375 0.14791666666666667
0 0.30234375 0.47291666666666665 0.0359375 0.1375
0 0.3765625 0.48020833333333335 0.034375 0.11875
0 0.40390625 0.4875 0.0265625 0.1
0 0.46171875 0.48333333333333334 0.0359375 0.12083333333333333
0 0.44609375 0.48125 0.0328125 0.125
0 0.5546875 0.48125 0.04375 0.15
0 0.3453125 0.48541666666666666 0.040625 0.17083333333333334
0 0 0.0010416666666666667 0 0.0020833333333333333
0 0.271875 0.4708333333333333 0.046875 0.16666666666666666
0 0.659375 0.5104166666666666 0.121875 0.42916666666666664
0 0.79453125 0.55625 0.1984375 0.8125
0 0.3296875 0.46979166666666666 0.034375 0.14791666666666667