0 0 0.0010416666666666667 0 0.0020833333333333333
0 0.37578125 0.48125 0.0328125 0.11666666666666667
0 0.30078125 0.4739583333333333 0.0359375 0.14375
0 0.4046875 0.4895833333333333 0.025 0.1
0 0.32890625 0.4708333333333333 0.0359375 0.15
0 0.45 0.484375 0.0375 0.12708333333333333
0 0.5578125 0.48333333333333334 0.04375 0.14583333333333334
0 0.34765625 0.48541666666666666 0.0390625 0.17083333333333334
0 0.271875 0.47291666666666665 0.046875 0.17083333333333334
0 0.6609375 0.5145833333333333 0.121875 0.43333333333333335
0 0.79296875 0.5520833333333334 0.1921875 0.8041666666666667
0 0.46328125 0.484375 0.0359375 0.11875
0 0 0.0010416666666666667 0 0.0020833333333333333
0 0.37578125 0.48125 0.0328125 0.11666666666666667
0 0.30078125 0.4739583333333333 0.0359375 0.14375
0 0.4046875 0.4895833333333333 0.025 0.1
0 0.32890625 0.4708333333333333 0.0359375 0.15
0 0.45 0.484375 0.0375 0.12708333333333333
0 0.5578125 0.48333333333333334 0.04375 0.14583333333333334
0 0.34765625 0.48541666666666666 0.0390625 0.17083333333333334
0 0.271875 0.47291666666666665 0.046875 0.17083333333333334
0 0.6609375 0.5145833333333333 0.121875 0.43333333333333335
0 0.79296875 0.5520833333333334 0.1921875 0.8041666666666667
0 0.46328125 0.484375 0.0359375 0.11875