0 0.41015625 0.4864583333333333 0.0265625 0.10208333333333333
0 0.47421875 0.4739583333333333 0.0359375 0.14375
0 0.303125 0.47291666666666665 0.0375 0.14166666666666666
0 0.33359375 0.46979166666666666 0.0359375 0.15208333333333332
0 0.459375 0.484375 0.040625 0.12708333333333333
0 0.56640625 0.48333333333333334 0.0453125 0.14583333333333334
0 0.3578125 0.484375 0.040625 0.17291666666666666
0 0.27890625 0.47291666666666665 0.0484375 0.17083333333333334
0 0.796875 0.5364583333333334 0.190625 0.7729166666666667
0 0.671875 0.5135416666666667 0.11875 0.4395833333333333
0 0.41015625 0.4864583333333333 0.0265625 0.10208333333333333
0 0.47421875 0.4739583333333333 0.0359375 0.14375
0 0.303125 0.47291666666666665 0.0375 0.14166666666666666
0 0.33359375 0.46979166666666666 0.0359375 0.15208333333333332
0 0.459375 0.484375 0.040625 0.12708333333333333
0 0.56640625 0.48333333333333334 0.0453125 0.14583333333333334
0 0.3578125 0.484375 0.040625 0.17291666666666666
0 0.27890625 0.47291666666666665 0.0484375 0.17083333333333334
0 0.796875 0.5364583333333334 0.190625 0.7729166666666667
0 0.671875 0.5135416666666667 0.11875 0.4395833333333333