0 0.48125 0.48125 0.03125 0.125
0 0.4125 0.4864583333333333 0.025 0.10208333333333333
0 0.5734375 0.4791666666666667 0.04375 0.14583333333333334
0 0.46640625 0.48125 0.0453125 0.125
0 0.33671875 0.46875 0.0359375 0.15416666666666667
0 0.36484375 0.4822916666666667 0.0421875 0.17708333333333334
0 0.2828125 0.471875 0.046875 0.17291666666666666
0 0.6765625 0.5135416666666667 0.11875 0.4395833333333333
0 0.80234375 0.53125 0.1890625 0.7708333333333334
0 0.30625 0.471875 0.0375 0.14375
0 0.48125 0.48125 0.03125 0.125
0 0.4125 0.4864583333333333 0.025 0.10208333333333333
0 0.5734375 0.4791666666666667 0.04375 0.14583333333333334
0 0.46640625 0.48125 0.0453125 0.125
0 0.33671875 0.46875 0.0359375 0.15416666666666667
0 0.36484375 0.4822916666666667 0.0421875 0.17708333333333334
0 0.2828125 0.471875 0.046875 0.17291666666666666
0 0.6765625 0.5135416666666667 0.11875 0.4395833333333333
0 0.80234375 0.53125 0.1890625 0.7708333333333334
0 0.30625 0.471875 0.0375 0.14375