0 0.3125 0.4666666666666667 0.0375 0.15
0 0.41953125 0.4822916666666667 0.0265625 0.10625
0 0.58828125 0.47604166666666664 0.0390625 0.14791666666666667
0 0.34296875 0.4666666666666667 0.0390625 0.15416666666666667
0 0.4765625 0.4791666666666667 0.04375 0.12916666666666668
0 0.3765625 0.4822916666666667 0.05 0.18125
0 0.290625 0.46979166666666666 0.046875 0.17291666666666666
0 0.8140625 0.5364583333333334 0.1875 0.79375
0 0.6890625 0.5135416666666667 0.11875 0.4395833333333333
0 0.4875 0.47708333333333336 0.03125 0.125
0 0.43828125 0.47604166666666664 0.0265625 0.08958333333333333
0 0.3125 0.4666666666666667 0.0375 0.15
0 0.41953125 0.4822916666666667 0.0265625 0.10625
0 0.58828125 0.47604166666666664 0.0390625 0.14791666666666667
0 0.34296875 0.4666666666666667 0.0390625 0.15416666666666667
0 0.4765625 0.4791666666666667 0.04375 0.12916666666666668
0 0.3765625 0.4822916666666667 0.05 0.18125
0 0.290625 0.46979166666666666 0.046875 0.17291666666666666
0 0.8140625 0.5364583333333334 0.1875 0.79375
0 0.6890625 0.5135416666666667 0.11875 0.4395833333333333
0 0.4875 0.47708333333333336 0.03125 0.125
0 0.43828125 0.47604166666666664 0.0265625 0.08958333333333333