0 0.31875 0.4666666666666667 0.0375 0.15416666666666667
0 0.5046875 0.48020833333333335 0.034375 0.12291666666666666
0 0.44453125 0.478125 0.0265625 0.08958333333333333
0 0.425 0.48333333333333334 0.028125 0.10416666666666667
0 0.5984375 0.48020833333333335 0.040625 0.15625
0 0.48828125 0.4791666666666667 0.0390625 0.12916666666666668
0 0.35078125 0.4666666666666667 0.0390625 0.15416666666666667
0 0.29765625 0.4708333333333333 0.0484375 0.175
0 0.384375 0.484375 0.05 0.18125
0 0.821875 0.5479166666666667 0.19375 0.8041666666666667
0 0.696875 0.51875 0.115625 0.44166666666666665
0 0.6390625 0.5041666666666667 0.046875 0.15
0 0.31875 0.4666666666666667 0.0375 0.15416666666666667
0 0.5046875 0.48020833333333335 0.034375 0.12291666666666666
0 0.44453125 0.478125 0.0265625 0.08958333333333333
0 0.425 0.48333333333333334 0.028125 0.10416666666666667
0 0.5984375 0.48020833333333335 0.040625 0.15625
0 0.48828125 0.4791666666666667 0.0390625 0.12916666666666668
0 0.35078125 0.4666666666666667 0.0390625 0.15416666666666667
0 0.29765625 0.4708333333333333 0.0484375 0.175
0 0.384375 0.484375 0.05 0.18125
0 0.821875 0.5479166666666667 0.19375 0.8041666666666667
0 0.696875 0.51875 0.115625 0.44166666666666665
0 0.6390625 0.5041666666666667 0.046875 0.15