0 0.64453125 0.503125 0.0421875 0.15625
0 0.45234375 0.47604166666666664 0.0265625 0.08958333333333333
0 0.5171875 0.48020833333333335 0.0375 0.12291666666666666
0 0.6125 0.48125 0.040625 0.15833333333333333
0 0.4328125 0.484375 0.028125 0.10625
0 0.5015625 0.478125 0.034375 0.13125
0 0.35703125 0.465625 0.0421875 0.15625
0 0.39375 0.484375 0.05 0.18541666666666667
0 0.30546875 0.46875 0.0484375 0.17916666666666667
0 0.83515625 0.5614583333333333 0.1859375 0.8145833333333333
0 0.70703125 0.5197916666666667 0.1203125 0.44375
0 0.3234375 0.465625 0.0375 0.15208333333333332
0 0.64453125 0.503125 0.0421875 0.15625
0 0.45234375 0.47604166666666664 0.0265625 0.08958333333333333
0 0.5171875 0.48020833333333335 0.0375 0.12291666666666666
0 0.6125 0.48125 0.040625 0.15833333333333333
0 0.4328125 0.484375 0.028125 0.10625
0 0.5015625 0.478125 0.034375 0.13125
0 0.35703125 0.465625 0.0421875 0.15625
0 0.39375 0.484375 0.05 0.18541666666666667
0 0.30546875 0.46875 0.0484375 0.17916666666666667
0 0.83515625 0.5614583333333333 0.1859375 0.8145833333333333
0 0.70703125 0.5197916666666667 0.1203125 0.44375
0 0.3234375 0.465625 0.0375 0.15208333333333332