0 0.64921875 0.5052083333333334 0.0390625 0.15625
0 0.4390625 0.4864583333333333 0.028125 0.10625
0 0.51328125 0.4822916666666667 0.0359375 0.13125
0 0.6234375 0.4875 0.040625 0.1625
0 0.5296875 0.484375 0.0375 0.12291666666666666
0 0.36484375 0.46979166666666666 0.0421875 0.16041666666666668
0 0.40625 0.4875 0.046875 0.1875
0 0.31328125 0.46979166666666666 0.0515625 0.18125
0 0.846875 0.5604166666666667 0.1875 0.8166666666666667
0 0.7140625 0.5197916666666667 0.121875 0.4479166666666667
0 0.4546875 0.478125 0.025 0.08958333333333333
0 0.33125 0.465625 0.0375 0.15208333333333332
0 0.64921875 0.5052083333333334 0.0390625 0.15625
0 0.4390625 0.4864583333333333 0.028125 0.10625
0 0.51328125 0.4822916666666667 0.0359375 0.13125
0 0.6234375 0.4875 0.040625 0.1625
0 0.5296875 0.484375 0.0375 0.12291666666666666
0 0.36484375 0.46979166666666666 0.0421875 0.16041666666666668
0 0.40625 0.4875 0.046875 0.1875
0 0.31328125 0.46979166666666666 0.0515625 0.18125
0 0.846875 0.5604166666666667 0.1875 0.8166666666666667
0 0.7140625 0.5197916666666667 0.121875 0.4479166666666667
0 0.4546875 0.478125 0.025 0.08958333333333333
0 0.33125 0.465625 0.0375 0.15208333333333332