0 0.53984375 0.484375 0.0359375 0.12291666666666666
0 0.465625 0.4791666666666667 0.028125 0.09166666666666666
0 0.6265625 0.49895833333333334 0.046875 0.14791666666666667
0 0.44453125 0.4875 0.0296875 0.10416666666666667
0 0.52421875 0.48333333333333334 0.0390625 0.13333333333333333
0 0.65 0.50625 0.04375 0.15833333333333333
0 0.3703125 0.46979166666666666 0.04375 0.16041666666666668
0 0.31953125 0.471875 0.0515625 0.18541666666666667
0 0.415625 0.48541666666666666 0.04375 0.1875
0 0.86015625 0.5489583333333333 0.1953125 0.80625
0 0.72109375 0.515625 0.1234375 0.4395833333333333
0 0.3390625 0.4666666666666667 0.0375 0.15416666666666667
0 0.53984375 0.484375 0.0359375 0.12291666666666666
0 0.465625 0.4791666666666667 0.028125 0.09166666666666666
0 0.6265625 0.49895833333333334 0.046875 0.14791666666666667
0 0.44453125 0.4875 0.0296875 0.10416666666666667
0 0.52421875 0.48333333333333334 0.0390625 0.13333333333333333
0 0.65 0.50625 0.04375 0.15833333333333333
0 0.3703125 0.46979166666666666 0.04375 0.16041666666666668
0 0.31953125 0.471875 0.0515625 0.18541666666666667
0 0.415625 0.48541666666666666 0.04375 0.1875
0 0.86015625 0.5489583333333333 0.1953125 0.80625
0 0.72109375 0.515625 0.1234375 0.4395833333333333
0 0.3390625 0.4666666666666667 0.0375 0.15416666666666667