0 0.546875 0.48333333333333334 0.034375 0.125
0 0.47109375 0.478125 0.0265625 0.09375
0 0.45 0.4864583333333333 0.028125 0.10625
0 0.64453125 0.50625 0.0609375 0.15833333333333333
0 0.53359375 0.48333333333333334 0.0421875 0.13333333333333333
0 0.37734375 0.471875 0.0421875 0.16458333333333333
0 0.32421875 0.471875 0.0515625 0.18958333333333333
0 0.4234375 0.48541666666666666 0.046875 0.19583333333333333
0 0.8703125 0.534375 0.2 0.7895833333333333
0 0.72734375 0.5125 0.1296875 0.44583333333333336
0 0.34375 0.4666666666666667 0.0375 0.15416666666666667
0 0.546875 0.48333333333333334 0.034375 0.125
0 0.47109375 0.478125 0.0265625 0.09375
0 0.45 0.4864583333333333 0.028125 0.10625
0 0.64453125 0.50625 0.0609375 0.15833333333333333
0 0.53359375 0.48333333333333334 0.0421875 0.13333333333333333
0 0.37734375 0.471875 0.0421875 0.16458333333333333
0 0.32421875 0.471875 0.0515625 0.18958333333333333
0 0.4234375 0.48541666666666666 0.046875 0.19583333333333333
0 0.8703125 0.534375 0.2 0.7895833333333333
0 0.72734375 0.5125 0.1296875 0.44583333333333336
0 0.34375 0.4666666666666667 0.0375 0.15416666666666667