0 0.64140625 0.5104166666666666 0.0671875 0.15833333333333333
0 0.37734375 0.47604166666666664 0.0421875 0.16458333333333333
0 0.5359375 0.4875 0.04375 0.13333333333333333
0 0.3234375 0.47708333333333336 0.05 0.19166666666666668
0 0.42421875 0.490625 0.0484375 0.19791666666666666
0 0.87265625 0.5447916666666667 0.2015625 0.8020833333333334
0 0.73125 0.5166666666666667 0.13125 0.44583333333333336
0 0.46953125 0.484375 0.0265625 0.09375
0 0.3453125 0.46875 0.0375 0.15416666666666667
0 0.5484375 0.4864583333333333 0.034375 0.12291666666666666
0 0.4484375 0.49166666666666664 0.028125 0.10833333333333334
0 0.64140625 0.5104166666666666 0.0671875 0.15833333333333333
0 0.37734375 0.47604166666666664 0.0421875 0.16458333333333333
0 0.5359375 0.4875 0.04375 0.13333333333333333
0 0.3234375 0.47708333333333336 0.05 0.19166666666666668
0 0.42421875 0.490625 0.0484375 0.19791666666666666
0 0.87265625 0.5447916666666667 0.2015625 0.8020833333333334
0 0.73125 0.5166666666666667 0.13125 0.44583333333333336
0 0.46953125 0.484375 0.0265625 0.09375
0 0.3453125 0.46875 0.0375 0.15416666666666667
0 0.5484375 0.4864583333333333 0.034375 0.12291666666666666
0 0.4484375 0.49166666666666664 0.028125 0.10833333333333334