0 0.2546875 0.4979166666666667 0.040625 0.15416666666666667
0 0.91796875 0.5 0.0390625 0.1375
0 0.7703125 0.4979166666666667 0.040625 0.14166666666666666
0 0.89140625 0.496875 0.0421875 0.14791666666666667
0 0.3984375 0.5020833333333333 0.040625 0.13333333333333333
0 0.22890625 0.5135416666666667 0.0546875 0.18541666666666667
0 0.72578125 0.5229166666666667 0.0671875 0.18333333333333332
0 0.33984375 0.5010416666666667 0.0515625 0.17708333333333334
0 0.8265625 0.48854166666666665 0.053125 0.17708333333333334
0 0.28125 0.50625 0.053125 0.19166666666666668
0 0.06953125 0.5135416666666667 0.0578125 0.18125
0 0.51328125 0.4979166666666667 0.0609375 0.19166666666666668
0 0.65703125 0.5041666666666667 0.0734375 0.2708333333333333
0 0.11484375 0.503125 0.0671875 0.24375
0 0.1984375 0.5072916666666667 0.034375 0.12708333333333333
0 0.14921875 0.5072916666666667 0.0453125 0.17291666666666666
0 0.2546875 0.4979166666666667 0.040625 0.15416666666666667
0 0.91796875 0.5 0.0390625 0.1375
0 0.7703125 0.4979166666666667 0.040625 0.14166666666666666
0 0.89140625 0.496875 0.0421875 0.14791666666666667
0 0.3984375 0.5020833333333333 0.040625 0.13333333333333333
0 0.22890625 0.5135416666666667 0.0546875 0.18541666666666667
0 0.72578125 0.5229166666666667 0.0671875 0.18333333333333332
0 0.33984375 0.5010416666666667 0.0515625 0.17708333333333334
0 0.8265625 0.48854166666666665 0.053125 0.17708333333333334
0 0.28125 0.50625 0.053125 0.19166666666666668
0 0.06953125 0.5135416666666667 0.0578125 0.18125
0 0.51328125 0.4979166666666667 0.0609375 0.19166666666666668
0 0.65703125 0.5041666666666667 0.0734375 0.2708333333333333
0 0.11484375 0.503125 0.0671875 0.24375
0 0.1984375 0.5072916666666667 0.034375 0.12708333333333333
0 0.14921875 0.5072916666666667 0.0453125 0.17291666666666666