0 0.47109375 0.4791666666666667 0.0265625 0.09166666666666666
0 0.3765625 0.4708333333333333 0.040625 0.16666666666666666
0 0.63984375 0.5072916666666667 0.0671875 0.16041666666666668
0 0.3234375 0.475 0.05 0.19583333333333333
0 0.53828125 0.484375 0.0484375 0.13541666666666666
0 0.4265625 0.48854166666666665 0.05 0.20625
0 0.87578125 0.5458333333333333 0.2046875 0.8125
0 0.73671875 0.5177083333333333 0.1265625 0.4479166666666667
0 0.65703125 0.4895833333333333 0.0421875 0.17083333333333334
0 0.3453125 0.46875 0.0375 0.15416666666666667
0 0.5515625 0.484375 0.034375 0.12291666666666666
0 0.453125 0.49270833333333336 0.028125 0.10625
0 0.47109375 0.4791666666666667 0.0265625 0.09166666666666666
0 0.3765625 0.4708333333333333 0.040625 0.16666666666666666
0 0.63984375 0.5072916666666667 0.0671875 0.16041666666666668
0 0.3234375 0.475 0.05 0.19583333333333333
0 0.53828125 0.484375 0.0484375 0.13541666666666666
0 0.4265625 0.48854166666666665 0.05 0.20625
0 0.87578125 0.5458333333333333 0.2046875 0.8125
0 0.73671875 0.5177083333333333 0.1265625 0.4479166666666667
0 0.65703125 0.4895833333333333 0.0421875 0.17083333333333334
0 0.3453125 0.46875 0.0375 0.15416666666666667
0 0.5515625 0.484375 0.034375 0.12291666666666666
0 0.453125 0.49270833333333336 0.028125 0.10625