0 0.340625 0.465625 0.040625 0.16875
0 0.6625 0.48125 0.0375 0.15416666666666667
0 0.471875 0.478125 0.025 0.09375
0 0.54296875 0.48125 0.0484375 0.1375
0 0.37734375 0.46979166666666666 0.0421875 0.16875
0 0.63671875 0.5041666666666667 0.0609375 0.1625
0 0.32109375 0.4739583333333333 0.0515625 0.19791666666666666
0 0.43046875 0.4864583333333333 0.0484375 0.21041666666666667
0 0.87265625 0.55625 0.2234375 0.8416666666666667
0 0.73984375 0.5177083333333333 0.1234375 0.4479166666666667
0 0.55625 0.48125 0.034375 0.125
0 0.4578125 0.49270833333333336 0.028125 0.10625
0 0.340625 0.465625 0.040625 0.16875
0 0.6625 0.48125 0.0375 0.15416666666666667
0 0.471875 0.478125 0.025 0.09375
0 0.54296875 0.48125 0.0484375 0.1375
0 0.37734375 0.46979166666666666 0.0421875 0.16875
0 0.63671875 0.5041666666666667 0.0609375 0.1625
0 0.32109375 0.4739583333333333 0.0515625 0.19791666666666666
0 0.43046875 0.4864583333333333 0.0484375 0.21041666666666667
0 0.87265625 0.55625 0.2234375 0.8416666666666667
0 0.73984375 0.5177083333333333 0.1234375 0.4479166666666667
0 0.55625 0.48125 0.034375 0.125
0 0.4578125 0.49270833333333336 0.028125 0.10625