0 0.56875 0.48125 0.0375 0.12916666666666668
0 0.471875 0.475 0.028125 0.09583333333333334
0 0.625 0.49895833333333334 0.046875 0.16875
0 0.55078125 0.4791666666666667 0.0390625 0.1375
0 0.67265625 0.47708333333333336 0.0484375 0.15416666666666667
0 0.31875 0.46979166666666666 0.05625 0.20625
0 0.3765625 0.465625 0.046875 0.17708333333333334
0 0.43359375 0.4822916666666667 0.0515625 0.21875
0 0.88203125 0.5614583333333333 0.2234375 0.8479166666666667
0 0.7484375 0.5177083333333333 0.121875 0.45208333333333334
0 0.33984375 0.4625 0.0390625 0.16666666666666666
0 0.465625 0.49270833333333336 0.028125 0.10625
0 0.56875 0.48125 0.0375 0.12916666666666668
0 0.471875 0.475 0.028125 0.09583333333333334
0 0.625 0.49895833333333334 0.046875 0.16875
0 0.55078125 0.4791666666666667 0.0390625 0.1375
0 0.67265625 0.47708333333333336 0.0484375 0.15416666666666667
0 0.31875 0.46979166666666666 0.05625 0.20625
0 0.3765625 0.465625 0.046875 0.17708333333333334
0 0.43359375 0.4822916666666667 0.0515625 0.21875
0 0.88203125 0.5614583333333333 0.2234375 0.8479166666666667
0 0.7484375 0.5177083333333333 0.121875 0.45208333333333334
0 0.33984375 0.4625 0.0390625 0.16666666666666666
0 0.465625 0.49270833333333336 0.028125 0.10625