0 0.5703125 0.48541666666666666 0.040625 0.13333333333333333
0 0.55546875 0.4822916666666667 0.0359375 0.13958333333333334
0 0.46875 0.478125 0.028125 0.09791666666666667
0 0.61484375 0.503125 0.0515625 0.16875
0 0.67421875 0.4822916666666667 0.0484375 0.15208333333333332
0 0.315625 0.46875 0.059375 0.20833333333333334
0 0.3734375 0.46979166666666666 0.046875 0.17708333333333334
0 0.87890625 0.5572916666666666 0.2109375 0.8354166666666667
0 0.43203125 0.4864583333333333 0.0515625 0.22291666666666668
0 0.75 0.51875 0.121875 0.4583333333333333
0 0.33671875 0.465625 0.0390625 0.16875
0 0.4703125 0.49375 0.028125 0.10833333333333334
0 0.5703125 0.48541666666666666 0.040625 0.13333333333333333
0 0.55546875 0.4822916666666667 0.0359375 0.13958333333333334
0 0.46875 0.478125 0.028125 0.09791666666666667
0 0.61484375 0.503125 0.0515625 0.16875
0 0.67421875 0.4822916666666667 0.0484375 0.15208333333333332
0 0.315625 0.46875 0.059375 0.20833333333333334
0 0.3734375 0.46979166666666666 0.046875 0.17708333333333334
0 0.87890625 0.5572916666666666 0.2109375 0.8354166666666667
0 0.43203125 0.4864583333333333 0.0515625 0.22291666666666668
0 0.75 0.51875 0.121875 0.4583333333333333
0 0.33671875 0.465625 0.0390625 0.16875
0 0.4703125 0.49375 0.028125 0.10833333333333334