0 0.46484375 0.478125 0.0296875 0.10208333333333333
0 0.55546875 0.4822916666666667 0.0359375 0.13958333333333334
0 0.60390625 0.5041666666666667 0.0640625 0.16666666666666666
0 0.67421875 0.48020833333333335 0.0484375 0.15208333333333332
0 0.31171875 0.46979166666666666 0.0609375 0.21458333333333332
0 0.3703125 0.46979166666666666 0.046875 0.18125
0 0.7484375 0.509375 0.121875 0.4479166666666667
0 0.4265625 0.4864583333333333 0.05625 0.22708333333333333
0 0.87109375 0.5385416666666667 0.2015625 0.81875
0 0.33359375 0.46979166666666666 0.0390625 0.16875
0 0.4734375 0.49375 0.028125 0.10833333333333334
0 0.46484375 0.478125 0.0296875 0.10208333333333333
0 0.55546875 0.4822916666666667 0.0359375 0.13958333333333334
0 0.60390625 0.5041666666666667 0.0640625 0.16666666666666666
0 0.67421875 0.48020833333333335 0.0484375 0.15208333333333332
0 0.31171875 0.46979166666666666 0.0609375 0.21458333333333332
0 0.3703125 0.46979166666666666 0.046875 0.18125
0 0.7484375 0.509375 0.121875 0.4479166666666667
0 0.4265625 0.4864583333333333 0.05625 0.22708333333333333
0 0.87109375 0.5385416666666667 0.2015625 0.81875
0 0.33359375 0.46979166666666666 0.0390625 0.16875
0 0.4734375 0.49375 0.028125 0.10833333333333334