0 0.459375 0.478125 0.028125 0.10208333333333333
0 0.5546875 0.484375 0.040625 0.14375
0 0.59140625 0.5052083333333334 0.0703125 0.16875
0 0.6734375 0.4791666666666667 0.05 0.15416666666666667
0 0.365625 0.4739583333333333 0.046875 0.18541666666666667
0 0.30546875 0.4708333333333333 0.0609375 0.22083333333333333
0 0.421875 0.48854166666666665 0.059375 0.23125
0 0.86796875 0.5354166666666667 0.2046875 0.8083333333333333
0 0.746875 0.5104166666666666 0.121875 0.45416666666666666
0 0.33046875 0.465625 0.0390625 0.16875
0 0.478125 0.49375 0.028125 0.10833333333333334
0 0.459375 0.478125 0.028125 0.10208333333333333
0 0.5546875 0.484375 0.040625 0.14375
0 0.59140625 0.5052083333333334 0.0703125 0.16875
0 0.6734375 0.4791666666666667 0.05 0.15416666666666667
0 0.365625 0.4739583333333333 0.046875 0.18541666666666667
0 0.30546875 0.4708333333333333 0.0609375 0.22083333333333333
0 0.421875 0.48854166666666665 0.059375 0.23125
0 0.86796875 0.5354166666666667 0.2046875 0.8083333333333333
0 0.746875 0.5104166666666666 0.121875 0.45416666666666666
0 0.33046875 0.465625 0.0390625 0.16875
0 0.478125 0.49375 0.028125 0.10833333333333334