0 0.45078125 0.4791666666666667 0.0296875 0.10416666666666667
0 0.5515625 0.48541666666666666 0.040625 0.14166666666666666
0 0.67265625 0.48020833333333335 0.0453125 0.15625
0 0.296875 0.475 0.0625 0.225
0 0.58046875 0.50625 0.0703125 0.17083333333333334
0 0.35625 0.47291666666666665 0.046875 0.1875
0 0.4140625 0.490625 0.059375 0.23958333333333334
0 0.86171875 0.540625 0.2078125 0.81875
0 0.740625 0.5135416666666667 0.11875 0.45625
0 0.38671875 0.4791666666666667 0.0328125 0.12083333333333333
0 0.32265625 0.46875 0.0390625 0.16666666666666666
0 0.4828125 0.4947916666666667 0.028125 0.10625
0 0.45078125 0.4791666666666667 0.0296875 0.10416666666666667
0 0.5515625 0.48541666666666666 0.040625 0.14166666666666666
0 0.67265625 0.48020833333333335 0.0453125 0.15625
0 0.296875 0.475 0.0625 0.225
0 0.58046875 0.50625 0.0703125 0.17083333333333334
0 0.35625 0.47291666666666665 0.046875 0.1875
0 0.4140625 0.490625 0.059375 0.23958333333333334
0 0.86171875 0.540625 0.2078125 0.81875
0 0.740625 0.5135416666666667 0.11875 0.45625
0 0.38671875 0.4791666666666667 0.0328125 0.12083333333333333
0 0.32265625 0.46875 0.0390625 0.16666666666666666
0 0.4828125 0.4947916666666667 0.028125 0.10625