0 0.38125 0.490625 0.034375 0.14375
0 0.30234375 0.46979166666666666 0.0453125 0.19375
0 0.54453125 0.4875 0.0453125 0.14166666666666666
0 0.44296875 0.48125 0.0296875 0.10416666666666667
0 0.6703125 0.48333333333333334 0.040625 0.15833333333333333
0 0.5671875 0.5072916666666667 0.0625 0.17708333333333334
0 0.28671875 0.478125 0.0640625 0.23125
0 0.34765625 0.47291666666666665 0.0515625 0.19166666666666668
0 0.41171875 0.49166666666666664 0.0609375 0.24583333333333332
0 0.7359375 0.51875 0.115625 0.4583333333333333
0 0.8515625 0.5510416666666667 0.2 0.83125
0 0.4859375 0.4947916666666667 0.028125 0.10625
0 0.38125 0.490625 0.034375 0.14375
0 0.30234375 0.46979166666666666 0.0453125 0.19375
0 0.54453125 0.4875 0.0453125 0.14166666666666666
0 0.44296875 0.48125 0.0296875 0.10416666666666667
0 0.6703125 0.48333333333333334 0.040625 0.15833333333333333
0 0.5671875 0.5072916666666667 0.0625 0.17708333333333334
0 0.28671875 0.478125 0.0640625 0.23125
0 0.34765625 0.47291666666666665 0.0515625 0.19166666666666668
0 0.41171875 0.49166666666666664 0.0609375 0.24583333333333332
0 0.7359375 0.51875 0.115625 0.4583333333333333
0 0.8515625 0.5510416666666667 0.2 0.83125
0 0.4859375 0.4947916666666667 0.028125 0.10625