0 0.25625 0.4979166666666667 0.040625 0.15833333333333333
0 0.9203125 0.5 0.0375 0.1375
0 0.77265625 0.496875 0.0421875 0.14375
0 0.8921875 0.496875 0.04375 0.14791666666666667
0 0.06484375 0.515625 0.0578125 0.18125
0 0.2828125 0.5052083333333334 0.053125 0.18958333333333333
0 0.22734375 0.5125 0.0578125 0.1875
0 0.82890625 0.4895833333333333 0.0546875 0.17916666666666667
0 0.34140625 0.5010416666666667 0.0515625 0.17708333333333334
0 0.39921875 0.5010416666666667 0.0421875 0.13541666666666666
0 0.1140625 0.5020833333333333 0.06875 0.24583333333333332
0 0.51484375 0.49895833333333334 0.0609375 0.19375
0 0.72421875 0.5239583333333333 0.0671875 0.18541666666666667
0 0.65703125 0.5041666666666667 0.0734375 0.2708333333333333
0 0.19765625 0.5072916666666667 0.0359375 0.12708333333333333
0 0.1484375 0.5083333333333333 0.046875 0.175
0 0.25625 0.4979166666666667 0.040625 0.15833333333333333
0 0.9203125 0.5 0.0375 0.1375
0 0.77265625 0.496875 0.0421875 0.14375
0 0.8921875 0.496875 0.04375 0.14791666666666667
0 0.06484375 0.515625 0.0578125 0.18125
0 0.2828125 0.5052083333333334 0.053125 0.18958333333333333
0 0.22734375 0.5125 0.0578125 0.1875
0 0.82890625 0.4895833333333333 0.0546875 0.17916666666666667
0 0.34140625 0.5010416666666667 0.0515625 0.17708333333333334
0 0.39921875 0.5010416666666667 0.0421875 0.13541666666666666
0 0.1140625 0.5020833333333333 0.06875 0.24583333333333332
0 0.51484375 0.49895833333333334 0.0609375 0.19375
0 0.72421875 0.5239583333333333 0.0671875 0.18541666666666667
0 0.65703125 0.5041666666666667 0.0734375 0.2708333333333333
0 0.19765625 0.5072916666666667 0.0359375 0.12708333333333333
0 0.1484375 0.5083333333333333 0.046875 0.175