0 0.553125 0.5010416666666667 0.040625 0.16875
0 0.484375 0.4864583333333333 0.03125 0.10208333333333333
0 0.66171875 0.48125 0.0421875 0.15416666666666667
0 0.534375 0.503125 0.046875 0.17708333333333334
0 0.26953125 0.47291666666666665 0.0671875 0.24166666666666667
0 0.328125 0.46979166666666666 0.05 0.20625
0 0.83046875 0.5614583333333333 0.1890625 0.8354166666666667
0 0.39375 0.4864583333333333 0.06875 0.2604166666666667
0 0.721875 0.5239583333333333 0.1125 0.46041666666666664
0 0.2328125 0.4708333333333333 0.046875 0.14583333333333334
0 0.44296875 0.48125 0.0296875 0.10416666666666667
0 0.553125 0.5010416666666667 0.040625 0.16875
0 0.484375 0.4864583333333333 0.03125 0.10208333333333333
0 0.66171875 0.48125 0.0421875 0.15416666666666667
0 0.534375 0.503125 0.046875 0.17708333333333334
0 0.26953125 0.47291666666666665 0.0671875 0.24166666666666667
0 0.328125 0.46979166666666666 0.05 0.20625
0 0.83046875 0.5614583333333333 0.1890625 0.8354166666666667
0 0.39375 0.4864583333333333 0.06875 0.2604166666666667
0 0.721875 0.5239583333333333 0.1125 0.46041666666666664
0 0.2328125 0.4708333333333333 0.046875 0.14583333333333334
0 0.44296875 0.48125 0.0296875 0.10416666666666667