0 0.21171875 0.4791666666666667 0.0515625 0.16666666666666666
0 0.540625 0.496875 0.040625 0.16875
0 0.51640625 0.503125 0.0578125 0.17708333333333334
0 0.2609375 0.47291666666666665 0.06875 0.25
0 0.3203125 0.46875 0.053125 0.20833333333333334
0 0.38515625 0.48854166666666665 0.0671875 0.26875
0 0.82734375 0.5625 0.1921875 0.8375
0 0.71484375 0.5239583333333333 0.1171875 0.46458333333333335
0 0.65546875 0.484375 0.0421875 0.15625
0 0.44296875 0.4822916666666667 0.0296875 0.10625
0 0.21171875 0.4791666666666667 0.0515625 0.16666666666666666
0 0.540625 0.496875 0.040625 0.16875
0 0.51640625 0.503125 0.0578125 0.17708333333333334
0 0.2609375 0.47291666666666665 0.06875 0.25
0 0.3203125 0.46875 0.053125 0.20833333333333334
0 0.38515625 0.48854166666666665 0.0671875 0.26875
0 0.82734375 0.5625 0.1921875 0.8375
0 0.71484375 0.5239583333333333 0.1171875 0.46458333333333335
0 0.65546875 0.484375 0.0421875 0.15625
0 0.44296875 0.4822916666666667 0.0296875 0.10625