0 0.534375 0.48333333333333334 0.0375 0.15
0 0.54765625 0.4822916666666667 0.0390625 0.13541666666666666
0 0.4890625 0.5 0.075 0.18333333333333332
0 0.30546875 0.46770833333333334 0.0546875 0.21041666666666667
0 0.36640625 0.48854166666666665 0.0703125 0.28958333333333336
0 0.815625 0.5427083333333333 0.196875 0.8145833333333333
0 0.24453125 0.46458333333333335 0.0734375 0.26666666666666666
0 0.7015625 0.5114583333333333 0.125 0.45625
0 0.44296875 0.48333333333333334 0.0296875 0.10416666666666667
0 0.534375 0.48333333333333334 0.0375 0.15
0 0.54765625 0.4822916666666667 0.0390625 0.13541666666666666
0 0.4890625 0.5 0.075 0.18333333333333332
0 0.30546875 0.46770833333333334 0.0546875 0.21041666666666667
0 0.36640625 0.48854166666666665 0.0703125 0.28958333333333336
0 0.815625 0.5427083333333333 0.196875 0.8145833333333333
0 0.24453125 0.46458333333333335 0.0734375 0.26666666666666666
0 0.7015625 0.5114583333333333 0.125 0.45625
0 0.44296875 0.48333333333333334 0.0296875 0.10416666666666667