0 0.54765625 0.484375 0.0421875 0.13541666666666666
0 0.41796875 0.47708333333333336 0.0234375 0.07916666666666666
0 0.5390625 0.48333333333333334 0.046875 0.15
0 0.3515625 0.4875 0.075 0.30833333333333335
0 0.4703125 0.49895833333333334 0.06875 0.18958333333333333
0 0.2984375 0.4666666666666667 0.05625 0.22083333333333333
0 0.22890625 0.4708333333333333 0.0765625 0.2791666666666667
0 0.8078125 0.5572916666666666 0.215625 0.84375
0 0.70078125 0.509375 0.1234375 0.46041666666666664
0 0.44296875 0.48333333333333334 0.0296875 0.10416666666666667
0 0.54765625 0.484375 0.0421875 0.13541666666666666
0 0.41796875 0.47708333333333336 0.0234375 0.07916666666666666
0 0.5390625 0.48333333333333334 0.046875 0.15
0 0.3515625 0.4875 0.075 0.30833333333333335
0 0.4703125 0.49895833333333334 0.06875 0.18958333333333333
0 0.2984375 0.4666666666666667 0.05625 0.22083333333333333
0 0.22890625 0.4708333333333333 0.0765625 0.2791666666666667
0 0.8078125 0.5572916666666666 0.215625 0.84375
0 0.70078125 0.509375 0.1234375 0.46041666666666664
0 0.44296875 0.48333333333333334 0.0296875 0.10416666666666667