0 0.45625 0.503125 0.0625 0.18541666666666667
0 0.53671875 0.4895833333333333 0.0515625 0.15
0 0.21484375 0.4791666666666667 0.0796875 0.2916666666666667
0 0.290625 0.471875 0.05625 0.23125
0 0.34375 0.49270833333333336 0.08125 0.3229166666666667
0 0.79921875 0.571875 0.2234375 0.85625
0 0.7 0.5208333333333334 0.11875 0.4666666666666667
0 0.378125 0.4822916666666667 0.04375 0.12291666666666666
0 0.2328125 0.4791666666666667 0.0625 0.25
0 0.44296875 0.48333333333333334 0.0296875 0.10416666666666667
0 0.54765625 0.4864583333333333 0.0421875 0.13541666666666666
0 0.45625 0.503125 0.0625 0.18541666666666667
0 0.53671875 0.4895833333333333 0.0515625 0.15
0 0.21484375 0.4791666666666667 0.0796875 0.2916666666666667
0 0.290625 0.471875 0.05625 0.23125
0 0.34375 0.49270833333333336 0.08125 0.3229166666666667
0 0.79921875 0.571875 0.2234375 0.85625
0 0.7 0.5208333333333334 0.11875 0.4666666666666667
0 0.378125 0.4822916666666667 0.04375 0.12291666666666666
0 0.2328125 0.4791666666666667 0.0625 0.25
0 0.44296875 0.48333333333333334 0.0296875 0.10416666666666667
0 0.54765625 0.4864583333333333 0.0421875 0.13541666666666666