0 0.221875 0.471875 0.0625 0.2520833333333333
0 0.44453125 0.49583333333333335 0.0640625 0.19166666666666668
0 0.37734375 0.47604166666666664 0.0359375 0.11875
0 0.5328125 0.48333333333333334 0.053125 0.15
0 0.28359375 0.46458333333333335 0.0578125 0.2375
0 0.69765625 0.5208333333333334 0.1171875 0.4666666666666667
0 0.33046875 0.4875 0.0859375 0.3333333333333333
0 0.2015625 0.47291666666666665 0.08125 0.3
0 0.79453125 0.56875 0.2078125 0.8625
0 0.44296875 0.484375 0.0296875 0.10625
0 0.5484375 0.484375 0.040625 0.13541666666666666
0 0.221875 0.471875 0.0625 0.2520833333333333
0 0.44453125 0.49583333333333335 0.0640625 0.19166666666666668
0 0.37734375 0.47604166666666664 0.0359375 0.11875
0 0.5328125 0.48333333333333334 0.053125 0.15
0 0.28359375 0.46458333333333335 0.0578125 0.2375
0 0.69765625 0.5208333333333334 0.1171875 0.4666666666666667
0 0.33046875 0.4875 0.0859375 0.3333333333333333
0 0.2015625 0.47291666666666665 0.08125 0.3
0 0.79453125 0.56875 0.2078125 0.8625
0 0.44296875 0.484375 0.0296875 0.10625
0 0.5484375 0.484375 0.040625 0.13541666666666666