0 0.21484375 0.46145833333333336 0.0609375 0.24375
0 0.37421875 0.47291666666666665 0.0328125 0.12083333333333333
0 0.43125 0.48333333333333334 0.06875 0.20416666666666666
0 0.53125 0.4791666666666667 0.053125 0.15
0 0.27734375 0.46041666666666664 0.0578125 0.24166666666666667
0 0.3203125 0.48854166666666665 0.0875 0.34791666666666665
0 0.18984375 0.46770833333333334 0.0828125 0.3104166666666667
0 0.69921875 0.5197916666666667 0.1171875 0.46875
0 0.7859375 0.5552083333333333 0.2 0.84375
0 0.44296875 0.48541666666666666 0.0296875 0.10416666666666667
0 0.5484375 0.4822916666666667 0.040625 0.13541666666666666
0 0.21484375 0.46145833333333336 0.0609375 0.24375
0 0.37421875 0.47291666666666665 0.0328125 0.12083333333333333
0 0.43125 0.48333333333333334 0.06875 0.20416666666666666
0 0.53125 0.4791666666666667 0.053125 0.15
0 0.27734375 0.46041666666666664 0.0578125 0.24166666666666667
0 0.3203125 0.48854166666666665 0.0875 0.34791666666666665
0 0.18984375 0.46770833333333334 0.0828125 0.3104166666666667
0 0.69921875 0.5197916666666667 0.1171875 0.46875
0 0.7859375 0.5552083333333333 0.2 0.84375
0 0.44296875 0.48541666666666666 0.0296875 0.10416666666666667
0 0.5484375 0.4822916666666667 0.040625 0.13541666666666666