0 0.3765625 0.4739583333333333 0.03125 0.12291666666666666
0 0.45390625 0.48333333333333334 0.0296875 0.10833333333333334
0 0.20859375 0.4666666666666667 0.0640625 0.24583333333333332
0 0.5359375 0.48125 0.046875 0.15416666666666667
0 0.1796875 0.4666666666666667 0.090625 0.32083333333333336
0 0.41015625 0.49583333333333335 0.0765625 0.19583333333333333
0 0.27421875 0.465625 0.0609375 0.24791666666666667
0 0.7015625 0.5208333333333334 0.115625 0.475
0 0.31328125 0.49270833333333336 0.0890625 0.36041666666666666
0 0.78125 0.54375 0.19375 0.8291666666666667
0 0.553125 0.4822916666666667 0.040625 0.13541666666666666
0 0.3765625 0.4739583333333333 0.03125 0.12291666666666666
0 0.45390625 0.48333333333333334 0.0296875 0.10833333333333334
0 0.20859375 0.4666666666666667 0.0640625 0.24583333333333332
0 0.5359375 0.48125 0.046875 0.15416666666666667
0 0.1796875 0.4666666666666667 0.090625 0.32083333333333336
0 0.41015625 0.49583333333333335 0.0765625 0.19583333333333333
0 0.27421875 0.465625 0.0609375 0.24791666666666667
0 0.7015625 0.5208333333333334 0.115625 0.475
0 0.31328125 0.49270833333333336 0.0890625 0.36041666666666666
0 0.78125 0.54375 0.19375 0.8291666666666667
0 0.553125 0.4822916666666667 0.040625 0.13541666666666666