0 0.91953125 0.5083333333333333 0.0390625 0.1375
0 0.25234375 0.5010416666666667 0.0421875 0.16041666666666668
0 0.8921875 0.5052083333333334 0.04375 0.15208333333333332
0 0.771875 0.503125 0.04375 0.14375
0 0.05234375 0.5197916666666667 0.0609375 0.18958333333333333
0 0.828125 0.4979166666666667 0.053125 0.17916666666666667
0 0.2796875 0.5072916666666667 0.053125 0.19375
0 0.39765625 0.50625 0.0421875 0.1375
0 0.22421875 0.5145833333333333 0.0578125 0.19166666666666668
0 0.33984375 0.5052083333333334 0.0515625 0.17708333333333334
0 0.71875 0.5291666666666667 0.065625 0.19166666666666668
0 0.5140625 0.5041666666666667 0.0625 0.19583333333333333
0 0.65390625 0.5125 0.0734375 0.2791666666666667
0 0.10859375 0.509375 0.0703125 0.2520833333333333
0 0.19453125 0.509375 0.0359375 0.12708333333333333
0 0.146875 0.5114583333333333 0.046875 0.17291666666666666
0 0.91953125 0.5083333333333333 0.0390625 0.1375
0 0.25234375 0.5010416666666667 0.0421875 0.16041666666666668
0 0.8921875 0.5052083333333334 0.04375 0.15208333333333332
0 0.771875 0.503125 0.04375 0.14375
0 0.05234375 0.5197916666666667 0.0609375 0.18958333333333333
0 0.828125 0.4979166666666667 0.053125 0.17916666666666667
0 0.2796875 0.5072916666666667 0.053125 0.19375
0 0.39765625 0.50625 0.0421875 0.1375
0 0.22421875 0.5145833333333333 0.0578125 0.19166666666666668
0 0.33984375 0.5052083333333334 0.0515625 0.17708333333333334
0 0.71875 0.5291666666666667 0.065625 0.19166666666666668
0 0.5140625 0.5041666666666667 0.0625 0.19583333333333333
0 0.65390625 0.5125 0.0734375 0.2791666666666667
0 0.10859375 0.509375 0.0703125 0.2520833333333333
0 0.19453125 0.509375 0.0359375 0.12708333333333333
0 0.146875 0.5114583333333333 0.046875 0.17291666666666666