0 0.56171875 0.47708333333333336 0.0453125 0.14583333333333334
0 0.2078125 0.46145833333333336 0.065625 0.24791666666666667
0 0.4578125 0.478125 0.03125 0.11458333333333333
0 0.27578125 0.46145833333333336 0.0640625 0.2520833333333333
0 0.54453125 0.47708333333333336 0.0421875 0.15416666666666667
0 0.709375 0.5135416666666667 0.11875 0.47708333333333336
0 0.1765625 0.459375 0.09375 0.33125
0 0.78203125 0.53125 0.1890625 0.8333333333333334
0 0.31171875 0.4875 0.0890625 0.375
0 0.40703125 0.49375 0.0796875 0.19583333333333333
0 0.8234375 0.5135416666666667 0.128125 0.5229166666666667
0 0.3765625 0.47291666666666665 0.03125 0.12083333333333333
0 0.56171875 0.47708333333333336 0.0453125 0.14583333333333334
0 0.2078125 0.46145833333333336 0.065625 0.24791666666666667
0 0.4578125 0.478125 0.03125 0.11458333333333333
0 0.27578125 0.46145833333333336 0.0640625 0.2520833333333333
0 0.54453125 0.47708333333333336 0.0421875 0.15416666666666667
0 0.709375 0.5135416666666667 0.11875 0.47708333333333336
0 0.1765625 0.459375 0.09375 0.33125
0 0.78203125 0.53125 0.1890625 0.8333333333333334
0 0.31171875 0.4875 0.0890625 0.375
0 0.40703125 0.49375 0.0796875 0.19583333333333333
0 0.8234375 0.5135416666666667 0.128125 0.5229166666666667
0 0.3765625 0.47291666666666665 0.03125 0.12083333333333333