0 0.36875 0.4708333333333333 0.03125 0.12083333333333333
0 0.821875 0.515625 0.134375 0.5229166666666667
0 0.56015625 0.4739583333333333 0.0484375 0.15208333333333332
0 0.275 0.465625 0.065625 0.27291666666666664
0 0.459375 0.475 0.03125 0.11666666666666667
0 0.20546875 0.46041666666666664 0.0671875 0.25416666666666665
0 0.709375 0.5020833333333333 0.11875 0.4625
0 0.16875 0.45729166666666665 0.096875 0.33958333333333335
0 0.40390625 0.49270833333333336 0.0765625 0.19791666666666666
0 0.7828125 0.5302083333333333 0.196875 0.8479166666666667
0 0.30703125 0.484375 0.0921875 0.3854166666666667
0 0.546875 0.475 0.04375 0.15416666666666667
0 0.36875 0.4708333333333333 0.03125 0.12083333333333333
0 0.821875 0.515625 0.134375 0.5229166666666667
0 0.56015625 0.4739583333333333 0.0484375 0.15208333333333332
0 0.275 0.465625 0.065625 0.27291666666666664
0 0.459375 0.475 0.03125 0.11666666666666667
0 0.20546875 0.46041666666666664 0.0671875 0.25416666666666665
0 0.709375 0.5020833333333333 0.11875 0.4625
0 0.16875 0.45729166666666665 0.096875 0.33958333333333335
0 0.40390625 0.49270833333333336 0.0765625 0.19791666666666666
0 0.7828125 0.5302083333333333 0.196875 0.8479166666666667
0 0.30703125 0.484375 0.0921875 0.3854166666666667
0 0.546875 0.475 0.04375 0.15416666666666667