0 0.26875 0.46770833333333334 0.071875 0.28125
0 0.57265625 0.4822916666666667 0.0421875 0.14375
0 0.46328125 0.48125 0.0328125 0.11666666666666667
0 0.19921875 0.4625 0.0671875 0.2625
0 0.83828125 0.5322916666666667 0.1359375 0.5145833333333333
0 0.715625 0.5104166666666666 0.11875 0.4583333333333333
0 0.55703125 0.4791666666666667 0.0421875 0.15416666666666667
0 0.39375 0.49375 0.065625 0.2
0 0.778125 0.5541666666666667 0.19375 0.8583333333333333
0 0.159375 0.46458333333333335 0.10625 0.35833333333333334
0 0.29921875 0.4864583333333333 0.1046875 0.41041666666666665
0 0.36640625 0.46979166666666666 0.0328125 0.11875
0 0.26875 0.46770833333333334 0.071875 0.28125
0 0.57265625 0.4822916666666667 0.0421875 0.14375
0 0.46328125 0.48125 0.0328125 0.11666666666666667
0 0.19921875 0.4625 0.0671875 0.2625
0 0.83828125 0.5322916666666667 0.1359375 0.5145833333333333
0 0.715625 0.5104166666666666 0.11875 0.4583333333333333
0 0.55703125 0.4791666666666667 0.0421875 0.15416666666666667
0 0.39375 0.49375 0.065625 0.2
0 0.778125 0.5541666666666667 0.19375 0.8583333333333333
0 0.159375 0.46458333333333335 0.10625 0.35833333333333334
0 0.29921875 0.4864583333333333 0.1046875 0.41041666666666665
0 0.36640625 0.46979166666666666 0.0328125 0.11875