0 0.46484375 0.48125 0.0328125 0.11666666666666667
0 0.38984375 0.49166666666666664 0.0609375 0.20416666666666666
0 0.2 0.46145833333333336 0.065625 0.26875
0 0.565625 0.4791666666666667 0.046875 0.15416666666666667
0 0.721875 0.5104166666666666 0.121875 0.4666666666666667
0 0.84765625 0.5385416666666667 0.1359375 0.50625
0 0.77734375 0.5645833333333333 0.1890625 0.8666666666666667
0 0.2921875 0.4864583333333333 0.11875 0.4270833333333333
0 0.1546875 0.46458333333333335 0.109375 0.3625
0 0.26875 0.4666666666666667 0.071875 0.2791666666666667
0 0.3640625 0.46875 0.03125 0.12083333333333333
0 0.46484375 0.48125 0.0328125 0.11666666666666667
0 0.38984375 0.49166666666666664 0.0609375 0.20416666666666666
0 0.2 0.46145833333333336 0.065625 0.26875
0 0.565625 0.4791666666666667 0.046875 0.15416666666666667
0 0.721875 0.5104166666666666 0.121875 0.4666666666666667
0 0.84765625 0.5385416666666667 0.1359375 0.50625
0 0.77734375 0.5645833333333333 0.1890625 0.8666666666666667
0 0.2921875 0.4864583333333333 0.11875 0.4270833333333333
0 0.1546875 0.46458333333333335 0.109375 0.3625
0 0.26875 0.4666666666666667 0.071875 0.2791666666666667
0 0.3640625 0.46875 0.03125 0.12083333333333333