0 0.73125 0.5229166666666667 0.125 0.45416666666666666
0 0.4671875 0.48541666666666666 0.034375 0.11666666666666667
0 0.1921875 0.465625 0.06875 0.27708333333333335
0 0.3828125 0.49375 0.078125 0.20416666666666666
0 0.85625 0.54375 0.13125 0.5083333333333333
0 0.56796875 0.484375 0.0484375 0.15625
0 0.7703125 0.56875 0.196875 0.8625
0 0.14609375 0.4708333333333333 0.1078125 0.37916666666666665
0 0.27421875 0.49375 0.1296875 0.45
0 0.340625 0.4739583333333333 0.03125 0.12291666666666666
0 0.4046875 0.4791666666666667 0.034375 0.125
0 0.265625 0.4666666666666667 0.071875 0.2791666666666667
0 0.36171875 0.4666666666666667 0.0328125 0.12083333333333333
0 0.73125 0.5229166666666667 0.125 0.45416666666666666
0 0.4671875 0.48541666666666666 0.034375 0.11666666666666667
0 0.1921875 0.465625 0.06875 0.27708333333333335
0 0.3828125 0.49375 0.078125 0.20416666666666666
0 0.85625 0.54375 0.13125 0.5083333333333333
0 0.56796875 0.484375 0.0484375 0.15625
0 0.7703125 0.56875 0.196875 0.8625
0 0.14609375 0.4708333333333333 0.1078125 0.37916666666666665
0 0.27421875 0.49375 0.1296875 0.45
0 0.340625 0.4739583333333333 0.03125 0.12291666666666666
0 0.4046875 0.4791666666666667 0.034375 0.125
0 0.265625 0.4666666666666667 0.071875 0.2791666666666667
0 0.36171875 0.4666666666666667 0.0328125 0.12083333333333333