0 0.19453125 0.475 0.0703125 0.32083333333333336
0 0.4171875 0.4708333333333333 0.03125 0.12916666666666668
0 0.47890625 0.478125 0.0359375 0.11875
0 0.5828125 0.4791666666666667 0.05 0.15833333333333333
0 0.8828125 0.5302083333333333 0.134375 0.5104166666666666
0 0.128125 0.4635416666666667 0.11875 0.41458333333333336
0 0.2546875 0.49166666666666664 0.128125 0.5041666666666667
0 0.35625 0.4895833333333333 0.078125 0.2125
0 0.77734375 0.5364583333333334 0.2015625 0.8395833333333333
0 0.39609375 0.47291666666666665 0.0421875 0.12916666666666668
0 0.2609375 0.465625 0.071875 0.28125
0 0.3578125 0.46458333333333335 0.03125 0.12083333333333333
0 0.19453125 0.475 0.0703125 0.32083333333333336
0 0.4171875 0.4708333333333333 0.03125 0.12916666666666668
0 0.47890625 0.478125 0.0359375 0.11875
0 0.5828125 0.4791666666666667 0.05 0.15833333333333333
0 0.8828125 0.5302083333333333 0.134375 0.5104166666666666
0 0.128125 0.4635416666666667 0.11875 0.41458333333333336
0 0.2546875 0.49166666666666664 0.128125 0.5041666666666667
0 0.35625 0.4895833333333333 0.078125 0.2125
0 0.77734375 0.5364583333333334 0.2015625 0.8395833333333333
0 0.39609375 0.47291666666666665 0.0421875 0.12916666666666668
0 0.2609375 0.465625 0.071875 0.28125
0 0.3578125 0.46458333333333335 0.03125 0.12083333333333333