0 0.19375 0.4739583333333333 0.071875 0.32708333333333334
0 0.42109375 0.4708333333333333 0.0328125 0.12916666666666668
0 0.40078125 0.471875 0.0421875 0.12708333333333333
0 0.4828125 0.47708333333333336 0.034375 0.12083333333333333
0 0.88984375 0.5270833333333333 0.1328125 0.5166666666666667
0 0.5890625 0.4791666666666667 0.05 0.1625
0 0.12265625 0.46145833333333336 0.1265625 0.4270833333333333
0 0.246875 0.4895833333333333 0.134375 0.5291666666666667
0 0.7765625 0.5375 0.196875 0.85
0 0.35390625 0.48854166666666665 0.0796875 0.21458333333333332
0 0.259375 0.465625 0.071875 0.28125
0 0.35546875 0.4625 0.0328125 0.12083333333333333
0 0.19375 0.4739583333333333 0.071875 0.32708333333333334
0 0.42109375 0.4708333333333333 0.0328125 0.12916666666666668
0 0.40078125 0.471875 0.0421875 0.12708333333333333
0 0.4828125 0.47708333333333336 0.034375 0.12083333333333333
0 0.88984375 0.5270833333333333 0.1328125 0.5166666666666667
0 0.5890625 0.4791666666666667 0.05 0.1625
0 0.12265625 0.46145833333333336 0.1265625 0.4270833333333333
0 0.246875 0.4895833333333333 0.134375 0.5291666666666667
0 0.7765625 0.5375 0.196875 0.85
0 0.35390625 0.48854166666666665 0.0796875 0.21458333333333332
0 0.259375 0.465625 0.071875 0.28125
0 0.35546875 0.4625 0.0328125 0.12083333333333333