0 0.43125 0.46979166666666666 0.034375 0.13125
0 0.41484375 0.4708333333333333 0.0359375 0.12916666666666668
0 0.48828125 0.47708333333333336 0.0328125 0.12083333333333333
0 0.6 0.47708333333333336 0.046875 0.1625
0 0.90703125 0.5270833333333333 0.1453125 0.525
0 0.23125 0.48333333333333334 0.140625 0.5583333333333333
0 0.3484375 0.4864583333333333 0.06875 0.21875
0 0.1171875 0.45625 0.128125 0.45
0 0.784375 0.5395833333333333 0.203125 0.8625
0 0.37890625 0.465625 0.0359375 0.12708333333333333
0 0.25625 0.465625 0.071875 0.28125
0 0.353125 0.46145833333333336 0.03125 0.11875
0 0.43125 0.46979166666666666 0.034375 0.13125
0 0.41484375 0.4708333333333333 0.0359375 0.12916666666666668
0 0.48828125 0.47708333333333336 0.0328125 0.12083333333333333
0 0.6 0.47708333333333336 0.046875 0.1625
0 0.90703125 0.5270833333333333 0.1453125 0.525
0 0.23125 0.48333333333333334 0.140625 0.5583333333333333
0 0.3484375 0.4864583333333333 0.06875 0.21875
0 0.1171875 0.45625 0.128125 0.45
0 0.784375 0.5395833333333333 0.203125 0.8625
0 0.37890625 0.465625 0.0359375 0.12708333333333333
0 0.25625 0.465625 0.071875 0.28125
0 0.353125 0.46145833333333336 0.03125 0.11875