0 0.4265625 0.471875 0.034375 0.12708333333333333
0 0.3484375 0.48541666666666666 0.06875 0.21666666666666667
0 0.61171875 0.48020833333333335 0.0484375 0.16458333333333333
0 0.4953125 0.47604166666666664 0.034375 0.12291666666666666
0 0.27734375 0.45416666666666666 0.0734375 0.3125
0 0.44140625 0.471875 0.0484375 0.13125
0 0.38359375 0.46979166666666666 0.0359375 0.12708333333333333
0 0.91875 0.53125 0.146875 0.5291666666666667
0 0.78359375 0.5510416666666667 0.2234375 0.8770833333333333
0 0.21875 0.4875 0.146875 0.6
0 0.11171875 0.453125 0.1265625 0.46875
0 0.35078125 0.46041666666666664 0.0328125 0.12083333333333333
0 0.4265625 0.471875 0.034375 0.12708333333333333
0 0.3484375 0.48541666666666666 0.06875 0.21666666666666667
0 0.61171875 0.48020833333333335 0.0484375 0.16458333333333333
0 0.4953125 0.47604166666666664 0.034375 0.12291666666666666
0 0.27734375 0.45416666666666666 0.0734375 0.3125
0 0.44140625 0.471875 0.0484375 0.13125
0 0.38359375 0.46979166666666666 0.0359375 0.12708333333333333
0 0.91875 0.53125 0.146875 0.5291666666666667
0 0.78359375 0.5510416666666667 0.2234375 0.8770833333333333
0 0.21875 0.4875 0.146875 0.6
0 0.11171875 0.453125 0.1265625 0.46875
0 0.35078125 0.46041666666666664 0.0328125 0.12083333333333333