0 0.20703125 0.5072916666666667 0.0390625 0.14375
0 0.9296875 0.5041666666666667 0.0375 0.1375
0 0.2578125 0.49895833333333334 0.040625 0.16041666666666668
0 0.0484375 0.5177083333333333 0.05625 0.18958333333333333
0 0.77890625 0.5 0.0453125 0.14583333333333334
0 0.22890625 0.5125 0.0609375 0.19583333333333333
0 0.8359375 0.49375 0.05625 0.18333333333333332
0 0.4046875 0.5052083333333334 0.046875 0.13958333333333334
0 0.9015625 0.5020833333333333 0.046875 0.15
0 0.284375 0.5052083333333334 0.05625 0.20208333333333334
0 0.34765625 0.5020833333333333 0.0546875 0.18333333333333332
0 0.7171875 0.5260416666666666 0.065625 0.19791666666666666
0 0.5203125 0.5010416666666667 0.0625 0.19791666666666666
0 0.65625 0.5104166666666666 0.075 0.2875
0 0.109375 0.5104166666666666 0.071875 0.25833333333333336
0 0.14765625 0.5125 0.0453125 0.175
0 0.20703125 0.5072916666666667 0.0390625 0.14375
0 0.9296875 0.5041666666666667 0.0375 0.1375
0 0.2578125 0.49895833333333334 0.040625 0.16041666666666668
0 0.0484375 0.5177083333333333 0.05625 0.18958333333333333
0 0.77890625 0.5 0.0453125 0.14583333333333334
0 0.22890625 0.5125 0.0609375 0.19583333333333333
0 0.8359375 0.49375 0.05625 0.18333333333333332
0 0.4046875 0.5052083333333334 0.046875 0.13958333333333334
0 0.9015625 0.5020833333333333 0.046875 0.15
0 0.284375 0.5052083333333334 0.05625 0.20208333333333334
0 0.34765625 0.5020833333333333 0.0546875 0.18333333333333332
0 0.7171875 0.5260416666666666 0.065625 0.19791666666666666
0 0.5203125 0.5010416666666667 0.0625 0.19791666666666666
0 0.65625 0.5104166666666666 0.075 0.2875
0 0.109375 0.5104166666666666 0.071875 0.25833333333333336
0 0.14765625 0.5125 0.0453125 0.175