0 0.5015625 0.48333333333333334 0.0375 0.12083333333333333
0 0.6234375 0.48333333333333334 0.046875 0.16666666666666666
0 0.34609375 0.48854166666666665 0.0703125 0.21875
0 0.453125 0.47604166666666664 0.046875 0.13125
0 0.43515625 0.478125 0.0390625 0.12708333333333333
0 0.38828125 0.475 0.0359375 0.12916666666666668
0 0.93046875 0.5375 0.1390625 0.5416666666666666
0 0.2796875 0.4583333333333333 0.08125 0.325
0 0.09921875 0.4625 0.1296875 0.4875
0 0.20703125 0.5041666666666667 0.1546875 0.6458333333333334
0 0.7828125 0.5604166666666667 0.23125 0.8791666666666667
0 0.3484375 0.4583333333333333 0.03125 0.12083333333333333
0 0.5015625 0.48333333333333334 0.0375 0.12083333333333333
0 0.6234375 0.48333333333333334 0.046875 0.16666666666666666
0 0.34609375 0.48854166666666665 0.0703125 0.21875
0 0.453125 0.47604166666666664 0.046875 0.13125
0 0.43515625 0.478125 0.0390625 0.12708333333333333
0 0.38828125 0.475 0.0359375 0.12916666666666668
0 0.93046875 0.5375 0.1390625 0.5416666666666666
0 0.2796875 0.4583333333333333 0.08125 0.325
0 0.09921875 0.4625 0.1296875 0.4875
0 0.20703125 0.5041666666666667 0.1546875 0.6458333333333334
0 0.7828125 0.5604166666666667 0.23125 0.8791666666666667
0 0.3484375 0.4583333333333333 0.03125 0.12083333333333333