0 0.46015625 0.4791666666666667 0.0484375 0.13333333333333333
0 0.44609375 0.48125 0.0453125 0.12916666666666668
0 0.509375 0.4864583333333333 0.0375 0.11875
0 0.3609375 0.4739583333333333 0.034375 0.13125
0 0.33359375 0.4947916666666667 0.0640625 0.22291666666666668
0 0.07890625 0.4708333333333333 0.1578125 0.5125
0 0.640625 0.4864583333333333 0.05625 0.16458333333333333
0 0.001485595703125 0.001134982638888889 0.00021240234374999997 0.0011501736111111111
0 0.39140625 0.478125 0.0359375 0.13125
0 0.27734375 0.4625 0.0828125 0.3375
0 0.79296875 0.5614583333333333 0.2296875 0.8770833333333333
0 0.178125 0.5208333333333334 0.171875 0.7125
0 0.82734375 0.51875 0.1390625 0.5041666666666667
0 0.46015625 0.4791666666666667 0.0484375 0.13333333333333333
0 0.44609375 0.48125 0.0453125 0.12916666666666668
0 0.509375 0.4864583333333333 0.0375 0.11875
0 0.3609375 0.4739583333333333 0.034375 0.13125
0 0.33359375 0.4947916666666667 0.0640625 0.22291666666666668
0 0.07890625 0.4708333333333333 0.1578125 0.5125
0 0.640625 0.4864583333333333 0.05625 0.16458333333333333
0 0.001485595703125 0.001134982638888889 0.00021240234374999997 0.0011501736111111111
0 0.39140625 0.478125 0.0359375 0.13125
0 0.27734375 0.4625 0.0828125 0.3375
0 0.79296875 0.5614583333333333 0.2296875 0.8770833333333333
0 0.178125 0.5208333333333334 0.171875 0.7125
0 0.82734375 0.51875 0.1390625 0.5041666666666667