0 0.83828125 0.515625 0.1296875 0.49375
0 0.3296875 0.49270833333333336 0.0625 0.22291666666666668
0 0.4484375 0.4822916666666667 0.046875 0.13125
0 0.4609375 0.48020833333333335 0.05 0.13125
0 0.51171875 0.484375 0.0390625 0.12708333333333333
0 0.07109375 0.475 0.1421875 0.5333333333333333
0 0.00150146484375 0.0011414930555555558 0.0002197265625 0.001189236111111111
0 0.64453125 0.4875 0.0578125 0.16666666666666666
0 0.36015625 0.475 0.0359375 0.12916666666666668
0 0.79453125 0.5604166666666667 0.2265625 0.8791666666666667
0 0.3921875 0.478125 0.0375 0.13125
0 0.27265625 0.46458333333333335 0.0890625 0.35
0 0.1609375 0.51875 0.184375 0.7583333333333333
0 0.83828125 0.515625 0.1296875 0.49375
0 0.3296875 0.49270833333333336 0.0625 0.22291666666666668
0 0.4484375 0.4822916666666667 0.046875 0.13125
0 0.4609375 0.48020833333333335 0.05 0.13125
0 0.51171875 0.484375 0.0390625 0.12708333333333333
0 0.07109375 0.475 0.1421875 0.5333333333333333
0 0.00150146484375 0.0011414930555555558 0.0002197265625 0.001189236111111111
0 0.64453125 0.4875 0.0578125 0.16666666666666666
0 0.36015625 0.475 0.0359375 0.12916666666666668
0 0.79453125 0.5604166666666667 0.2265625 0.8791666666666667
0 0.3921875 0.478125 0.0375 0.13125
0 0.27265625 0.46458333333333335 0.0890625 0.35
0 0.1609375 0.51875 0.184375 0.7583333333333333