0 0.05234375 0.47291666666666665 0.1046875 0.5583333333333333
0 0.47265625 0.4791666666666667 0.0359375 0.13333333333333333
0 0.32109375 0.49270833333333336 0.0703125 0.22708333333333333
0 0.51640625 0.48541666666666666 0.0390625 0.125
0 0.45390625 0.48020833333333335 0.0421875 0.13125
0 0.853125 0.5145833333333333 0.134375 0.4791666666666667
0 0.65078125 0.4875 0.0578125 0.16666666666666666
0 0.36015625 0.47604166666666664 0.0359375 0.13125
0 0.0015307617187500001 0.0011436631944444443 0.00022460937499999998 0.0012109375
0 0.26875 0.465625 0.090625 0.36875
0 0.13046875 0.5135416666666667 0.2015625 0.83125
0 0.3921875 0.4739583333333333 0.040625 0.13541666666666666
0 0.7796875 0.5458333333333333 0.203125 0.8666666666666667
0 0.05234375 0.47291666666666665 0.1046875 0.5583333333333333
0 0.47265625 0.4791666666666667 0.0359375 0.13333333333333333
0 0.32109375 0.49270833333333336 0.0703125 0.22708333333333333
0 0.51640625 0.48541666666666666 0.0390625 0.125
0 0.45390625 0.48020833333333335 0.0421875 0.13125
0 0.853125 0.5145833333333333 0.134375 0.4791666666666667
0 0.65078125 0.4875 0.0578125 0.16666666666666666
0 0.36015625 0.47604166666666664 0.0359375 0.13125
0 0.0015307617187500001 0.0011436631944444443 0.00022460937499999998 0.0012109375
0 0.26875 0.465625 0.090625 0.36875
0 0.13046875 0.5135416666666667 0.2015625 0.83125
0 0.3921875 0.4739583333333333 0.040625 0.13541666666666666
0 0.7796875 0.5458333333333333 0.203125 0.8666666666666667