0 0.309375 0.4875 0.071875 0.22916666666666666
0 0.00155517578125 0.001117621527777778 0.00022460937499999998 0.0011762152777777778
0 0.4796875 0.4739583333333333 0.0375 0.13541666666666666
0 0.465625 0.4739583333333333 0.0375 0.13541666666666666
0 0.52265625 0.478125 0.0390625 0.13125
0 0.65703125 0.48333333333333334 0.0578125 0.17083333333333334
0 0.36015625 0.471875 0.0359375 0.13125
0 0.10546875 0.5 0.2109375 0.9
0 0.87265625 0.5229166666666667 0.1390625 0.5083333333333333
0 0.26484375 0.46145833333333336 0.0953125 0.3770833333333333
0 0.3953125 0.46979166666666666 0.040625 0.13958333333333334
0 0.78046875 0.5322916666666667 0.1984375 0.8604166666666667
0 0.309375 0.4875 0.071875 0.22916666666666666
0 0.00155517578125 0.001117621527777778 0.00022460937499999998 0.0011762152777777778
0 0.4796875 0.4739583333333333 0.0375 0.13541666666666666
0 0.465625 0.4739583333333333 0.0375 0.13541666666666666
0 0.52265625 0.478125 0.0390625 0.13125
0 0.65703125 0.48333333333333334 0.0578125 0.17083333333333334
0 0.36015625 0.471875 0.0359375 0.13125
0 0.10546875 0.5 0.2109375 0.9
0 0.87265625 0.5229166666666667 0.1390625 0.5083333333333333
0 0.26484375 0.46145833333333336 0.0953125 0.3770833333333333
0 0.3953125 0.46979166666666666 0.040625 0.13958333333333334
0 0.78046875 0.5322916666666667 0.1984375 0.8604166666666667