0 0.0015795898437500002 0.001117621527777778 0.0002197265625 0.0011501736111111111
0 0.47421875 0.475 0.0359375 0.13333333333333333
0 0.484375 0.475 0.0375 0.13333333333333333
0 0.66484375 0.4822916666666667 0.0546875 0.17291666666666666
0 0.0953125 0.49895833333333334 0.190625 0.96875
0 0.528125 0.47708333333333336 0.0375 0.13333333333333333
0 0.3625 0.471875 0.0375 0.13125
0 0.2625 0.46145833333333336 0.096875 0.38958333333333334
0 0.39765625 0.4708333333333333 0.0390625 0.1375
0 0.78046875 0.5375 0.1984375 0.8791666666666667
0 0.8921875 0.5229166666666667 0.14375 0.5208333333333334
0 0.0015795898437500002 0.001117621527777778 0.0002197265625 0.0011501736111111111
0 0.47421875 0.475 0.0359375 0.13333333333333333
0 0.484375 0.475 0.0375 0.13333333333333333
0 0.66484375 0.4822916666666667 0.0546875 0.17291666666666666
0 0.0953125 0.49895833333333334 0.190625 0.96875
0 0.528125 0.47708333333333336 0.0375 0.13333333333333333
0 0.3625 0.471875 0.0375 0.13125
0 0.2625 0.46145833333333336 0.096875 0.38958333333333334
0 0.39765625 0.4708333333333333 0.0390625 0.1375
0 0.78046875 0.5375 0.1984375 0.8791666666666667
0 0.8921875 0.5229166666666667 0.14375 0.5208333333333334