0 0 0.0010416666666666667 0 0.0020833333333333333
0 0.48046875 0.475 0.0390625 0.13333333333333333
0 0.4953125 0.4739583333333333 0.040625 0.13541666666666666
0 0.6765625 0.48020833333333335 0.05 0.17291666666666666
0 0.53515625 0.478125 0.0421875 0.13541666666666666
0 0.3984375 0.46979166666666666 0.040625 0.13958333333333334
0 0.3625 0.46875 0.0375 0.1375
0 0.2515625 0.459375 0.103125 0.40625
0 0.775 0.5458333333333333 0.19375 0.8875
0 0.92265625 0.5125 0.1453125 0.5208333333333334
0 0.15390625 0.46041666666666664 0.1015625 0.42916666666666664
0 0 0.0010416666666666667 0 0.0020833333333333333
0 0.48046875 0.475 0.0390625 0.13333333333333333
0 0.4953125 0.4739583333333333 0.040625 0.13541666666666666
0 0.6765625 0.48020833333333335 0.05 0.17291666666666666
0 0.53515625 0.478125 0.0421875 0.13541666666666666
0 0.3984375 0.46979166666666666 0.040625 0.13958333333333334
0 0.3625 0.46875 0.0375 0.1375
0 0.2515625 0.459375 0.103125 0.40625
0 0.775 0.5458333333333333 0.19375 0.8875
0 0.92265625 0.5125 0.1453125 0.5208333333333334
0 0.15390625 0.46041666666666664 0.1015625 0.42916666666666664