0 0.490625 0.478125 0.04375 0.13541666666666666
0 0.49609375 0.47708333333333336 0.0453125 0.1375
0 0.6828125 0.4822916666666667 0.046875 0.17291666666666666
0 0.53671875 0.4791666666666667 0.0421875 0.1375
0 0.3609375 0.46979166666666666 0.0375 0.13958333333333334
0 0.39765625 0.471875 0.0390625 0.13958333333333334
0 0.77265625 0.553125 0.1921875 0.88125
0 0.2453125 0.45729166666666665 0.10625 0.42291666666666666
0 0.928125 0.5145833333333333 0.14375 0.525
0 0.14453125 0.46041666666666664 0.1046875 0.4375
0 0.490625 0.478125 0.04375 0.13541666666666666
0 0.49609375 0.47708333333333336 0.0453125 0.1375
0 0.6828125 0.4822916666666667 0.046875 0.17291666666666666
0 0.53671875 0.4791666666666667 0.0421875 0.1375
0 0.3609375 0.46979166666666666 0.0375 0.13958333333333334
0 0.39765625 0.471875 0.0390625 0.13958333333333334
0 0.77265625 0.553125 0.1921875 0.88125
0 0.2453125 0.45729166666666665 0.10625 0.42291666666666666
0 0.928125 0.5145833333333333 0.14375 0.525
0 0.14453125 0.46041666666666664 0.1046875 0.4375