0 0.6859375 0.48541666666666666 0.046875 0.175
0 0.49375 0.48125 0.053125 0.1375
0 0.540625 0.4822916666666667 0.04375 0.13958333333333334
0 0.359375 0.4739583333333333 0.040625 0.13958333333333334
0 0.13125 0.46875 0.121875 0.4666666666666667
0 0.39609375 0.475 0.0421875 0.14166666666666666
0 0.771875 0.5552083333333333 0.2 0.86875
0 0.001474609375 0.001076388888888889 0.0002197265625 0.0011111111111111111
0 0.234375 0.46458333333333335 0.10625 0.44583333333333336
0 0.43671875 0.46979166666666666 0.0234375 0.08125
0 0.49375 0.48541666666666666 0.04375 0.1375
0 0.6859375 0.48541666666666666 0.046875 0.175
0 0.49375 0.48125 0.053125 0.1375
0 0.540625 0.4822916666666667 0.04375 0.13958333333333334
0 0.359375 0.4739583333333333 0.040625 0.13958333333333334
0 0.13125 0.46875 0.121875 0.4666666666666667
0 0.39609375 0.475 0.0421875 0.14166666666666666
0 0.771875 0.5552083333333333 0.2 0.86875
0 0.001474609375 0.001076388888888889 0.0002197265625 0.0011111111111111111
0 0.234375 0.46458333333333335 0.10625 0.44583333333333336
0 0.43671875 0.46979166666666666 0.0234375 0.08125
0 0.49375 0.48541666666666666 0.04375 0.1375