0 0.6921875 0.4864583333333333 0.046875 0.17291666666666666
0 0.43671875 0.46979166666666666 0.0234375 0.08125
0 0.5 0.48125 0.05 0.1375
0 0.54375 0.48125 0.04375 0.14166666666666666
0 0.00150390625 0.0010850694444444445 0.00022460937499999998 0.0011371527777777777
0 0.225 0.46979166666666666 0.1125 0.47291666666666665
0 0.396875 0.475 0.04375 0.14583333333333334
0 0.3578125 0.475 0.040625 0.14166666666666666
0 0.11171875 0.47291666666666665 0.1453125 0.4875
0 0.76953125 0.5583333333333333 0.1984375 0.8833333333333333
0 0.49609375 0.4822916666666667 0.0453125 0.13541666666666666
0 0.6921875 0.4864583333333333 0.046875 0.17291666666666666
0 0.43671875 0.46979166666666666 0.0234375 0.08125
0 0.5 0.48125 0.05 0.1375
0 0.54375 0.48125 0.04375 0.14166666666666666
0 0.00150390625 0.0010850694444444445 0.00022460937499999998 0.0011371527777777777
0 0.225 0.46979166666666666 0.1125 0.47291666666666665
0 0.396875 0.475 0.04375 0.14583333333333334
0 0.3578125 0.475 0.040625 0.14166666666666666
0 0.11171875 0.47291666666666665 0.1453125 0.4875
0 0.76953125 0.5583333333333333 0.1984375 0.8833333333333333
0 0.49609375 0.4822916666666667 0.0453125 0.13541666666666666