0 0.1609375 0.5072916666666667 0.040625 0.13958333333333334
0 0.046875 0.5072916666666667 0.05 0.17708333333333334
0 0.26484375 0.4895833333333333 0.0421875 0.15416666666666667
0 0.9421875 0.49583333333333335 0.040625 0.14166666666666666
0 0.91484375 0.490625 0.0453125 0.15208333333333332
0 0.7890625 0.490625 0.046875 0.15208333333333332
0 0.84921875 0.484375 0.0578125 0.18541666666666667
0 0.2921875 0.5020833333333333 0.05625 0.20416666666666666
0 0.41328125 0.5 0.0453125 0.1375
0 0.2359375 0.5083333333333333 0.059375 0.19583333333333333
0 0.3578125 0.496875 0.053125 0.18541666666666667
0 0.52890625 0.49375 0.0640625 0.2
0 0.72265625 0.5177083333333333 0.0640625 0.20208333333333334
0 0.665625 0.5010416666666667 0.075 0.29375
0 0.11484375 0.5052083333333334 0.0734375 0.26458333333333334
0 0.1609375 0.5072916666666667 0.040625 0.13958333333333334
0 0.046875 0.5072916666666667 0.05 0.17708333333333334
0 0.26484375 0.4895833333333333 0.0421875 0.15416666666666667
0 0.9421875 0.49583333333333335 0.040625 0.14166666666666666
0 0.91484375 0.490625 0.0453125 0.15208333333333332
0 0.7890625 0.490625 0.046875 0.15208333333333332
0 0.84921875 0.484375 0.0578125 0.18541666666666667
0 0.2921875 0.5020833333333333 0.05625 0.20416666666666666
0 0.41328125 0.5 0.0453125 0.1375
0 0.2359375 0.5083333333333333 0.059375 0.19583333333333333
0 0.3578125 0.496875 0.053125 0.18541666666666667
0 0.52890625 0.49375 0.0640625 0.2
0 0.72265625 0.5177083333333333 0.0640625 0.20208333333333334
0 0.665625 0.5010416666666667 0.075 0.29375
0 0.11484375 0.5052083333333334 0.0734375 0.26458333333333334