0 0.43125 0.4708333333333333 0.021875 0.075
0 0.55234375 0.4791666666666667 0.0390625 0.14583333333333334
0 0.51953125 0.47708333333333336 0.0390625 0.14583333333333334
0 0.06640625 0.47291666666666665 0.1328125 0.5791666666666667
0 0.3453125 0.47291666666666665 0.04375 0.15
0 0.17890625 0.46770833333333334 0.1265625 0.5520833333333334
0 0.75703125 0.5427083333333333 0.2109375 0.89375
0 0.390625 0.4708333333333333 0.046875 0.15833333333333333
0 0.509375 0.48020833333333335 0.04375 0.13958333333333334
0 0.43125 0.4708333333333333 0.021875 0.075
0 0.55234375 0.4791666666666667 0.0390625 0.14583333333333334
0 0.51953125 0.47708333333333336 0.0390625 0.14583333333333334
0 0.06640625 0.47291666666666665 0.1328125 0.5791666666666667
0 0.3453125 0.47291666666666665 0.04375 0.15
0 0.17890625 0.46770833333333334 0.1265625 0.5520833333333334
0 0.75703125 0.5427083333333333 0.2109375 0.89375
0 0.390625 0.4708333333333333 0.046875 0.15833333333333333
0 0.509375 0.48020833333333335 0.04375 0.13958333333333334