0 0.43046875 0.4708333333333333 0.0203125 0.075
0 0.55390625 0.48020833333333335 0.0390625 0.14791666666666667
0 0.52421875 0.478125 0.0421875 0.14791666666666667
0 0.0609375 0.46979166666666666 0.121875 0.60625
0 0.1671875 0.465625 0.134375 0.5770833333333333
0 0.34375 0.4739583333333333 0.04375 0.14791666666666667
0 0.7515625 0.5489583333333333 0.2125 0.89375
0 0.390625 0.47291666666666665 0.046875 0.15833333333333333
0 0.5125 0.48020833333333335 0.04375 0.13958333333333334
0 0.43046875 0.4708333333333333 0.0203125 0.075
0 0.55390625 0.48020833333333335 0.0390625 0.14791666666666667
0 0.52421875 0.478125 0.0421875 0.14791666666666667
0 0.0609375 0.46979166666666666 0.121875 0.60625
0 0.1671875 0.465625 0.134375 0.5770833333333333
0 0.34375 0.4739583333333333 0.04375 0.14791666666666667
0 0.7515625 0.5489583333333333 0.2125 0.89375
0 0.390625 0.47291666666666665 0.046875 0.15833333333333333
0 0.5125 0.48020833333333335 0.04375 0.13958333333333334