0 0.42890625 0.4708333333333333 0.0203125 0.075
0 0.5578125 0.4791666666666667 0.040625 0.15
0 0.5296875 0.478125 0.05 0.14791666666666667
0 0.04765625 0.465625 0.0953125 0.6395833333333333
0 0.340625 0.471875 0.04375 0.15208333333333332
0 0.1453125 0.459375 0.14375 0.6104166666666667
0 0.3890625 0.471875 0.046875 0.16041666666666668
0 0.74765625 0.55625 0.2109375 0.8875
0 0.51875 0.48020833333333335 0.04375 0.13958333333333334
0 0.42890625 0.4708333333333333 0.0203125 0.075
0 0.5578125 0.4791666666666667 0.040625 0.15
0 0.5296875 0.478125 0.05 0.14791666666666667
0 0.04765625 0.465625 0.0953125 0.6395833333333333
0 0.340625 0.471875 0.04375 0.15208333333333332
0 0.1453125 0.459375 0.14375 0.6104166666666667
0 0.3890625 0.471875 0.046875 0.16041666666666668
0 0.74765625 0.55625 0.2109375 0.8875
0 0.51875 0.48020833333333335 0.04375 0.13958333333333334