0 0.4265625 0.47708333333333336 0.021875 0.075
0 0.5625 0.48541666666666666 0.040625 0.15416666666666667
0 0.5359375 0.4864583333333333 0.053125 0.14791666666666667
0 0.0890625 0.4822916666666667 0.178125 0.7145833333333333
0 0.33515625 0.478125 0.0421875 0.15625
0 0.38671875 0.47708333333333336 0.0484375 0.16666666666666666
0 0.7375 0.5458333333333333 0.2 0.8666666666666667
0 0.53125 0.48333333333333334 0.04375 0.14166666666666666
0 0.4265625 0.47708333333333336 0.021875 0.075
0 0.5625 0.48541666666666666 0.040625 0.15416666666666667
0 0.5359375 0.4864583333333333 0.053125 0.14791666666666667
0 0.0890625 0.4822916666666667 0.178125 0.7145833333333333
0 0.33515625 0.478125 0.0421875 0.15625
0 0.38671875 0.47708333333333336 0.0484375 0.16666666666666666
0 0.7375 0.5458333333333333 0.2 0.8666666666666667
0 0.53125 0.48333333333333334 0.04375 0.14166666666666666