0 0.0734375 0.4875 0.146875 0.7958333333333333
0 0.5390625 0.48020833333333335 0.046875 0.15208333333333332
0 0.56484375 0.48125 0.0390625 0.15833333333333333
0 0.32734375 0.475 0.0421875 0.15833333333333333
0 0.38125 0.471875 0.05 0.16875
0 0.7265625 0.53125 0.19375 0.8625
0 0.29375 0.46875 0.025 0.0875
0 0.42265625 0.47604166666666664 0.0203125 0.07708333333333334
0 0.5375 0.48333333333333334 0.04375 0.14166666666666666
0 0.0734375 0.4875 0.146875 0.7958333333333333
0 0.5390625 0.48020833333333335 0.046875 0.15208333333333332
0 0.56484375 0.48125 0.0390625 0.15833333333333333
0 0.32734375 0.475 0.0421875 0.15833333333333333
0 0.38125 0.471875 0.05 0.16875
0 0.7265625 0.53125 0.19375 0.8625
0 0.29375 0.46875 0.025 0.0875
0 0.42265625 0.47604166666666664 0.0203125 0.07708333333333334
0 0.5375 0.48333333333333334 0.04375 0.14166666666666666