0 0.29140625 0.47291666666666665 0.0234375 0.08333333333333333
0 0.41796875 0.475 0.0203125 0.075
0 0.54140625 0.484375 0.0453125 0.14791666666666667
0 0.06171875 0.48541666666666666 0.1234375 0.8333333333333334
0 0.56484375 0.48333333333333334 0.0390625 0.15833333333333333
0 0.32265625 0.47604166666666664 0.0453125 0.16041666666666668
0 0.378125 0.47291666666666665 0.05 0.175
0 0.72265625 0.5354166666666667 0.1953125 0.8666666666666667
0 0.13125 0.496875 0.090625 0.29375
0 0.5375 0.484375 0.046875 0.15208333333333332
0 0.29140625 0.47291666666666665 0.0234375 0.08333333333333333
0 0.41796875 0.475 0.0203125 0.075
0 0.54140625 0.484375 0.0453125 0.14791666666666667
0 0.06171875 0.48541666666666666 0.1234375 0.8333333333333334
0 0.56484375 0.48333333333333334 0.0390625 0.15833333333333333
0 0.32265625 0.47604166666666664 0.0453125 0.16041666666666668
0 0.378125 0.47291666666666665 0.05 0.175
0 0.72265625 0.5354166666666667 0.1953125 0.8666666666666667
0 0.13125 0.496875 0.090625 0.29375
0 0.5375 0.484375 0.046875 0.15208333333333332