0 0.4140625 0.4708333333333333 0.021875 0.075
0 0.2875 0.46875 0.025 0.08333333333333333
0 0.55078125 0.4791666666666667 0.0390625 0.15416666666666667
0 0.10859375 0.49583333333333335 0.0984375 0.30416666666666664
0 0.56875 0.48020833333333335 0.046875 0.16041666666666668
0 0.31796875 0.471875 0.0453125 0.16041666666666668
0 0.3734375 0.46770833333333334 0.05 0.17708333333333334
0 0.71875 0.546875 0.19375 0.88125
0 0.540625 0.4791666666666667 0.046875 0.15
0 0.4140625 0.4708333333333333 0.021875 0.075
0 0.2875 0.46875 0.025 0.08333333333333333
0 0.55078125 0.4791666666666667 0.0390625 0.15416666666666667
0 0.10859375 0.49583333333333335 0.0984375 0.30416666666666664
0 0.56875 0.48020833333333335 0.046875 0.16041666666666668
0 0.31796875 0.471875 0.0453125 0.16041666666666668
0 0.3734375 0.46770833333333334 0.05 0.17708333333333334
0 0.71875 0.546875 0.19375 0.88125
0 0.540625 0.4791666666666667 0.046875 0.15