0 0.26875 0.4947916666666667 0.040625 0.16458333333333333
0 0.95234375 0.48541666666666666 0.0390625 0.1375
0 0.24140625 0.5125 0.0546875 0.20416666666666666
0 0.92421875 0.48125 0.0453125 0.15416666666666667
0 0.79375 0.48333333333333334 0.046875 0.15
0 0.29375 0.5020833333333333 0.059375 0.20833333333333334
0 0.85546875 0.475 0.0578125 0.1875
0 0.72265625 0.5135416666666667 0.0640625 0.20625
0 0.41796875 0.4979166666666667 0.0453125 0.14166666666666666
0 0.11328125 0.490625 0.0703125 0.2520833333333333
0 0.36484375 0.4947916666666667 0.0578125 0.18958333333333333
0 0.665625 0.49270833333333336 0.08125 0.30625
0 0.53671875 0.48854166666666665 0.0609375 0.20625
0 0.159375 0.5083333333333333 0.040625 0.1375
0 0 0.0010416666666666667 0 0.0020833333333333333
0 0.26875 0.4947916666666667 0.040625 0.16458333333333333
0 0.95234375 0.48541666666666666 0.0390625 0.1375
0 0.24140625 0.5125 0.0546875 0.20416666666666666
0 0.92421875 0.48125 0.0453125 0.15416666666666667
0 0.79375 0.48333333333333334 0.046875 0.15
0 0.29375 0.5020833333333333 0.059375 0.20833333333333334
0 0.85546875 0.475 0.0578125 0.1875
0 0.72265625 0.5135416666666667 0.0640625 0.20625
0 0.41796875 0.4979166666666667 0.0453125 0.14166666666666666
0 0.11328125 0.490625 0.0703125 0.2520833333333333
0 0.36484375 0.4947916666666667 0.0578125 0.18958333333333333
0 0.665625 0.49270833333333336 0.08125 0.30625
0 0.53671875 0.48854166666666665 0.0609375 0.20625
0 0.159375 0.5083333333333333 0.040625 0.1375
0 0 0.0010416666666666667 0 0.0020833333333333333