0 0.4078125 0.46979166666666666 0.021875 0.07708333333333334
0 0.2796875 0.46979166666666666 0.025 0.08541666666666667
0 0.553125 0.4822916666666667 0.040625 0.15625
0 0.57109375 0.4822916666666667 0.0515625 0.16458333333333333
0 0.08671875 0.49583333333333335 0.0921875 0.3125
0 0.3671875 0.4708333333333333 0.05 0.17916666666666667
0 0.31015625 0.47291666666666665 0.0453125 0.16666666666666666
0 0.7109375 0.5572916666666666 0.19375 0.8854166666666666
0 0.54140625 0.478125 0.0484375 0.15208333333333332
0 0.4078125 0.46979166666666666 0.021875 0.07708333333333334
0 0.2796875 0.46979166666666666 0.025 0.08541666666666667
0 0.553125 0.4822916666666667 0.040625 0.15625
0 0.57109375 0.4822916666666667 0.0515625 0.16458333333333333
0 0.08671875 0.49583333333333335 0.0921875 0.3125
0 0.3671875 0.4708333333333333 0.05 0.17916666666666667
0 0.31015625 0.47291666666666665 0.0453125 0.16666666666666666
0 0.7109375 0.5572916666666666 0.19375 0.8854166666666666
0 0.54140625 0.478125 0.0484375 0.15208333333333332