0 0.4046875 0.4708333333333333 0.021875 0.07916666666666666
0 0.55234375 0.48333333333333334 0.0421875 0.15833333333333333
0 0.27578125 0.46979166666666666 0.0265625 0.08541666666666667
0 0.06796875 0.49583333333333335 0.0796875 0.31666666666666665
0 0.5703125 0.484375 0.053125 0.16458333333333333
0 0.7046875 0.5614583333333333 0.190625 0.8770833333333333
0 0.30546875 0.4708333333333333 0.0484375 0.17083333333333334
0 0.36328125 0.471875 0.0515625 0.18125
0 0.54609375 0.478125 0.0484375 0.15208333333333332
0 0.4046875 0.4708333333333333 0.021875 0.07916666666666666
0 0.55234375 0.48333333333333334 0.0421875 0.15833333333333333
0 0.27578125 0.46979166666666666 0.0265625 0.08541666666666667
0 0.06796875 0.49583333333333335 0.0796875 0.31666666666666665
0 0.5703125 0.484375 0.053125 0.16458333333333333
0 0.7046875 0.5614583333333333 0.190625 0.8770833333333333
0 0.30546875 0.4708333333333333 0.0484375 0.17083333333333334
0 0.36328125 0.471875 0.0515625 0.18125
0 0.54609375 0.478125 0.0484375 0.15208333333333332