0 0.26640625 0.46875 0.0265625 0.09166666666666666
0 0.04609375 0.49270833333333336 0.0703125 0.3104166666666667
0 0.396875 0.46979166666666666 0.025 0.08125
0 0.553125 0.4822916666666667 0.05 0.15625
0 0.56875 0.4864583333333333 0.05 0.16458333333333333
0 0.29609375 0.471875 0.0484375 0.17708333333333334
0 0.3546875 0.47291666666666665 0.053125 0.18333333333333332
0 0.69921875 0.5604166666666667 0.1890625 0.8708333333333333
0 0.26640625 0.46875 0.0265625 0.09166666666666666
0 0.04609375 0.49270833333333336 0.0703125 0.3104166666666667
0 0.396875 0.46979166666666666 0.025 0.08125
0 0.553125 0.4822916666666667 0.05 0.15625
0 0.56875 0.4864583333333333 0.05 0.16458333333333333
0 0.29609375 0.471875 0.0484375 0.17708333333333334
0 0.3546875 0.47291666666666665 0.053125 0.18333333333333332
0 0.69921875 0.5604166666666667 0.1890625 0.8708333333333333