0 0.028125 0.4875 0.05625 0.37916666666666665
0 0.26484375 0.471875 0.0265625 0.08958333333333333
0 0.39609375 0.47604166666666664 0.0234375 0.08125
0 0.571875 0.4875 0.046875 0.16666666666666666
0 0.353125 0.475 0.053125 0.1875
0 0.29375 0.47291666666666665 0.05 0.17916666666666667
0 0.7 0.55 0.190625 0.8541666666666666
0 0.06953125 0.47291666666666665 0.0390625 0.1375
0 0.028125 0.4875 0.05625 0.37916666666666665
0 0.26484375 0.471875 0.0265625 0.08958333333333333
0 0.39609375 0.47604166666666664 0.0234375 0.08125
0 0.571875 0.4875 0.046875 0.16666666666666666
0 0.353125 0.475 0.053125 0.1875
0 0.29375 0.47291666666666665 0.05 0.17916666666666667
0 0.7 0.55 0.190625 0.8541666666666666
0 0.06953125 0.47291666666666665 0.0390625 0.1375