0 0.3953125 0.4822916666666667 0.025 0.07708333333333334
0 0.2640625 0.48020833333333335 0.025 0.08541666666666667
0 0.02890625 0.4947916666666667 0.0578125 0.39791666666666664
0 0.578125 0.49270833333333336 0.046875 0.17291666666666666
0 0.0703125 0.484375 0.04375 0.13958333333333334
0 0.70390625 0.55 0.2015625 0.8625
0 0.35078125 0.4791666666666667 0.0546875 0.19166666666666668
0 0.290625 0.48125 0.05 0.17916666666666667
0 0.3953125 0.4822916666666667 0.025 0.07708333333333334
0 0.2640625 0.48020833333333335 0.025 0.08541666666666667
0 0.02890625 0.4947916666666667 0.0578125 0.39791666666666664
0 0.578125 0.49270833333333336 0.046875 0.17291666666666666
0 0.0703125 0.484375 0.04375 0.13958333333333334
0 0.70390625 0.55 0.2015625 0.8625
0 0.35078125 0.4791666666666667 0.0546875 0.19166666666666668
0 0.290625 0.48125 0.05 0.17916666666666667