0 0.39296875 0.47291666666666665 0.0234375 0.07916666666666666
0 0.02890625 0.4822916666666667 0.0578125 0.41041666666666665
0 0.06953125 0.4739583333333333 0.0453125 0.13958333333333334
0 0.58125 0.48541666666666666 0.046875 0.175
0 0.2875 0.47291666666666665 0.05 0.18333333333333332
0 0.34765625 0.46875 0.0578125 0.2
0 0.70234375 0.540625 0.1953125 0.8645833333333334
0 0.26328125 0.475 0.0265625 0.0875
0 0.39296875 0.47291666666666665 0.0234375 0.07916666666666666
0 0.02890625 0.4822916666666667 0.0578125 0.41041666666666665
0 0.06953125 0.4739583333333333 0.0453125 0.13958333333333334
0 0.58125 0.48541666666666666 0.046875 0.175
0 0.2875 0.47291666666666665 0.05 0.18333333333333332
0 0.34765625 0.46875 0.0578125 0.2
0 0.70234375 0.540625 0.1953125 0.8645833333333334
0 0.26328125 0.475 0.0265625 0.0875