0 0.25546875 0.471875 0.0265625 0.08958333333333333
0 0.390625 0.475 0.021875 0.075
0 0.03125 0.4822916666666667 0.0625 0.42291666666666666
0 0.57890625 0.4864583333333333 0.0484375 0.17708333333333334
0 0.06640625 0.47291666666666665 0.0453125 0.1375
0 0.6953125 0.5479166666666667 0.196875 0.8666666666666667
0 0.28046875 0.471875 0.0515625 0.18958333333333333
0 0.34140625 0.46875 0.0578125 0.20416666666666666
0 0.25546875 0.471875 0.0265625 0.08958333333333333
0 0.390625 0.475 0.021875 0.075
0 0.03125 0.4822916666666667 0.0625 0.42291666666666666
0 0.57890625 0.4864583333333333 0.0484375 0.17708333333333334
0 0.06640625 0.47291666666666665 0.0453125 0.1375
0 0.6953125 0.5479166666666667 0.196875 0.8666666666666667
0 0.28046875 0.471875 0.0515625 0.18958333333333333
0 0.34140625 0.46875 0.0578125 0.20416666666666666