0 0.38671875 0.48020833333333335 0.0234375 0.07708333333333334
0 0.06640625 0.47604166666666664 0.0421875 0.13541666666666666
0 0.03359375 0.49583333333333335 0.0671875 0.43333333333333335
0 0.5796875 0.4947916666666667 0.046875 0.17708333333333334
0 0.69375 0.565625 0.2 0.86875
0 0.27578125 0.47604166666666664 0.0546875 0.19375
0 0.33828125 0.4739583333333333 0.0609375 0.20625
0 0.38671875 0.48020833333333335 0.0234375 0.07708333333333334
0 0.06640625 0.47604166666666664 0.0421875 0.13541666666666666
0 0.03359375 0.49583333333333335 0.0671875 0.43333333333333335
0 0.5796875 0.4947916666666667 0.046875 0.17708333333333334
0 0.69375 0.565625 0.2 0.86875
0 0.27578125 0.47604166666666664 0.0546875 0.19375
0 0.33828125 0.4739583333333333 0.0609375 0.20625