0 0.0671875 0.46770833333333334 0.040625 0.13958333333333334
0 0.0453125 0.496875 0.090625 0.45208333333333334
0 0.58359375 0.4895833333333333 0.0484375 0.18333333333333332
0 0.33359375 0.46979166666666666 0.0609375 0.21041666666666667
0 0.26953125 0.46875 0.0546875 0.2
0 0.69453125 0.5604166666666667 0.2046875 0.8541666666666666
0 0.80390625 0.503125 0.0578125 0.19791666666666666
0 0.38671875 0.475 0.0234375 0.075
0 0.0671875 0.46770833333333334 0.040625 0.13958333333333334
0 0.0453125 0.496875 0.090625 0.45208333333333334
0 0.58359375 0.4895833333333333 0.0484375 0.18333333333333332
0 0.33359375 0.46979166666666666 0.0609375 0.21041666666666667
0 0.26953125 0.46875 0.0546875 0.2
0 0.69453125 0.5604166666666667 0.2046875 0.8541666666666666
0 0.80390625 0.503125 0.0578125 0.19791666666666666
0 0.38671875 0.475 0.0234375 0.075