0 0.06796875 0.46875 0.0390625 0.1375
0 0.04921875 0.4979166666666667 0.0984375 0.4583333333333333
0 0.80625 0.503125 0.05625 0.20208333333333334
0 0.5828125 0.4895833333333333 0.046875 0.18333333333333332
0 0.690625 0.5541666666666667 0.2 0.85
0 0.33203125 0.46979166666666666 0.0609375 0.21041666666666667
0 0.2671875 0.46875 0.05625 0.20416666666666666
0 0.3859375 0.471875 0.021875 0.07708333333333334
0 0.06796875 0.46875 0.0390625 0.1375
0 0.04921875 0.4979166666666667 0.0984375 0.4583333333333333
0 0.80625 0.503125 0.05625 0.20208333333333334
0 0.5828125 0.4895833333333333 0.046875 0.18333333333333332
0 0.690625 0.5541666666666667 0.2 0.85
0 0.33203125 0.46979166666666666 0.0609375 0.21041666666666667
0 0.2671875 0.46875 0.05625 0.20416666666666666
0 0.3859375 0.471875 0.021875 0.07708333333333334