0 0.94765625 0.484375 0.0390625 0.13958333333333334
0 0.1609375 0.509375 0.04375 0.13958333333333334
0 0 0.0010416666666666667 0 0.0020833333333333333
0 0.284375 0.503125 0.059375 0.21458333333333332
0 0.78828125 0.484375 0.0453125 0.14791666666666667
0 0.91875 0.48125 0.046875 0.15833333333333333
0 0.10703125 0.5 0.0765625 0.275
0 0.71484375 0.515625 0.0671875 0.21041666666666667
0 0.4140625 0.4979166666666667 0.046875 0.14583333333333334
0 0.8515625 0.47604166666666664 0.059375 0.18958333333333333
0 0.5328125 0.4895833333333333 0.0625 0.20833333333333334
0 0.36171875 0.4947916666666667 0.0578125 0.19375
0 0.6609375 0.49270833333333336 0.084375 0.3104166666666667
0 0.24140625 0.5125 0.0546875 0.20416666666666666
0 0.94765625 0.484375 0.0390625 0.13958333333333334
0 0.1609375 0.509375 0.04375 0.13958333333333334
0 0 0.0010416666666666667 0 0.0020833333333333333
0 0.284375 0.503125 0.059375 0.21458333333333332
0 0.78828125 0.484375 0.0453125 0.14791666666666667
0 0.91875 0.48125 0.046875 0.15833333333333333
0 0.10703125 0.5 0.0765625 0.275
0 0.71484375 0.515625 0.0671875 0.21041666666666667
0 0.4140625 0.4979166666666667 0.046875 0.14583333333333334
0 0.8515625 0.47604166666666664 0.059375 0.18958333333333333
0 0.5328125 0.4895833333333333 0.0625 0.20833333333333334
0 0.36171875 0.4947916666666667 0.0578125 0.19375
0 0.6609375 0.49270833333333336 0.084375 0.3104166666666667
0 0.24140625 0.5125 0.0546875 0.20416666666666666