0 0.06796875 0.46979166666666666 0.0390625 0.13125
0 0.0484375 0.4979166666666667 0.096875 0.4625
0 0.58203125 0.49375 0.0484375 0.1875
0 0.81015625 0.5072916666666667 0.0578125 0.20208333333333334
0 0.2625 0.46875 0.05625 0.20833333333333334
0 0.3265625 0.471875 0.0625 0.21458333333333332
0 0.684375 0.5458333333333333 0.196875 0.8416666666666667
0 0.38359375 0.478125 0.0234375 0.07708333333333334
0 0.06796875 0.46979166666666666 0.0390625 0.13125
0 0.0484375 0.4979166666666667 0.096875 0.4625
0 0.58203125 0.49375 0.0484375 0.1875
0 0.81015625 0.5072916666666667 0.0578125 0.20208333333333334
0 0.2625 0.46875 0.05625 0.20833333333333334
0 0.3265625 0.471875 0.0625 0.21458333333333332
0 0.684375 0.5458333333333333 0.196875 0.8416666666666667
0 0.38359375 0.478125 0.0234375 0.07708333333333334