0 0.83828125 0.503125 0.0609375 0.21041666666666667
0 0.05234375 0.4979166666666667 0.1046875 0.49583333333333335
0 0.5875 0.4895833333333333 0.05 0.19583333333333333
0 0.25859375 0.471875 0.0609375 0.21458333333333332
0 0.6859375 0.5354166666666667 0.196875 0.85
0 0.325 0.46875 0.0625 0.22916666666666666
0 0.81953125 0.503125 0.0515625 0.19791666666666666
0 0.83828125 0.503125 0.0609375 0.21041666666666667
0 0.05234375 0.4979166666666667 0.1046875 0.49583333333333335
0 0.5875 0.4895833333333333 0.05 0.19583333333333333
0 0.25859375 0.471875 0.0609375 0.21458333333333332
0 0.6859375 0.5354166666666667 0.196875 0.85
0 0.325 0.46875 0.0625 0.22916666666666666
0 0.81953125 0.503125 0.0515625 0.19791666666666666