0 0.828125 0.503125 0.053125 0.18958333333333333
0 0.59296875 0.49166666666666664 0.0515625 0.2
0 0.05859375 0.5020833333333333 0.1171875 0.5083333333333333
0 0.85546875 0.50625 0.0734375 0.2125
0 0.6875 0.5572916666666666 0.190625 0.8729166666666667
0 0.325 0.46979166666666666 0.065625 0.23541666666666666
0 0.259375 0.4739583333333333 0.0625 0.22291666666666668
0 0.828125 0.503125 0.053125 0.18958333333333333
0 0.59296875 0.49166666666666664 0.0515625 0.2
0 0.05859375 0.5020833333333333 0.1171875 0.5083333333333333
0 0.85546875 0.50625 0.0734375 0.2125
0 0.6875 0.5572916666666666 0.190625 0.8729166666666667
0 0.325 0.46979166666666666 0.065625 0.23541666666666666
0 0.259375 0.4739583333333333 0.0625 0.22291666666666668