0 0.59453125 0.49583333333333335 0.0515625 0.2
0 0.86640625 0.5114583333333333 0.0796875 0.21041666666666667
0 0.07109375 0.50625 0.1421875 0.5166666666666667
0 0.32421875 0.471875 0.0671875 0.23541666666666666
0 0.00108154296875 0.001189236111111111 0.0002978515625 0.0018402777777777777
0 0.259375 0.47604166666666664 0.0625 0.22708333333333333
0 0.83515625 0.5083333333333333 0.0515625 0.19166666666666668
0 0.59453125 0.49583333333333335 0.0515625 0.2
0 0.86640625 0.5114583333333333 0.0796875 0.21041666666666667
0 0.07109375 0.50625 0.1421875 0.5166666666666667
0 0.32421875 0.471875 0.0671875 0.23541666666666666
0 0.00108154296875 0.001189236111111111 0.0002978515625 0.0018402777777777777
0 0.259375 0.47604166666666664 0.0625 0.22708333333333333
0 0.83515625 0.5083333333333333 0.0515625 0.19166666666666668