0 0.60625 0.49583333333333335 0.053125 0.20416666666666666
0 0.8875 0.5125 0.08125 0.2125
0 0.0984375 0.509375 0.196875 0.5229166666666667
0 0.26484375 0.47291666666666665 0.0671875 0.2375
0 0.0010986328125 0.001189236111111111 0.0002978515625 0.0018402777777777777
0 0.328125 0.471875 0.06875 0.24375
0 0.85703125 0.5083333333333333 0.0515625 0.19166666666666668
0 0.60625 0.49583333333333335 0.053125 0.20416666666666666
0 0.8875 0.5125 0.08125 0.2125
0 0.0984375 0.509375 0.196875 0.5229166666666667
0 0.26484375 0.47291666666666665 0.0671875 0.2375
0 0.0010986328125 0.001189236111111111 0.0002978515625 0.0018402777777777777
0 0.328125 0.471875 0.06875 0.24375
0 0.85703125 0.5083333333333333 0.0515625 0.19166666666666668