0 0.88046875 0.5145833333333333 0.0546875 0.19583333333333333
0 0.6140625 0.49583333333333335 0.05625 0.20833333333333334
0 0.903125 0.5135416666666667 0.08125 0.21458333333333332
0 0.10703125 0.509375 0.2140625 0.5229166666666667
0 0.71484375 0.5583333333333333 0.1890625 0.8583333333333333
0 0.2703125 0.4708333333333333 0.065625 0.24166666666666667
0 0.3328125 0.4708333333333333 0.071875 0.24583333333333332
0 0.88046875 0.5145833333333333 0.0546875 0.19583333333333333
0 0.6140625 0.49583333333333335 0.05625 0.20833333333333334
0 0.903125 0.5135416666666667 0.08125 0.21458333333333332
0 0.10703125 0.509375 0.2140625 0.5229166666666667
0 0.71484375 0.5583333333333333 0.1890625 0.8583333333333333
0 0.2703125 0.4708333333333333 0.065625 0.24166666666666667
0 0.3328125 0.4708333333333333 0.071875 0.24583333333333332