0 0.909375 0.5135416666666667 0.053125 0.20208333333333334
0 0.63046875 0.49375 0.0546875 0.2125
0 0.9375 0.5125 0.071875 0.22083333333333333
0 0.11953125 0.5114583333333333 0.2234375 0.5354166666666667
0 0.7375 0.5447916666666667 0.19375 0.8479166666666667
0 0.3453125 0.47291666666666665 0.071875 0.25416666666666665
0 0.2828125 0.46979166666666666 0.06875 0.24791666666666667
0 0.8890625 0.5010416666666667 0.05 0.18125
0 0.909375 0.5135416666666667 0.053125 0.20208333333333334
0 0.63046875 0.49375 0.0546875 0.2125
0 0.9375 0.5125 0.071875 0.22083333333333333
0 0.11953125 0.5114583333333333 0.2234375 0.5354166666666667
0 0.7375 0.5447916666666667 0.19375 0.8479166666666667
0 0.3453125 0.47291666666666665 0.071875 0.25416666666666665
0 0.2828125 0.46979166666666666 0.06875 0.24791666666666667
0 0.8890625 0.5010416666666667 0.05 0.18125