0 0.91171875 0.5 0.0515625 0.18333333333333332
0 0.9390625 0.5104166666666666 0.053125 0.20416666666666666
0 0.64375 0.4947916666666667 0.059375 0.21875
0 0.96640625 0.5114583333333333 0.0671875 0.22708333333333333
0 0.759375 0.5364583333333334 0.2 0.8520833333333333
0 0.15 0.5104166666666666 0.2 0.55
0 0.29375 0.46979166666666666 0.071875 0.2520833333333333
0 0.3546875 0.471875 0.071875 0.2604166666666667
0 0.91171875 0.5 0.0515625 0.18333333333333332
0 0.9390625 0.5104166666666666 0.053125 0.20416666666666666
0 0.64375 0.4947916666666667 0.059375 0.21875
0 0.96640625 0.5114583333333333 0.0671875 0.22708333333333333
0 0.759375 0.5364583333333334 0.2 0.8520833333333333
0 0.15 0.5104166666666666 0.2 0.55
0 0.29375 0.46979166666666666 0.071875 0.2520833333333333
0 0.3546875 0.471875 0.071875 0.2604166666666667