0 0.97109375 0.50625 0.0546875 0.2125
0 0.9390625 0.4947916666666667 0.053125 0.18958333333333333
0 0.6578125 0.4895833333333333 0.0625 0.22083333333333333
0 0.7828125 0.534375 0.20625 0.8645833333333334
0 0.2 0.5083333333333333 0.1625 0.5708333333333333
0 0.3046875 0.4708333333333333 0.06875 0.25833333333333336
0 0.36640625 0.46875 0.0734375 0.26666666666666666
0 0.47734375 0.4822916666666667 0.0296875 0.08541666666666667
0 0.97109375 0.50625 0.0546875 0.2125
0 0.9390625 0.4947916666666667 0.053125 0.18958333333333333
0 0.6578125 0.4895833333333333 0.0625 0.22083333333333333
0 0.7828125 0.534375 0.20625 0.8645833333333334
0 0.2 0.5083333333333333 0.1625 0.5708333333333333
0 0.3046875 0.4708333333333333 0.06875 0.25833333333333336
0 0.36640625 0.46875 0.0734375 0.26666666666666666
0 0.47734375 0.4822916666666667 0.0296875 0.08541666666666667