0 0.15078125 0.5020833333333333 0.0453125 0.14166666666666666
0 0.91171875 0.4822916666666667 0.0453125 0.15625
0 0.27890625 0.5010416666666667 0.0578125 0.21041666666666667
0 0 0.0010416666666666667 0 0.0020833333333333333
0 0.7796875 0.48541666666666666 0.046875 0.15
0 0.35703125 0.49270833333333336 0.0546875 0.19791666666666666
0 0.2234375 0.5052083333333334 0.05625 0.20208333333333334
0 0.40625 0.49375 0.046875 0.15
0 0.84296875 0.47708333333333336 0.0609375 0.19166666666666668
0 0.70234375 0.5166666666666667 0.0640625 0.2125
0 0.52734375 0.4875 0.0640625 0.2125
0 0.653125 0.49166666666666664 0.084375 0.3125
0 0.94140625 0.4864583333333333 0.0390625 0.13958333333333334
0 0.15078125 0.5020833333333333 0.0453125 0.14166666666666666
0 0.91171875 0.4822916666666667 0.0453125 0.15625
0 0.27890625 0.5010416666666667 0.0578125 0.21041666666666667
0 0 0.0010416666666666667 0 0.0020833333333333333
0 0.7796875 0.48541666666666666 0.046875 0.15
0 0.35703125 0.49270833333333336 0.0546875 0.19791666666666666
0 0.2234375 0.5052083333333334 0.05625 0.20208333333333334
0 0.40625 0.49375 0.046875 0.15
0 0.84296875 0.47708333333333336 0.0609375 0.19166666666666668
0 0.70234375 0.5166666666666667 0.0640625 0.2125
0 0.52734375 0.4875 0.0640625 0.2125
0 0.653125 0.49166666666666664 0.084375 0.3125
0 0.94140625 0.4864583333333333 0.0390625 0.13958333333333334