0 0.4859375 0.484375 0.03125 0.08958333333333333
0 0.95859375 0.49375 0.0546875 0.19166666666666668
0 0.66796875 0.49166666666666664 0.0671875 0.225
0 0.31171875 0.47604166666666664 0.0671875 0.26458333333333334
0 0.23203125 0.5166666666666667 0.1421875 0.5875
0 0.7984375 0.5447916666666667 0.2125 0.88125
0 0.3734375 0.4708333333333333 0.075 0.275
0 0.4859375 0.484375 0.03125 0.08958333333333333
0 0.95859375 0.49375 0.0546875 0.19166666666666668
0 0.66796875 0.49166666666666664 0.0671875 0.225
0 0.31171875 0.47604166666666664 0.0671875 0.26458333333333334
0 0.23203125 0.5166666666666667 0.1421875 0.5875
0 0.7984375 0.5447916666666667 0.2125 0.88125
0 0.3734375 0.4708333333333333 0.075 0.275