0 0.49609375 0.4875 0.0296875 0.0875
0 0.31796875 0.47291666666666665 0.0703125 0.26666666666666666
0 0.67734375 0.49270833333333336 0.0796875 0.22708333333333333
0 0.81015625 0.5552083333333333 0.2140625 0.8854166666666666
0 0.284375 0.5208333333333334 0.196875 0.5958333333333333
0 0.3828125 0.46770833333333334 0.078125 0.28958333333333336
0 0.5359375 0.490625 0.028125 0.08541666666666667
0 0.02265625 0.46875 0.0453125 0.3
0 0.43203125 0.4875 0.0265625 0.0875
0 0.5671875 0.4875 0.028125 0.1
0 0.1890625 0.48333333333333334 0.040625 0.13333333333333333
0 0.49609375 0.4875 0.0296875 0.0875
0 0.31796875 0.47291666666666665 0.0703125 0.26666666666666666
0 0.67734375 0.49270833333333336 0.0796875 0.22708333333333333
0 0.81015625 0.5552083333333333 0.2140625 0.8854166666666666
0 0.284375 0.5208333333333334 0.196875 0.5958333333333333
0 0.3828125 0.46770833333333334 0.078125 0.28958333333333336
0 0.5359375 0.490625 0.028125 0.08541666666666667
0 0.02265625 0.46875 0.0453125 0.3
0 0.43203125 0.4875 0.0265625 0.0875
0 0.5671875 0.4875 0.028125 0.1
0 0.1890625 0.48333333333333334 0.040625 0.13333333333333333