0 0.5375 0.4875 0.025 0.08333333333333333
0 0.49765625 0.484375 0.0296875 0.08958333333333333
0 0.5703125 0.4864583333333333 0.028125 0.09791666666666667
0 0.43515625 0.48541666666666666 0.0265625 0.08333333333333333
0 0.02734375 0.465625 0.0546875 0.30625
0 0.31640625 0.471875 0.0765625 0.28125
0 0.19296875 0.48125 0.0390625 0.13333333333333333
0 0.6796875 0.49166666666666664 0.084375 0.22916666666666666
0 0.8140625 0.55625 0.209375 0.8875
0 0.30078125 0.521875 0.2296875 0.6020833333333333
0 0.3828125 0.4666666666666667 0.08125 0.29583333333333334
0 0.5375 0.4875 0.025 0.08333333333333333
0 0.49765625 0.484375 0.0296875 0.08958333333333333
0 0.5703125 0.4864583333333333 0.028125 0.09791666666666667
0 0.43515625 0.48541666666666666 0.0265625 0.08333333333333333
0 0.02734375 0.465625 0.0546875 0.30625
0 0.31640625 0.471875 0.0765625 0.28125
0 0.19296875 0.48125 0.0390625 0.13333333333333333
0 0.6796875 0.49166666666666664 0.084375 0.22916666666666666
0 0.8140625 0.55625 0.209375 0.8875
0 0.30078125 0.521875 0.2296875 0.6020833333333333
0 0.3828125 0.4666666666666667 0.08125 0.29583333333333334