0 0.540625 0.48854166666666665 0.028125 0.08958333333333333
0 0.4453125 0.48541666666666666 0.025 0.0875
0 0.31796875 0.4666666666666667 0.0796875 0.29583333333333334
0 0.5796875 0.48541666666666666 0.03125 0.10416666666666667
0 0.20625 0.48125 0.040625 0.12916666666666668
0 0.50234375 0.48541666666666666 0.0328125 0.09583333333333334
0 0.03203125 0.46458333333333335 0.0640625 0.31666666666666665
0 0.6875 0.49375 0.08125 0.24166666666666667
0 0.8203125 0.5364583333333334 0.203125 0.85625
0 0.3265625 0.5239583333333333 0.25 0.64375
0 0.38125 0.47291666666666665 0.0875 0.30833333333333335
0 0.540625 0.48854166666666665 0.028125 0.08958333333333333
0 0.4453125 0.48541666666666666 0.025 0.0875
0 0.31796875 0.4666666666666667 0.0796875 0.29583333333333334
0 0.5796875 0.48541666666666666 0.03125 0.10416666666666667
0 0.20625 0.48125 0.040625 0.12916666666666668
0 0.50234375 0.48541666666666666 0.0328125 0.09583333333333334
0 0.03203125 0.46458333333333335 0.0640625 0.31666666666666665
0 0.6875 0.49375 0.08125 0.24166666666666667
0 0.8203125 0.5364583333333334 0.203125 0.85625
0 0.3265625 0.5239583333333333 0.25 0.64375
0 0.38125 0.47291666666666665 0.0875 0.30833333333333335