0 0.50546875 0.4895833333333333 0.0328125 0.09583333333333334
0 0.584375 0.48854166666666665 0.03125 0.10625
0 0.2109375 0.4864583333333333 0.040625 0.12708333333333333
0 0.03515625 0.46875 0.0703125 0.31666666666666665
0 0.68828125 0.4947916666666667 0.0765625 0.24375
0 0.3171875 0.478125 0.084375 0.3145833333333333
0 0.34765625 0.5270833333333333 0.2203125 0.6666666666666666
0 0.8234375 0.53125 0.2 0.8541666666666666
0 0.38203125 0.47291666666666665 0.0859375 0.30833333333333335
0 0.446875 0.48854166666666665 0.025 0.08541666666666667
0 0.5421875 0.49270833333333336 0.028125 0.08958333333333333
0 0.50546875 0.4895833333333333 0.0328125 0.09583333333333334
0 0.584375 0.48854166666666665 0.03125 0.10625
0 0.2109375 0.4864583333333333 0.040625 0.12708333333333333
0 0.03515625 0.46875 0.0703125 0.31666666666666665
0 0.68828125 0.4947916666666667 0.0765625 0.24375
0 0.3171875 0.478125 0.084375 0.3145833333333333
0 0.34765625 0.5270833333333333 0.2203125 0.6666666666666666
0 0.8234375 0.53125 0.2 0.8541666666666666
0 0.38203125 0.47291666666666665 0.0859375 0.30833333333333335
0 0.446875 0.48854166666666665 0.025 0.08541666666666667
0 0.5421875 0.49270833333333336 0.028125 0.08958333333333333