0 0.50546875 0.503125 0.0296875 0.09375
0 0.58671875 0.503125 0.0296875 0.10625
0 0.2140625 0.49895833333333334 0.04375 0.13125
0 0.38828125 0.496875 0.0921875 0.32708333333333334
0 0.0375 0.48125 0.075 0.325
0 0.6796875 0.5114583333333333 0.06875 0.24791666666666667
0 0.309375 0.496875 0.084375 0.3229166666666667
0 0.403125 0.5479166666666667 0.1625 0.6958333333333333
0 0.8265625 0.55625 0.2 0.8666666666666667
0 0.89453125 0.49375 0.0703125 0.25416666666666665
0 0.45 0.48854166666666665 0.025 0.08541666666666667
0 0.53984375 0.5072916666666667 0.0296875 0.08958333333333333
0 0.50546875 0.503125 0.0296875 0.09375
0 0.58671875 0.503125 0.0296875 0.10625
0 0.2140625 0.49895833333333334 0.04375 0.13125
0 0.38828125 0.496875 0.0921875 0.32708333333333334
0 0.0375 0.48125 0.075 0.325
0 0.6796875 0.5114583333333333 0.06875 0.24791666666666667
0 0.309375 0.496875 0.084375 0.3229166666666667
0 0.403125 0.5479166666666667 0.1625 0.6958333333333333
0 0.8265625 0.55625 0.2 0.8666666666666667
0 0.89453125 0.49375 0.0703125 0.25416666666666665
0 0.45 0.48854166666666665 0.025 0.08541666666666667
0 0.53984375 0.5072916666666667 0.0296875 0.08958333333333333