0 0.50546875 0.5072916666666667 0.0296875 0.09375
0 0.5890625 0.50625 0.03125 0.10416666666666667
0 0.90546875 0.49895833333333334 0.0640625 0.24791666666666667
0 0.2171875 0.5 0.040625 0.12916666666666668
0 0.03984375 0.48125 0.0796875 0.325
0 0.678125 0.5125 0.06875 0.25
0 0.3890625 0.49270833333333336 0.09375 0.34375
0 0.30703125 0.4979166666666667 0.0859375 0.32916666666666666
0 0.42734375 0.5510416666666667 0.1515625 0.71875
0 0.82734375 0.5604166666666667 0.1953125 0.8625
0 0.453125 0.48854166666666665 0.025 0.08541666666666667
0 0.540625 0.50625 0.028125 0.0875
0 0.50546875 0.5072916666666667 0.0296875 0.09375
0 0.5890625 0.50625 0.03125 0.10416666666666667
0 0.90546875 0.49895833333333334 0.0640625 0.24791666666666667
0 0.2171875 0.5 0.040625 0.12916666666666668
0 0.03984375 0.48125 0.0796875 0.325
0 0.678125 0.5125 0.06875 0.25
0 0.3890625 0.49270833333333336 0.09375 0.34375
0 0.30703125 0.4979166666666667 0.0859375 0.32916666666666666
0 0.42734375 0.5510416666666667 0.1515625 0.71875
0 0.82734375 0.5604166666666667 0.1953125 0.8625
0 0.453125 0.48854166666666665 0.025 0.08541666666666667
0 0.540625 0.50625 0.028125 0.0875