0 0.2203125 0.50625 0.040625 0.12916666666666668
0 0.92734375 0.5239583333333333 0.0640625 0.21875
0 0.67265625 0.51875 0.0765625 0.25416666666666665
0 0.04296875 0.4875 0.0859375 0.3333333333333333
0 0.38359375 0.4947916666666667 0.0921875 0.35625
0 0.0012963867187500001 0.0012065972222222224 0.0003076171875 0.001796875
0 0.303125 0.503125 0.0875 0.34375
0 0.4703125 0.5614583333333333 0.20625 0.74375
0 0.45625 0.48854166666666665 0.025 0.08541666666666667
0 0.50859375 0.509375 0.0296875 0.09375
0 0.540625 0.509375 0.028125 0.08958333333333333
0 0.2203125 0.50625 0.040625 0.12916666666666668
0 0.92734375 0.5239583333333333 0.0640625 0.21875
0 0.67265625 0.51875 0.0765625 0.25416666666666665
0 0.04296875 0.4875 0.0859375 0.3333333333333333
0 0.38359375 0.4947916666666667 0.0921875 0.35625
0 0.0012963867187500001 0.0012065972222222224 0.0003076171875 0.001796875
0 0.303125 0.503125 0.0875 0.34375
0 0.4703125 0.5614583333333333 0.20625 0.74375
0 0.45625 0.48854166666666665 0.025 0.08541666666666667
0 0.50859375 0.509375 0.0296875 0.09375
0 0.540625 0.509375 0.028125 0.08958333333333333