0 0.94609375 0.5364583333333334 0.0796875 0.21875
0 0.221875 0.5177083333333333 0.040625 0.13125
0 0.67109375 0.53125 0.0859375 0.25833333333333336
0 0.053125 0.5 0.10625 0.3375
0 0.83359375 0.5833333333333334 0.2015625 0.8333333333333334
0 0.2953125 0.5114583333333333 0.09375 0.36041666666666666
0 0.3828125 0.5041666666666667 0.096875 0.36666666666666664
0 0.5 0.578125 0.2625 0.7770833333333333
0 0.459375 0.48854166666666665 0.025 0.08541666666666667
0 0.5109375 0.5125 0.03125 0.09583333333333334
0 0.54140625 0.5135416666666667 0.0296875 0.08958333333333333
0 0.94609375 0.5364583333333334 0.0796875 0.21875
0 0.221875 0.5177083333333333 0.040625 0.13125
0 0.67109375 0.53125 0.0859375 0.25833333333333336
0 0.053125 0.5 0.10625 0.3375
0 0.83359375 0.5833333333333334 0.2015625 0.8333333333333334
0 0.2953125 0.5114583333333333 0.09375 0.36041666666666666
0 0.3828125 0.5041666666666667 0.096875 0.36666666666666664
0 0.5 0.578125 0.2625 0.7770833333333333
0 0.459375 0.48854166666666665 0.025 0.08541666666666667
0 0.5109375 0.5125 0.03125 0.09583333333333334
0 0.54140625 0.5135416666666667 0.0296875 0.08958333333333333