0 0.934375 0.49166666666666664 0.040625 0.14583333333333334
0 0.21640625 0.50625 0.0546875 0.20833333333333334
0 0.90703125 0.4875 0.0453125 0.15833333333333333
0 0.34921875 0.496875 0.0546875 0.19791666666666666
0 0.77265625 0.490625 0.0484375 0.15208333333333332
0 0 0.0010416666666666667 0 0.0020833333333333333
0 0.6921875 0.5197916666666667 0.0625 0.21458333333333332
0 0.27109375 0.49895833333333334 0.0578125 0.21875
0 0.83671875 0.4822916666666667 0.0609375 0.19375
0 0.52421875 0.490625 0.0640625 0.21458333333333332
0 0.64453125 0.49583333333333335 0.0859375 0.32083333333333336
0 0.40703125 0.49375 0.0453125 0.15
0 0.934375 0.49166666666666664 0.040625 0.14583333333333334
0 0.21640625 0.50625 0.0546875 0.20833333333333334
0 0.90703125 0.4875 0.0453125 0.15833333333333333
0 0.34921875 0.496875 0.0546875 0.19791666666666666
0 0.77265625 0.490625 0.0484375 0.15208333333333332
0 0 0.0010416666666666667 0 0.0020833333333333333
0 0.6921875 0.5197916666666667 0.0625 0.21458333333333332
0 0.27109375 0.49895833333333334 0.0578125 0.21875
0 0.83671875 0.4822916666666667 0.0609375 0.19375
0 0.52421875 0.490625 0.0640625 0.21458333333333332
0 0.64453125 0.49583333333333335 0.0859375 0.32083333333333336
0 0.40703125 0.49375 0.0453125 0.15