0 0.2234375 0.5166666666666667 0.040625 0.12916666666666668
0 0.96171875 0.5385416666666667 0.0765625 0.21458333333333332
0 0.66953125 0.5302083333333333 0.0828125 0.26458333333333334
0 0.059375 0.5 0.11875 0.3416666666666667
0 0.001314697265625 0.0012282986111111112 0.00032958984375 0.0017708333333333332
0 0.5125 0.5833333333333334 0.3 0.7916666666666666
0 0.28984375 0.5083333333333333 0.0984375 0.37083333333333335
0 0.38125 0.5052083333333334 0.1 0.38125
0 0.4625 0.48854166666666665 0.025 0.08541666666666667
0 0.51328125 0.515625 0.0296875 0.09375
0 0.5421875 0.515625 0.028125 0.08958333333333333
0 0.2234375 0.5166666666666667 0.040625 0.12916666666666668
0 0.96171875 0.5385416666666667 0.0765625 0.21458333333333332
0 0.66953125 0.5302083333333333 0.0828125 0.26458333333333334
0 0.059375 0.5 0.11875 0.3416666666666667
0 0.001314697265625 0.0012282986111111112 0.00032958984375 0.0017708333333333332
0 0.5125 0.5833333333333334 0.3 0.7916666666666666
0 0.28984375 0.5083333333333333 0.0984375 0.37083333333333335
0 0.38125 0.5052083333333334 0.1 0.38125
0 0.4625 0.48854166666666665 0.025 0.08541666666666667
0 0.51328125 0.515625 0.0296875 0.09375
0 0.5421875 0.515625 0.028125 0.08958333333333333