0 0.97109375 0.5239583333333333 0.0578125 0.21875
0 0.45546875 0.5072916666666667 0.0265625 0.09375
0 0.22734375 0.5052083333333334 0.0390625 0.12708333333333333
0 0.66484375 0.515625 0.0765625 0.26875
0 0.5390625 0.575 0.290625 0.8208333333333333
0 0.059375 0.4875 0.11875 0.3458333333333333
0 0.83828125 0.5572916666666666 0.1984375 0.8270833333333333
0 0.378125 0.4979166666666667 0.103125 0.4
0 0.27265625 0.4979166666666667 0.1171875 0.3875
0 0.31796875 0.49895833333333334 0.0328125 0.12708333333333333
0 0.51640625 0.51875 0.0296875 0.09583333333333334
0 0.54296875 0.5197916666666667 0.0296875 0.08958333333333333
0 0.97109375 0.5239583333333333 0.0578125 0.21875
0 0.45546875 0.5072916666666667 0.0265625 0.09375
0 0.22734375 0.5052083333333334 0.0390625 0.12708333333333333
0 0.66484375 0.515625 0.0765625 0.26875
0 0.5390625 0.575 0.290625 0.8208333333333333
0 0.059375 0.4875 0.11875 0.3458333333333333
0 0.83828125 0.5572916666666666 0.1984375 0.8270833333333333
0 0.378125 0.4979166666666667 0.103125 0.4
0 0.27265625 0.4979166666666667 0.1171875 0.3875
0 0.31796875 0.49895833333333334 0.0328125 0.12708333333333333
0 0.51640625 0.51875 0.0296875 0.09583333333333334
0 0.54296875 0.5197916666666667 0.0296875 0.08958333333333333