0 0.3125 0.4979166666666667 0.034375 0.12916666666666668
0 0.97421875 0.528125 0.0515625 0.21875
0 0.503125 0.5083333333333333 0.03125 0.1
0 0.2234375 0.5041666666666667 0.040625 0.12916666666666668
0 0.45234375 0.509375 0.0265625 0.09375
0 0.559375 0.578125 0.278125 0.84375
0 0.05859375 0.4875 0.1171875 0.35
0 0.84140625 0.559375 0.2078125 0.8354166666666667
0 0.25546875 0.49895833333333334 0.1296875 0.40208333333333335
0 0.37109375 0.49895833333333334 0.1078125 0.41041666666666665
0 0.54296875 0.521875 0.0296875 0.08958333333333333
0 0.96015625 0.521875 0.0703125 0.21875
0 0.3125 0.4979166666666667 0.034375 0.12916666666666668
0 0.97421875 0.528125 0.0515625 0.21875
0 0.503125 0.5083333333333333 0.03125 0.1
0 0.2234375 0.5041666666666667 0.040625 0.12916666666666668
0 0.45234375 0.509375 0.0265625 0.09375
0 0.559375 0.578125 0.278125 0.84375
0 0.05859375 0.4875 0.1171875 0.35
0 0.84140625 0.559375 0.2078125 0.8354166666666667
0 0.25546875 0.49895833333333334 0.1296875 0.40208333333333335
0 0.37109375 0.49895833333333334 0.1078125 0.41041666666666665
0 0.54296875 0.521875 0.0296875 0.08958333333333333
0 0.96015625 0.521875 0.0703125 0.21875