0 0.3015625 0.4864583333333333 0.034375 0.12708333333333333
0 0.53203125 0.503125 0.0296875 0.09375
0 0.44453125 0.4979166666666667 0.0265625 0.09583333333333334
0 0.49375 0.49895833333333334 0.03125 0.10208333333333333
0 0.96015625 0.5166666666666667 0.0765625 0.21666666666666667
0 0.05703125 0.47291666666666665 0.1140625 0.3625
0 0.8296875 0.553125 0.2125 0.8354166666666667
0 0.000968017578125 0.0011827256944444446 0.00035888671875 0.0018880208333333333
0 0.3578125 0.49166666666666664 0.1125 0.4375
0 0.23515625 0.49270833333333336 0.1359375 0.42291666666666666
0 0.3015625 0.4864583333333333 0.034375 0.12708333333333333
0 0.53203125 0.503125 0.0296875 0.09375
0 0.44453125 0.4979166666666667 0.0265625 0.09583333333333334
0 0.49375 0.49895833333333334 0.03125 0.10208333333333333
0 0.96015625 0.5166666666666667 0.0765625 0.21666666666666667
0 0.05703125 0.47291666666666665 0.1140625 0.3625
0 0.8296875 0.553125 0.2125 0.8354166666666667
0 0.000968017578125 0.0011827256944444446 0.00035888671875 0.0018880208333333333
0 0.3578125 0.49166666666666664 0.1125 0.4375
0 0.23515625 0.49270833333333336 0.1359375 0.42291666666666666