0 0.9625 0.5145833333333333 0.075 0.22083333333333333
0 0.29375 0.48333333333333334 0.034375 0.125
0 0.528125 0.4979166666666667 0.03125 0.09583333333333334
0 0.440625 0.49375 0.028125 0.09583333333333334
0 0.4890625 0.49583333333333335 0.03125 0.1
0 0.81640625 0.5645833333333333 0.2109375 0.8541666666666666
0 0.0546875 0.46770833333333334 0.109375 0.36875
0 0.001043701171875 0.0011762152777777778 0.00034912109375000004 0.0019618055555555556
0 0.34765625 0.48541666666666666 0.1171875 0.4625
0 0.2171875 0.4895833333333333 0.134375 0.44583333333333336
0 0.9625 0.5145833333333333 0.075 0.22083333333333333
0 0.29375 0.48333333333333334 0.034375 0.125
0 0.528125 0.4979166666666667 0.03125 0.09583333333333334
0 0.440625 0.49375 0.028125 0.09583333333333334
0 0.4890625 0.49583333333333335 0.03125 0.1
0 0.81640625 0.5645833333333333 0.2109375 0.8541666666666666
0 0.0546875 0.46770833333333334 0.109375 0.36875
0 0.001043701171875 0.0011762152777777778 0.00034912109375000004 0.0019618055555555556
0 0.34765625 0.48541666666666666 0.1171875 0.4625
0 0.2171875 0.4895833333333333 0.134375 0.44583333333333336