0 0.4875 0.49583333333333335 0.03125 0.1
0 0.5265625 0.4979166666666667 0.03125 0.09583333333333334
0 0.440625 0.49583333333333335 0.028125 0.09583333333333334
0 0.81484375 0.5739583333333333 0.2203125 0.8520833333333333
0 0.0011218261718750002 0.0012044270833333334 0.00042724609375 0.0020876736111111113
0 0.0546875 0.46875 0.109375 0.375
0 0.203125 0.4875 0.13125 0.4708333333333333
0 0.33984375 0.48125 0.1265625 0.4875
0 0.6109375 0.5 0.1 0.2833333333333333
0 0.28671875 0.4791666666666667 0.0328125 0.125
0 0.4875 0.49583333333333335 0.03125 0.1
0 0.5265625 0.4979166666666667 0.03125 0.09583333333333334
0 0.440625 0.49583333333333335 0.028125 0.09583333333333334
0 0.81484375 0.5739583333333333 0.2203125 0.8520833333333333
0 0.0011218261718750002 0.0012044270833333334 0.00042724609375 0.0020876736111111113
0 0.0546875 0.46875 0.109375 0.375
0 0.203125 0.4875 0.13125 0.4708333333333333
0 0.33984375 0.48125 0.1265625 0.4875
0 0.6109375 0.5 0.1 0.2833333333333333
0 0.28671875 0.4791666666666667 0.0328125 0.125