0 0.29140625 0.4864583333333333 0.0390625 0.13541666666666666
0 0.5265625 0.5010416666666667 0.03125 0.09791666666666667
0 0.4859375 0.4979166666666667 0.03125 0.10416666666666667
0 0.8203125 0.5552083333333333 0.23125 0.8145833333333333
0 0.440625 0.49895833333333334 0.028125 0.09791666666666667
0 0.05 0.47708333333333336 0.1 0.38333333333333336
0 0.6125 0.5041666666666667 0.103125 0.2916666666666667
0 0.00120361328125 0.0012196180555555556 0.0005712890625 0.002144097222222222
0 0.33125 0.484375 0.1375 0.50625
0 0.19140625 0.4895833333333333 0.1296875 0.49166666666666664
0 0.29140625 0.4864583333333333 0.0390625 0.13541666666666666
0 0.5265625 0.5010416666666667 0.03125 0.09791666666666667
0 0.4859375 0.4979166666666667 0.03125 0.10416666666666667
0 0.8203125 0.5552083333333333 0.23125 0.8145833333333333
0 0.440625 0.49895833333333334 0.028125 0.09791666666666667
0 0.05 0.47708333333333336 0.1 0.38333333333333336
0 0.6125 0.5041666666666667 0.103125 0.2916666666666667
0 0.00120361328125 0.0012196180555555556 0.0005712890625 0.002144097222222222
0 0.33125 0.484375 0.1375 0.50625
0 0.19140625 0.4895833333333333 0.1296875 0.49166666666666664