0 0.47890625 0.49583333333333335 0.0328125 0.10833333333333334
0 0.5203125 0.5 0.03125 0.09583333333333334
0 0.4359375 0.4979166666666667 0.028125 0.09583333333333334
0 0.0515625 0.48020833333333335 0.103125 0.38958333333333334
0 0.0012561035156250001 0.001252170138888889 0.00058837890625 0.0022873263888888887
0 0.16171875 0.490625 0.1328125 0.53125
0 0.6046875 0.503125 0.103125 0.3020833333333333
0 0.3171875 0.4864583333333333 0.146875 0.54375
0 0.821875 0.5552083333333333 0.23125 0.8145833333333333
0 0.2078125 0.49166666666666664 0.0375 0.13333333333333333
0 0.47890625 0.49583333333333335 0.0328125 0.10833333333333334
0 0.5203125 0.5 0.03125 0.09583333333333334
0 0.4359375 0.4979166666666667 0.028125 0.09583333333333334
0 0.0515625 0.48020833333333335 0.103125 0.38958333333333334
0 0.0012561035156250001 0.001252170138888889 0.00058837890625 0.0022873263888888887
0 0.16171875 0.490625 0.1328125 0.53125
0 0.6046875 0.503125 0.103125 0.3020833333333333
0 0.3171875 0.4864583333333333 0.146875 0.54375
0 0.821875 0.5552083333333333 0.23125 0.8145833333333333
0 0.2078125 0.49166666666666664 0.0375 0.13333333333333333