0 0.47109375 0.49583333333333335 0.0328125 0.10833333333333334
0 0.4296875 0.49895833333333334 0.028125 0.09791666666666667
0 0.51484375 0.5010416666666667 0.0296875 0.09791666666666667
0 0.2015625 0.49375 0.040625 0.12916666666666668
0 0.0013049316406250002 0.00125 0.0006079101562499999 0.0023697916666666667
0 0.78984375 0.5239583333333333 0.2015625 0.7729166666666667
0 0.04921875 0.48125 0.0984375 0.3958333333333333
0 0.13984375 0.49375 0.1421875 0.5583333333333333
0 0.59453125 0.503125 0.0953125 0.3020833333333333
0 0.30390625 0.4875 0.1546875 0.5708333333333333
0 0.47109375 0.49583333333333335 0.0328125 0.10833333333333334
0 0.4296875 0.49895833333333334 0.028125 0.09791666666666667
0 0.51484375 0.5010416666666667 0.0296875 0.09791666666666667
0 0.2015625 0.49375 0.040625 0.12916666666666668
0 0.0013049316406250002 0.00125 0.0006079101562499999 0.0023697916666666667
0 0.78984375 0.5239583333333333 0.2015625 0.7729166666666667
0 0.04921875 0.48125 0.0984375 0.3958333333333333
0 0.13984375 0.49375 0.1421875 0.5583333333333333
0 0.59453125 0.503125 0.0953125 0.3020833333333333
0 0.30390625 0.4875 0.1546875 0.5708333333333333