0 0.19375 0.49166666666666664 0.04375 0.1375
0 0.46484375 0.5010416666666667 0.0296875 0.10625
0 0.001414794921875 0.00119140625 0.0006176757812500001 0.002348090277777778
0 0.50859375 0.5020833333333333 0.0328125 0.1
0 0.4234375 0.5 0.028125 0.1
0 0.04453125 0.484375 0.0890625 0.41041666666666665
0 0.57265625 0.5041666666666667 0.0890625 0.30833333333333335
0 0.7875 0.5375 0.190625 0.7833333333333333
0 0.1078125 0.503125 0.153125 0.5979166666666667
0 0.28515625 0.503125 0.1671875 0.61875
0 0.19375 0.49166666666666664 0.04375 0.1375
0 0.46484375 0.5010416666666667 0.0296875 0.10625
0 0.001414794921875 0.00119140625 0.0006176757812500001 0.002348090277777778
0 0.50859375 0.5020833333333333 0.0328125 0.1
0 0.4234375 0.5 0.028125 0.1
0 0.04453125 0.484375 0.0890625 0.41041666666666665
0 0.57265625 0.5041666666666667 0.0890625 0.30833333333333335
0 0.7875 0.5375 0.190625 0.7833333333333333
0 0.1078125 0.503125 0.153125 0.5979166666666667
0 0.28515625 0.503125 0.1671875 0.61875