0 0.9328125 0.49375 0.040625 0.14583333333333334
0 0.90625 0.4875 0.046875 0.15833333333333333
0 0.77109375 0.4895833333333333 0.0484375 0.15416666666666667
0 0 0.0010416666666666667 0 0.0020833333333333333
0 0.68671875 0.5197916666666667 0.0609375 0.21875
0 0.35078125 0.496875 0.0578125 0.19791666666666666
0 0.83515625 0.48333333333333334 0.0609375 0.19583333333333333
0 0.52265625 0.49166666666666664 0.0640625 0.21666666666666667
0 0.63984375 0.496875 0.0921875 0.32708333333333334
0 0.403125 0.5020833333333333 0.046875 0.15
0 0.21484375 0.50625 0.0546875 0.20833333333333334
0 0.27109375 0.49895833333333334 0.0578125 0.21875
0 0.9328125 0.49375 0.040625 0.14583333333333334
0 0.90625 0.4875 0.046875 0.15833333333333333
0 0.77109375 0.4895833333333333 0.0484375 0.15416666666666667
0 0 0.0010416666666666667 0 0.0020833333333333333
0 0.68671875 0.5197916666666667 0.0609375 0.21875
0 0.35078125 0.496875 0.0578125 0.19791666666666666
0 0.83515625 0.48333333333333334 0.0609375 0.19583333333333333
0 0.52265625 0.49166666666666664 0.0640625 0.21666666666666667
0 0.63984375 0.496875 0.0921875 0.32708333333333334
0 0.403125 0.5020833333333333 0.046875 0.15
0 0.21484375 0.50625 0.0546875 0.20833333333333334
0 0.27109375 0.49895833333333334 0.0578125 0.21875